1.118964e+07 3.170979e-07 1.233751e+10
1.117069e+07 6.341958e-07 1.230039e+10
1.115231e+07 9.512938e-07 1.226447e+10
1.113449e+07 1.268392e-06 1.222966e+10
1.111719e+07 1.585490e-06 1.219591e+10
1.110038e+07 1.902588e-06 1.216315e+10
1.108404e+07 2.219685e-06 1.213134e+10
1.106814e+07 2.536783e-06 1.210044e+10
1.105267e+07 2.853881e-06 1.207040e+10
1.103760e+07 3.170979e-06 1.204116e+10
1.102291e+07 3.488077e-06 1.201270e+10
1.100858e+07 3.805175e-06 1.198497e+10
1.099460e+07 4.122273e-06 1.195793e+10
1.098095e+07 4.439371e-06 1.193156e+10
1.096762e+07 4.756469e-06 1.190582e+10
1.095458e+07 5.073567e-06 1.188069e+10
1.094184e+07 5.390665e-06 1.185614e+10
1.092937e+07 5.707763e-06 1.183214e+10
1.091716e+07 6.024860e-06 1.180867e+10
1.090521e+07 6.341958e-06 1.178571e+10
1.089351e+07 6.659056e-06 1.176323e+10
1.088203e+07 6.976154e-06 1.174122e+10
1.087078e+07 7.293252e-06 1.171966e+10
1.085975e+07 7.610350e-06 1.169853e+10
1.084893e+07 7.927448e-06 1.167782e+10
1.083831e+07 8.244546e-06 1.165751e+10
1.082788e+07 8.561644e-06 1.163758e+10
1.081764e+07 8.878742e-06 1.161802e+10
1.080757e+07 9.195840e-06 1.159883e+10
1.079769e+07 9.512938e-06 1.157998e+10
1.078797e+07 9.830036e-06 1.156146e+10
1.077841e+07 1.014713e-05 1.154327e+10
1.076901e+07 1.046423e-05 1.152539e+10
1.075977e+07 1.078133e-05 1.150781e+10
1.075067e+07 1.109843e-05 1.149052e+10
1.074172e+07 1.141553e-05 1.147352e+10
1.073290e+07 1.173262e-05 1.145679e+10
1.072422e+07 1.204972e-05 1.144033e+10
1.071567e+07 1.236682e-05 1.142413e+10
1.070725e+07 1.268392e-05 1.140818e+10
1.069895e+07 1.300101e-05 1.139247e+10
1.069078e+07 1.331811e-05 1.137700e+10
1.068272e+07 1.363521e-05 1.136176e+10
1.067477e+07 1.395231e-05 1.134674e+10
1.066693e+07 1.426941e-05 1.133194e+10
1.065920e+07 1.458650e-05 1.131735e+10
1.065157e+07 1.490360e-05 1.130297e+10
1.064405e+07 1.522070e-05 1.128878e+10
1.063663e+07 1.553780e-05 1.127480e+10
1.062930e+07 1.585490e-05 1.126100e+10
1.062207e+07 1.617199e-05 1.124738e+10
1.061493e+07 1.648909e-05 1.123395e+10
1.060787e+07 1.680619e-05 1.122069e+10
1.060091e+07 1.712329e-05 1.120760e+10
1.059403e+07 1.744039e-05 1.119468e+10
1.058724e+07 1.775748e-05 1.118192e+10
1.058052e+07 1.807458e-05 1.116933e+10
1.057389e+07 1.839168e-05 1.115688e+10
1.056733e+07 1.870878e-05 1.114459e+10
1.056085e+07 1.902588e-05 1.113245e+10
1.055445e+07 1.934297e-05 1.112045e+10
1.054811e+07 1.966007e-05 1.110860e+10
1.054185e+07 1.997717e-05 1.109688e+10
1.053566e+07 2.029427e-05 1.108529e+10
1.052953e+07 2.061136e-05 1.107384e+10
1.052346e+07 2.092846e-05 1.106250e+10
1.051746e+07 2.124556e-05 1.105129e+10
1.051152e+07 2.156266e-05 1.104020e+10
1.050564e+07 2.187976e-05 1.102923e+10
1.049982e+07 2.219685e-05 1.101837e+10
1.049405e+07 2.251395e-05 1.100762e+10
1.048835e+07 2.283105e-05 1.099698e+10
1.048270e+07 2.314815e-05 1.098646e+10
1.047710e+07 2.346525e-05 1.097604e+10
1.047156e+07 2.378234e-05 1.096572e+10
1.046607e+07 2.409944e-05 1.095550e+10
1.046063e+07 2.441654e-05 1.094539e+10
1.045524e+07 2.473364e-05 1.093538e+10
1.044991e+07 2.505074e-05 1.092546e+10
1.044462e+07 2.536783e-05 1.091563e+10
1.043938e+07 2.568493e-05 1.090590e+10
1.043418e+07 2.600203e-05 1.089626e+10
1.042904e+07 2.631913e-05 1.088671e+10
1.042394e+07 2.663623e-05 1.087725e+10
1.041888e+07 2.695332e-05 1.086788e+10
1.041387e+07 2.727042e-05 1.085859e+10
1.037528e+07 2.980720e-05 1.078719e+10
1.032616e+07 3.329528e-05 1.069660e+10
1.028104e+07 3.678336e-05 1.061368e+10
1.023208e+07 4.090563e-05 1.052401e+10
1.018052e+07 4.566210e-05 1.042996e+10
1.013042e+07 5.073567e-05 1.033891e+10
1.007907e+07 5.644343e-05 1.024596e+10
1.002720e+07 6.278539e-05 1.015245e+10
9.975273e+06 6.976154e-05 1.005920e+10
9.923366e+06 7.737189e-05 9.966363e+09
9.868031e+06 8.625063e-05 9.867813e+09
9.813972e+06 9.576357e-05 9.771949e+09
9.758152e+06 1.065449e-04 9.673392e+09
9.701459e+06 1.185946e-04 9.573740e+09
9.645822e+06 1.315956e-04 9.476385e+09
9.587590e+06 1.464992e-04 9.374955e+09
9.528891e+06 1.629883e-04 9.273194e+09
9.470185e+06 1.810629e-04 9.171908e+09
9.409456e+06 2.013572e-04 9.067643e+09
9.346601e+06 2.241882e-04 8.960278e+09
9.283259e+06 2.492390e-04 8.852647e+09
9.218527e+06 2.771436e-04 8.743243e+09
9.152418e+06 3.082192e-04 8.632125e+09
9.084536e+06 3.427829e-04 8.518674e+09
9.015034e+06 3.811517e-04 8.403198e+09
8.942958e+06 4.239599e-04 8.284172e+09
8.868070e+06 4.715246e-04 8.161291e+09
8.790257e+06 5.244800e-04 8.034462e+09
8.709946e+06 5.831431e-04 7.904472e+09
8.625889e+06 6.487823e-04 7.769413e+09
8.538778e+06 7.213978e-04 7.630524e+09
8.447356e+06 8.022577e-04 7.485939e+09
8.351292e+06 8.923135e-04 7.335319e+09
8.250696e+06 9.925165e-04 7.179029e+09
8.122908e+06 1.126966e-03 6.982619e+09
8.009954e+06 1.253805e-03 6.810996e+09
7.903118e+06 1.380644e-03 6.650390e+09
7.777532e+06 1.539193e-03 6.463744e+09
7.659833e+06 1.697742e-03 6.290932e+09
7.527408e+06 1.888001e-03 6.098951e+09
7.383626e+06 2.109970e-03 5.893458e+09
7.250045e+06 2.331938e-03 5.705310e+09
7.108404e+06 2.585616e-03 5.508731e+09
6.945785e+06 2.902714e-03 5.286763e+09
6.797131e+06 3.219812e-03 5.087359e+09
6.647570e+06 3.568620e-03 4.890117e+09
6.487011e+06 3.980847e-03 4.682173e+09
6.330867e+06 4.424784e-03 4.483745e+09
6.179787e+06 4.900431e-03 4.295341e+09
6.025808e+06 5.439498e-03 4.106970e+09
5.864207e+06 6.073694e-03 3.913259e+09
5.713486e+06 6.739599e-03 3.736292e+09
5.560618e+06 7.500634e-03 3.560471e+09
5.414354e+06 8.325089e-03 3.395726e+09
5.265760e+06 9.276383e-03 3.231863e+09
5.122101e+06 1.032281e-02 3.076806e+09
4.969636e+06 1.159120e-02 2.915892e+09
4.837808e+06 1.285959e-02 2.779816e+09
4.695655e+06 1.444508e-02 2.636279e+09
4.573455e+06 1.603057e-02 2.515560e+09
4.467053e+06 1.761606e-02 2.412467e+09
4.355940e+06 1.951865e-02 2.306830e+09
4.244325e+06 2.173833e-02 2.202805e+09
4.135463e+06 2.427511e-02 2.103374e+09
4.042079e+06 2.681190e-02 2.019686e+09
3.942336e+06 2.998288e-02 1.931911e+09
3.849285e+06 3.347095e-02 1.851557e+09
3.769907e+06 3.695903e-02 1.784193e+09
3.689568e+06 4.108130e-02 1.717130e+09
3.611045e+06 4.583777e-02 1.652673e+09
3.540104e+06 5.091134e-02 1.595369e+09
3.472335e+06 5.661910e-02 1.541456e+09
3.408698e+06 6.296106e-02 1.491570e+09
3.349417e+06 6.993721e-02 1.445746e+09
3.292492e+06 7.786466e-02 1.402335e+09
3.240705e+06 8.642631e-02 1.363345e+09
3.190629e+06 9.625634e-02 1.326102e+09
3.134105e+06 1.095745e-01 1.284607e+09
3.100233e+06 1.190874e-01 1.260018e+09
3.052969e+06 1.349423e-01 1.226010e+09
3.021466e+06 1.476262e-01 1.203569e+09
2.988096e+06 1.634811e-01 1.179995e+09
2.954930e+06 1.825070e-01 1.156769e+09
2.923380e+06 2.047038e-01 1.134863e+09
2.897593e+06 2.269007e-01 1.117094e+09
2.873450e+06 2.522685e-01 1.100570e+09
2.851453e+06 2.808073e-01 1.085609e+09
2.833666e+06 3.093461e-01 1.073577e+09
2.816263e+06 3.442269e-01 1.061862e+09
2.800283e+06 3.854496e-01 1.051154e+09
2.787940e+06 4.266724e-01 1.042916e+09
2.776955e+06 4.742371e-01 1.035608e+09
2.767506e+06 5.281437e-01 1.029340e+09
2.759558e+06 5.883923e-01 1.024081e+09
2.753216e+06 6.518119e-01 1.019893e+09
2.747640e+06 7.247444e-01 1.016216e+09
2.742792e+06 8.071899e-01 1.013025e+09
2.738681e+06 8.959773e-01 1.010323e+09
2.734883e+06 9.974486e-01 1.007828e+09
2.730495e+06 1.127459e+00 1.004950e+09
2.726936e+06 1.254298e+00 1.002618e+09
2.723892e+06 1.381137e+00 1.000626e+09
2.720617e+06 1.539686e+00 9.984836e+08
2.717746e+06 1.698235e+00 9.966079e+08
2.714675e+06 1.888494e+00 9.946032e+08
2.711463e+06 2.110462e+00 9.925082e+08
2.708554e+06 2.332431e+00 9.906124e+08
2.705167e+06 2.617819e+00 9.884068e+08
2.702093e+06 2.903207e+00 9.864075e+08
2.698975e+06 3.220305e+00 9.843812e+08
2.695831e+06 3.569113e+00 9.823393e+08
2.692427e+06 3.981340e+00 9.801314e+08
2.689066e+06 4.425277e+00 9.779534e+08
2.685538e+06 4.932634e+00 9.756694e+08
2.682087e+06 5.471700e+00 9.734373e+08
2.678521e+06 6.074186e+00 9.711335e+08
2.674704e+06 6.771802e+00 9.686700e+08
2.670850e+06 7.532837e+00 9.661848e+08
2.666972e+06 8.357291e+00 9.636881e+08
2.662803e+06 9.308585e+00 9.610063e+08
2.656029e+06 1.064040e+01 9.566563e+08
2.652292e+06 1.159169e+01 9.542604e+08
2.647596e+06 1.286008e+01 9.512529e+08
2.641881e+06 1.444557e+01 9.475988e+08
2.636162e+06 1.603106e+01 9.439485e+08
2.630296e+06 1.761655e+01 9.402104e+08
2.621602e+06 1.983624e+01 9.346826e+08
2.612115e+06 2.205592e+01 9.286668e+08
2.601600e+06 2.427561e+01 9.220191e+08
2.586301e+06 2.712949e+01 9.123840e+08
2.568795e+06 2.998337e+01 9.014135e+08
2.544229e+06 3.347145e+01 8.861172e+08
2.513279e+06 3.727662e+01 8.670090e+08
2.474991e+06 4.139889e+01 8.436239e+08
2.428568e+06 4.583827e+01 8.156470e+08
2.366822e+06 5.122893e+01 7.790406e+08
2.297220e+06 5.693669e+01 7.386082e+08
2.219098e+06 6.327865e+01 6.943587e+08
2.136362e+06 7.025481e+01 6.488131e+08
2.050388e+06 7.818225e+01 6.029304e+08
1.969690e+06 8.674390e+01 5.612165e+08
1.893147e+06 9.657393e+01 5.228715e+08
1.827104e+06 1.073553e+02 4.906981e+08
1.771473e+06 1.194050e+02 4.642145e+08
1.726302e+06 1.327231e+02 4.431898e+08
1.689483e+06 1.476267e+02 4.263725e+08
1.659431e+06 1.641158e+02 4.128598e+08
1.633903e+06 1.825075e+02 4.015334e+08
1.611269e+06 2.031188e+02 3.916074e+08
1.590714e+06 2.259499e+02 3.826885e+08
1.571699e+06 2.510006e+02 3.745191e+08
1.553340e+06 2.792223e+02 3.667058e+08
1.534476e+06 3.128347e+02 3.587533e+08
1.517560e+06 3.477155e+02 3.516880e+08
1.501351e+06 3.857672e+02 3.449764e+08
1.484791e+06 4.301609e+02 3.381786e+08
1.469240e+06 4.777256e+02 3.318492e+08
1.454599e+06 5.284613e+02 3.259393e+08
1.439260e+06 5.887099e+02 3.197977e+08
1.424408e+06 6.553005e+02 3.138684e+08
1.410154e+06 7.282330e+02 3.081774e+08
1.395909e+06 8.106784e+02 3.025370e+08
1.382320e+06 8.994659e+02 2.972004e+08
1.368687e+06 1.000000e+03 2.918891e+08
1.368675e+06 1.000095e+03 2.918846e+08
1.368664e+06 1.000191e+03 2.918800e+08
1.368659e+06 1.000286e+03 2.918780e+08
1.368678e+06 1.000382e+03 2.918857e+08
1.368744e+06 1.000477e+03 2.919112e+08
1.368869e+06 1.000573e+03 2.919597e+08
1.369059e+06 1.000668e+03 2.920336e+08
1.369315e+06 1.000764e+03 2.921329e+08
1.369633e+06 1.000859e+03 2.922564e+08
1.370008e+06 1.000955e+03 2.924019e+08
1.370438e+06 1.001051e+03 2.925688e+08
1.370906e+06 1.001146e+03 2.927506e+08
1.371411e+06 1.001241e+03 2.929470e+08
1.371957e+06 1.001338e+03 2.931592e+08
1.372521e+06 1.001433e+03 2.933782e+08
1.373106e+06 1.001528e+03 2.936057e+08
1.373708e+06 1.001623e+03 2.938399e+08
1.374333e+06 1.001720e+03 2.940836e+08
1.374959e+06 1.001815e+03 2.943273e+08
1.375593e+06 1.001910e+03 2.945741e+08
1.376242e+06 1.002007e+03 2.948272e+08
1.376884e+06 1.002102e+03 2.950773e+08
1.377527e+06 1.002197e+03 2.953281e+08
1.378170e+06 1.002292e+03 2.955789e+08
1.378822e+06 1.002389e+03 2.958333e+08
1.379461e+06 1.002484e+03 2.960827e+08
1.380096e+06 1.002579e+03 2.963308e+08
1.380737e+06 1.002676e+03 2.965814e+08
1.381363e+06 1.002771e+03 2.968261e+08
1.381984e+06 1.002866e+03 2.970687e+08
1.382609e+06 1.002963e+03 2.973132e+08
1.383217e+06 1.003058e+03 2.975513e+08
1.383819e+06 1.003153e+03 2.977870e+08
1.384425e+06 1.003250e+03 2.980240e+08
1.385013e+06 1.003345e+03 2.982546e+08
1.385605e+06 1.003442e+03 2.984863e+08
1.386179e+06 1.003537e+03 2.987115e+08
1.386747e+06 1.003632e+03 2.989341e+08
1.387317e+06 1.003729e+03 2.991576e+08
1.387870e+06 1.003824e+03 2.993748e+08
1.388426e+06 1.003921e+03 2.995928e+08
1.388965e+06 1.004016e+03 2.998045e+08
1.389497e+06 1.004111e+03 3.000136e+08
1.390032e+06 1.004208e+03 3.002235e+08
1.390550e+06 1.004303e+03 3.004274e+08
1.391071e+06 1.004400e+03 3.006320e+08
1.391576e+06 1.004495e+03 3.008307e+08
1.392083e+06 1.004591e+03 3.010302e+08
1.392575e+06 1.004687e+03 3.012239e+08
1.393069e+06 1.004783e+03 3.014183e+08
1.393549e+06 1.004878e+03 3.016072e+08
1.394023e+06 1.004974e+03 3.017937e+08
1.394498e+06 1.005070e+03 3.019810e+08
1.394960e+06 1.005165e+03 3.021629e+08
1.395423e+06 1.005262e+03 3.023456e+08
1.395873e+06 1.005357e+03 3.025230e+08
1.396325e+06 1.005454e+03 3.027013e+08
1.396764e+06 1.005549e+03 3.028744e+08
1.397205e+06 1.005646e+03 3.030484e+08
1.397634e+06 1.005741e+03 3.032174e+08
1.398064e+06 1.005838e+03 3.033872e+08
1.398482e+06 1.005933e+03 3.035523e+08
1.398902e+06 1.006029e+03 3.037181e+08
1.399316e+06 1.006126e+03 3.038820e+08
1.399720e+06 1.006221e+03 3.040413e+08
1.400125e+06 1.006318e+03 3.042014e+08
1.400518e+06 1.006413e+03 3.043571e+08
1.400914e+06 1.006510e+03 3.045136e+08
1.401299e+06 1.006605e+03 3.046657e+08
1.401686e+06 1.006702e+03 3.048187e+08
1.402062e+06 1.006797e+03 3.049675e+08
1.402440e+06 1.006894e+03 3.051171e+08
1.402814e+06 1.006990e+03 3.052651e+08
1.403177e+06 1.007085e+03 3.054090e+08
1.403543e+06 1.007182e+03 3.055538e+08
1.403898e+06 1.007277e+03 3.056946e+08
1.404256e+06 1.007374e+03 3.058363e+08
1.404609e+06 1.007471e+03 3.059765e+08
1.404954e+06 1.007566e+03 3.061129e+08
1.405300e+06 1.007662e+03 3.062501e+08
1.405642e+06 1.007759e+03 3.063859e+08
1.405975e+06 1.007854e+03 3.065181e+08
1.406311e+06 1.007951e+03 3.066511e+08
1.406643e+06 1.008048e+03 3.067827e+08
1.406966e+06 1.008143e+03 3.069109e+08
1.407291e+06 1.008240e+03 3.070399e+08
1.407612e+06 1.008336e+03 3.071676e+08
1.407925e+06 1.008431e+03 3.072919e+08
1.408241e+06 1.008528e+03 3.074171e+08
1.408553e+06 1.008625e+03 3.075410e+08
1.408856e+06 1.008720e+03 3.076617e+08
1.409162e+06 1.008817e+03 3.077832e+08
1.409465e+06 1.008913e+03 3.079036e+08
1.409760e+06 1.009009e+03 3.080208e+08
1.410057e+06 1.009105e+03 3.081388e+08
1.410351e+06 1.009202e+03 3.082558e+08
1.410642e+06 1.009299e+03 3.083716e+08
1.410926e+06 1.009394e+03 3.084844e+08
1.411212e+06 1.009491e+03 3.085980e+08
1.411494e+06 1.009587e+03 3.087106e+08
1.411775e+06 1.009684e+03 3.088222e+08
1.412048e+06 1.009779e+03 3.089308e+08
1.412323e+06 1.009876e+03 3.090403e+08
1.412595e+06 1.009973e+03 3.091488e+08
1.412870e+06 1.010071e+03 3.092581e+08
1.413133e+06 1.010166e+03 3.093629e+08
1.413394e+06 1.010261e+03 3.094667e+08
1.413661e+06 1.010359e+03 3.095731e+08
1.413916e+06 1.010455e+03 3.096750e+08
1.414179e+06 1.010553e+03 3.097795e+08
1.414430e+06 1.010648e+03 3.098797e+08
1.414679e+06 1.010743e+03 3.099790e+08
1.414934e+06 1.010841e+03 3.100807e+08
1.415179e+06 1.010937e+03 3.101782e+08
1.415429e+06 1.011035e+03 3.102782e+08
1.415670e+06 1.011130e+03 3.103741e+08
1.415908e+06 1.011225e+03 3.104691e+08
1.416152e+06 1.011323e+03 3.105665e+08
1.416387e+06 1.011419e+03 3.106600e+08
1.416626e+06 1.011517e+03 3.107557e+08
1.416857e+06 1.011612e+03 3.108476e+08
1.417092e+06 1.011710e+03 3.109417e+08
1.417319e+06 1.011805e+03 3.110320e+08
1.417550e+06 1.011904e+03 3.111246e+08
1.417773e+06 1.011999e+03 3.112134e+08
1.417993e+06 1.012094e+03 3.113015e+08
1.418219e+06 1.012192e+03 3.113917e+08
1.418436e+06 1.012287e+03 3.114784e+08
1.418658e+06 1.012386e+03 3.115672e+08
1.418872e+06 1.012481e+03 3.116524e+08
1.419090e+06 1.012579e+03 3.117397e+08
1.419300e+06 1.012674e+03 3.118235e+08
1.419515e+06 1.012773e+03 3.119095e+08
1.419721e+06 1.012868e+03 3.119919e+08
1.419933e+06 1.012966e+03 3.120765e+08
1.420136e+06 1.013061e+03 3.121576e+08
1.420344e+06 1.013159e+03 3.122408e+08
1.420543e+06 1.013255e+03 3.123207e+08
1.420748e+06 1.013353e+03 3.124025e+08
1.420944e+06 1.013448e+03 3.124811e+08
1.421139e+06 1.013543e+03 3.125591e+08
1.421339e+06 1.013641e+03 3.126391e+08
1.421531e+06 1.013737e+03 3.127158e+08
1.421727e+06 1.013835e+03 3.127945e+08
1.421923e+06 1.013933e+03 3.128726e+08
1.422110e+06 1.014028e+03 3.129476e+08
1.422302e+06 1.014127e+03 3.130245e+08
1.422486e+06 1.014222e+03 3.130983e+08
1.422675e+06 1.014320e+03 3.131740e+08
1.422857e+06 1.014415e+03 3.132466e+08
1.423043e+06 1.014513e+03 3.133212e+08
1.423221e+06 1.014609e+03 3.133927e+08
1.423404e+06 1.014707e+03 3.134661e+08
1.423580e+06 1.014802e+03 3.135366e+08
1.423761e+06 1.014900e+03 3.136089e+08
1.423934e+06 1.014995e+03 3.136783e+08
1.424112e+06 1.015094e+03 3.137495e+08
1.424282e+06 1.015189e+03 3.138179e+08
1.424457e+06 1.015287e+03 3.138880e+08
1.424625e+06 1.015382e+03 3.139553e+08
1.424797e+06 1.015481e+03 3.140244e+08
1.424968e+06 1.015579e+03 3.140929e+08
1.425132e+06 1.015674e+03 3.141587e+08
1.425301e+06 1.015772e+03 3.142263e+08
1.425462e+06 1.015867e+03 3.142911e+08
1.425628e+06 1.015966e+03 3.143576e+08
1.425787e+06 1.016061e+03 3.144215e+08
1.425951e+06 1.016159e+03 3.144871e+08
1.426108e+06 1.016254e+03 3.145500e+08
1.426269e+06 1.016353e+03 3.146146e+08
1.426428e+06 1.016451e+03 3.146787e+08
1.426582e+06 1.016546e+03 3.147403e+08
1.426739e+06 1.016644e+03 3.148034e+08
1.426890e+06 1.016739e+03 3.148641e+08
1.427045e+06 1.016838e+03 3.149263e+08
1.427199e+06 1.016936e+03 3.149881e+08
1.427347e+06 1.017031e+03 3.150475e+08
1.427498e+06 1.017129e+03 3.151083e+08
1.427644e+06 1.017225e+03 3.151668e+08
1.427793e+06 1.017323e+03 3.152268e+08
1.427942e+06 1.017421e+03 3.152864e+08
1.428084e+06 1.017516e+03 3.153436e+08
1.428230e+06 1.017615e+03 3.154023e+08
1.428371e+06 1.017710e+03 3.154587e+08
1.428515e+06 1.017808e+03 3.155166e+08
1.428658e+06 1.017906e+03 3.155740e+08
1.428795e+06 1.018001e+03 3.156292e+08
1.428936e+06 1.018100e+03 3.156858e+08
1.429076e+06 1.018198e+03 3.157420e+08
1.429210e+06 1.018293e+03 3.157960e+08
1.429348e+06 1.018392e+03 3.158514e+08
1.429484e+06 1.018490e+03 3.159064e+08
1.429616e+06 1.018585e+03 3.159593e+08
1.429751e+06 1.018683e+03 3.160135e+08
1.429880e+06 1.018778e+03 3.160656e+08
1.430013e+06 1.018877e+03 3.161190e+08
1.430145e+06 1.018975e+03 3.161721e+08
1.430272e+06 1.019070e+03 3.162231e+08
1.430404e+06 1.019168e+03 3.162754e+08
1.430535e+06 1.019267e+03 3.163273e+08
1.430661e+06 1.019362e+03 3.163772e+08
1.430790e+06 1.019460e+03 3.164284e+08
1.430918e+06 1.019558e+03 3.164792e+08
1.431041e+06 1.019654e+03 3.165281e+08
1.431167e+06 1.019752e+03 3.165782e+08
1.431292e+06 1.019850e+03 3.166279e+08
1.431413e+06 1.019945e+03 3.166757e+08
1.431536e+06 1.020044e+03 3.167248e+08
1.431659e+06 1.020142e+03 3.167735e+08
1.431781e+06 1.020240e+03 3.168218e+08
1.431898e+06 1.020335e+03 3.168683e+08
1.432018e+06 1.020434e+03 3.169160e+08
1.432137e+06 1.020532e+03 3.169633e+08
1.432252e+06 1.020627e+03 3.170088e+08
1.432369e+06 1.020725e+03 3.170555e+08
1.432486e+06 1.020824e+03 3.171018e+08
1.432602e+06 1.020922e+03 3.171478e+08
1.432713e+06 1.021017e+03 3.171921e+08
1.432827e+06 1.021115e+03 3.172375e+08
1.432941e+06 1.021214e+03 3.172825e+08
1.433050e+06 1.021309e+03 3.173258e+08
1.433162e+06 1.021407e+03 3.173703e+08
1.433273e+06 1.021505e+03 3.174144e+08
1.433383e+06 1.021604e+03 3.174582e+08
1.433489e+06 1.021699e+03 3.175003e+08
1.433597e+06 1.021797e+03 3.175435e+08
1.433705e+06 1.021895e+03 3.175864e+08
1.433813e+06 1.021994e+03 3.176290e+08
1.433916e+06 1.022089e+03 3.176699e+08
1.434021e+06 1.022187e+03 3.177119e+08
1.434126e+06 1.022285e+03 3.177536e+08
1.434230e+06 1.022384e+03 3.177951e+08
1.434330e+06 1.022479e+03 3.178349e+08
1.434433e+06 1.022577e+03 3.178757e+08
1.434535e+06 1.022675e+03 3.179163e+08
1.434636e+06 1.022774e+03 3.179566e+08
1.434734e+06 1.022869e+03 3.179953e+08
1.434834e+06 1.022967e+03 3.180350e+08
1.434933e+06 1.023066e+03 3.180744e+08
1.435031e+06 1.023164e+03 3.181136e+08
1.435129e+06 1.023262e+03 3.181525e+08
1.435223e+06 1.023357e+03 3.181899e+08
1.435320e+06 1.023456e+03 3.182282e+08
1.435415e+06 1.023554e+03 3.182663e+08
1.435510e+06 1.023652e+03 3.183042e+08
1.435605e+06 1.023750e+03 3.183417e+08
1.435695e+06 1.023846e+03 3.183778e+08
1.435789e+06 1.023944e+03 3.184149e+08
1.435881e+06 1.024042e+03 3.184516e+08
1.435973e+06 1.024140e+03 3.184882e+08
1.436064e+06 1.024239e+03 3.185244e+08
1.436151e+06 1.024334e+03 3.185593e+08
1.436241e+06 1.024432e+03 3.185951e+08
1.436331e+06 1.024531e+03 3.186306e+08
1.436419e+06 1.024629e+03 3.186659e+08
1.436507e+06 1.024727e+03 3.187009e+08
1.436595e+06 1.024825e+03 3.187357e+08
1.436678e+06 1.024921e+03 3.187691e+08
1.436765e+06 1.025019e+03 3.188034e+08
1.436850e+06 1.025117e+03 3.188375e+08
1.436935e+06 1.025215e+03 3.188713e+08
1.437020e+06 1.025314e+03 3.189049e+08
1.437103e+06 1.025412e+03 3.189382e+08
1.437184e+06 1.025507e+03 3.189703e+08
1.437266e+06 1.025605e+03 3.190032e+08
1.437348e+06 1.025704e+03 3.190359e+08
1.437430e+06 1.025802e+03 3.190683e+08
1.437511e+06 1.025900e+03 3.191005e+08
1.437591e+06 1.025999e+03 3.191325e+08
1.437671e+06 1.026097e+03 3.191643e+08
1.437747e+06 1.026192e+03 3.191948e+08
1.437826e+06 1.026290e+03 3.192261e+08
1.437904e+06 1.026389e+03 3.192572e+08
1.437982e+06 1.026487e+03 3.192881e+08
1.438059e+06 1.026585e+03 3.193188e+08
1.438135e+06 1.026684e+03 3.193492e+08
1.438211e+06 1.026782e+03 3.193795e+08
1.438286e+06 1.026880e+03 3.194095e+08
1.438361e+06 1.026979e+03 3.194393e+08
1.438433e+06 1.027074e+03 3.194680e+08
1.438507e+06 1.027172e+03 3.194974e+08
1.438580e+06 1.027270e+03 3.195266e+08
1.438653e+06 1.027369e+03 3.195556e+08
1.438725e+06 1.027467e+03 3.195844e+08
1.438797e+06 1.027565e+03 3.196130e+08
1.438868e+06 1.027663e+03 3.196414e+08
1.438939e+06 1.027762e+03 3.196696e+08
1.439009e+06 1.027860e+03 3.196976e+08
1.439079e+06 1.027958e+03 3.197254e+08
1.439148e+06 1.028057e+03 3.197530e+08
1.439217e+06 1.028155e+03 3.197804e+08
1.439285e+06 1.028253e+03 3.198076e+08
1.439351e+06 1.028348e+03 3.198338e+08
1.439418e+06 1.028447e+03 3.198606e+08
1.439485e+06 1.028545e+03 3.198872e+08
1.439551e+06 1.028643e+03 3.199137e+08
1.439617e+06 1.028742e+03 3.199400e+08
1.439682e+06 1.028840e+03 3.199661e+08
1.439747e+06 1.028938e+03 3.199920e+08
1.439812e+06 1.029036e+03 3.200177e+08
1.439876e+06 1.029135e+03 3.200432e+08
1.439939e+06 1.029233e+03 3.200686e+08
1.440003e+06 1.029331e+03 3.200937e+08
1.440065e+06 1.029430e+03 3.201187e+08
1.440127e+06 1.029528e+03 3.201436e+08
1.440189e+06 1.029626e+03 3.201682e+08
1.440251e+06 1.029725e+03 3.201927e+08
1.440311e+06 1.029823e+03 3.202170e+08
1.440372e+06 1.029921e+03 3.202411e+08
1.440432e+06 1.030019e+03 3.202650e+08
1.440492e+06 1.030118e+03 3.202888e+08
1.440551e+06 1.030216e+03 3.203124e+08
1.440609e+06 1.030314e+03 3.203359e+08
1.440668e+06 1.030413e+03 3.203591e+08
1.440726e+06 1.030511e+03 3.203822e+08
1.440783e+06 1.030609e+03 3.204052e+08
1.440840e+06 1.030708e+03 3.204280e+08
1.440897e+06 1.030806e+03 3.204506e+08
1.440953e+06 1.030904e+03 3.204730e+08
1.441009e+06 1.031002e+03 3.204953e+08
1.441065e+06 1.031101e+03 3.205175e+08
1.441120e+06 1.031199e+03 3.205394e+08
1.441174e+06 1.031297e+03 3.205613e+08
1.441229e+06 1.031396e+03 3.205829e+08
1.441283e+06 1.031494e+03 3.206044e+08
1.441336e+06 1.031592e+03 3.206258e+08
1.441389e+06 1.031691e+03 3.206470e+08
1.441442e+06 1.031789e+03 3.206680e+08
1.441494e+06 1.031887e+03 3.206889e+08
1.441546e+06 1.031985e+03 3.207097e+08
1.441598e+06 1.032084e+03 3.207303e+08
1.441649e+06 1.032182e+03 3.207507e+08
1.441700e+06 1.032280e+03 3.207710e+08
1.441750e+06 1.032379e+03 3.207912e+08
1.441802e+06 1.032480e+03 3.208118e+08
1.441852e+06 1.032578e+03 3.208317e+08
1.441901e+06 1.032677e+03 3.208514e+08
1.441950e+06 1.032775e+03 3.208710e+08
1.441999e+06 1.032873e+03 3.208904e+08
1.442047e+06 1.032972e+03 3.209097e+08
1.442095e+06 1.033070e+03 3.209288e+08
1.442143e+06 1.033168e+03 3.209479e+08
1.442190e+06 1.033267e+03 3.209667e+08
1.442237e+06 1.033365e+03 3.209855e+08
1.442283e+06 1.033463e+03 3.210041e+08
1.442330e+06 1.033561e+03 3.210225e+08
1.442377e+06 1.033663e+03 3.210414e+08
1.442423e+06 1.033761e+03 3.210596e+08
1.442468e+06 1.033860e+03 3.210777e+08
1.442513e+06 1.033958e+03 3.210956e+08
1.442557e+06 1.034056e+03 3.211134e+08
1.442601e+06 1.034154e+03 3.211311e+08
1.442645e+06 1.034253e+03 3.211486e+08
1.442689e+06 1.034351e+03 3.211660e+08
1.442732e+06 1.034449e+03 3.211833e+08
1.442776e+06 1.034551e+03 3.212010e+08
1.442819e+06 1.034649e+03 3.212180e+08
1.442861e+06 1.034747e+03 3.212349e+08
1.442903e+06 1.034846e+03 3.212517e+08
1.442945e+06 1.034944e+03 3.212683e+08
1.442986e+06 1.035042e+03 3.212849e+08
1.443027e+06 1.035141e+03 3.213013e+08
1.443068e+06 1.035239e+03 3.213175e+08
1.443110e+06 1.035340e+03 3.213342e+08
1.443150e+06 1.035439e+03 3.213503e+08
1.443190e+06 1.035537e+03 3.213662e+08
1.443229e+06 1.035635e+03 3.213820e+08
1.443269e+06 1.035734e+03 3.213977e+08
1.443308e+06 1.035832e+03 3.214132e+08
1.443348e+06 1.035933e+03 3.214292e+08
1.443386e+06 1.036032e+03 3.214445e+08
1.443424e+06 1.036130e+03 3.214597e+08
1.443462e+06 1.036228e+03 3.214748e+08
1.443499e+06 1.036327e+03 3.214898e+08
1.443537e+06 1.036425e+03 3.215047e+08
1.443575e+06 1.036526e+03 3.215199e+08
1.443611e+06 1.036625e+03 3.215346e+08
1.443648e+06 1.036723e+03 3.215491e+08
1.443684e+06 1.036821e+03 3.215635e+08
1.443720e+06 1.036920e+03 3.215779e+08
1.443756e+06 1.037021e+03 3.215925e+08
1.443792e+06 1.037119e+03 3.216066e+08
1.443827e+06 1.037218e+03 3.216206e+08
1.443861e+06 1.037316e+03 3.216345e+08
1.443896e+06 1.037414e+03 3.216483e+08
1.443931e+06 1.037516e+03 3.216624e+08
1.443965e+06 1.037614e+03 3.216760e+08
1.443999e+06 1.037712e+03 3.216895e+08
1.444032e+06 1.037811e+03 3.217028e+08
1.444067e+06 1.037912e+03 3.217165e+08
1.444099e+06 1.038010e+03 3.217297e+08
1.444132e+06 1.038109e+03 3.217428e+08
1.444165e+06 1.038207e+03 3.217557e+08
1.444197e+06 1.038305e+03 3.217686e+08
1.444230e+06 1.038407e+03 3.217817e+08
1.444261e+06 1.038505e+03 3.217944e+08
1.444293e+06 1.038603e+03 3.218070e+08
1.444324e+06 1.038702e+03 3.218194e+08
1.444356e+06 1.038803e+03 3.218322e+08
1.444387e+06 1.038901e+03 3.218445e+08
1.444417e+06 1.039000e+03 3.218567e+08
1.444448e+06 1.039101e+03 3.218691e+08
1.444478e+06 1.039199e+03 3.218811e+08
1.444508e+06 1.039298e+03 3.218930e+08
1.444537e+06 1.039396e+03 3.219048e+08
1.444568e+06 1.039498e+03 3.219169e+08
1.444597e+06 1.039596e+03 3.219285e+08
1.444626e+06 1.039694e+03 3.219400e+08
1.444654e+06 1.039792e+03 3.219515e+08
1.444683e+06 1.039894e+03 3.219632e+08
1.444712e+06 1.039992e+03 3.219744e+08
1.444739e+06 1.040091e+03 3.219856e+08
1.444768e+06 1.040192e+03 3.219970e+08
1.444796e+06 1.040290e+03 3.220080e+08
1.444823e+06 1.040389e+03 3.220189e+08
1.444850e+06 1.040487e+03 3.220297e+08
1.444878e+06 1.040588e+03 3.220408e+08
1.444904e+06 1.040687e+03 3.220514e+08
1.444931e+06 1.040785e+03 3.220620e+08
1.444958e+06 1.040886e+03 3.220728e+08
1.444984e+06 1.040985e+03 3.220832e+08
1.445009e+06 1.041083e+03 3.220935e+08
1.445036e+06 1.041185e+03 3.221040e+08
1.445061e+06 1.041283e+03 3.221142e+08
1.445086e+06 1.041381e+03 3.221242e+08
1.445112e+06 1.041483e+03 3.221345e+08
1.445137e+06 1.041581e+03 3.221444e+08
1.445161e+06 1.041679e+03 3.221542e+08
1.445186e+06 1.041781e+03 3.221643e+08
1.445210e+06 1.041879e+03 3.221739e+08
1.445234e+06 1.041977e+03 3.221835e+08
1.445259e+06 1.042079e+03 3.221933e+08
1.445282e+06 1.042177e+03 3.222027e+08
1.445306e+06 1.042275e+03 3.222121e+08
1.445330e+06 1.042377e+03 3.222216e+08
1.445353e+06 1.042475e+03 3.222308e+08
1.445376e+06 1.042577e+03 3.222402e+08
1.445399e+06 1.042675e+03 3.222493e+08
1.445421e+06 1.042773e+03 3.222582e+08
1.445444e+06 1.042875e+03 3.222674e+08
1.445466e+06 1.042973e+03 3.222762e+08
1.445488e+06 1.043071e+03 3.222849e+08
1.445510e+06 1.043173e+03 3.222939e+08
1.445532e+06 1.043271e+03 3.223025e+08
1.445554e+06 1.043372e+03 3.223113e+08
1.445575e+06 1.043471e+03 3.223197e+08
1.445596e+06 1.043569e+03 3.223281e+08
1.445617e+06 1.043671e+03 3.223366e+08
1.445638e+06 1.043769e+03 3.223449e+08
1.445659e+06 1.043870e+03 3.223533e+08
1.445679e+06 1.043969e+03 3.223614e+08
1.445699e+06 1.044067e+03 3.223694e+08
1.445720e+06 1.044168e+03 3.223776e+08
1.445739e+06 1.044267e+03 3.223855e+08
1.445759e+06 1.044368e+03 3.223936e+08
1.445779e+06 1.044466e+03 3.224013e+08
1.445799e+06 1.044568e+03 3.224093e+08
1.445818e+06 1.044666e+03 3.224169e+08
1.445837e+06 1.044765e+03 3.224244e+08
1.445856e+06 1.044866e+03 3.224322e+08
1.445874e+06 1.044964e+03 3.224396e+08
1.445893e+06 1.045066e+03 3.224472e+08
1.445912e+06 1.045164e+03 3.224545e+08
1.445930e+06 1.045266e+03 3.224619e+08
1.445948e+06 1.045364e+03 3.224691e+08
1.445966e+06 1.045462e+03 3.224762e+08
1.445984e+06 1.045564e+03 3.224834e+08
1.446001e+06 1.045662e+03 3.224904e+08
1.446019e+06 1.045763e+03 3.224975e+08
1.446036e+06 1.045862e+03 3.225044e+08
1.446054e+06 1.045963e+03 3.225114e+08
1.446071e+06 1.046061e+03 3.225181e+08
1.446088e+06 1.046163e+03 3.225250e+08
1.446104e+06 1.046261e+03 3.225316e+08
1.446121e+06 1.046363e+03 3.225383e+08
1.446137e+06 1.046461e+03 3.225448e+08
1.446154e+06 1.046562e+03 3.225515e+08
1.446170e+06 1.046661e+03 3.225578e+08
1.446186e+06 1.046762e+03 3.225643e+08
1.446202e+06 1.046861e+03 3.225706e+08
1.446218e+06 1.046962e+03 3.225770e+08
1.446233e+06 1.047060e+03 3.225831e+08
1.446249e+06 1.047162e+03 3.225894e+08
1.446264e+06 1.047260e+03 3.225954e+08
1.446279e+06 1.047362e+03 3.226015e+08
1.446294e+06 1.047460e+03 3.226075e+08
1.446309e+06 1.047561e+03 3.226135e+08
1.446323e+06 1.047660e+03 3.226193e+08
1.446338e+06 1.047761e+03 3.226252e+08
1.446352e+06 1.047859e+03 3.226309e+08
1.446367e+06 1.047961e+03 3.226367e+08
1.446381e+06 1.048059e+03 3.226423e+08
1.446395e+06 1.048161e+03 3.226480e+08
1.446409e+06 1.048259e+03 3.226535e+08
1.446423e+06 1.048360e+03 3.226591e+08
1.446436e+06 1.048459e+03 3.226644e+08
1.446450e+06 1.048560e+03 3.226699e+08
1.446463e+06 1.048662e+03 3.226754e+08
1.446476e+06 1.048760e+03 3.226806e+08
1.446490e+06 1.048861e+03 3.226859e+08
1.446503e+06 1.048960e+03 3.226910e+08
1.446516e+06 1.049061e+03 3.226962e+08
1.446528e+06 1.049160e+03 3.227012e+08
1.446541e+06 1.049261e+03 3.227063e+08
1.446554e+06 1.049362e+03 3.227114e+08
1.446566e+06 1.049461e+03 3.227163e+08
1.446578e+06 1.049562e+03 3.227212e+08
1.446590e+06 1.049661e+03 3.227260e+08
1.446602e+06 1.049762e+03 3.227309e+08
1.446614e+06 1.049860e+03 3.227355e+08
1.446626e+06 1.049962e+03 3.227403e+08
1.446638e+06 1.050066e+03 3.227452e+08
1.446650e+06 1.050168e+03 3.227498e+08
1.446661e+06 1.050269e+03 3.227544e+08
1.446672e+06 1.050371e+03 3.227590e+08
1.446684e+06 1.050472e+03 3.227635e+08
1.446695e+06 1.050574e+03 3.227680e+08
1.446705e+06 1.050663e+03 3.227719e+08
1.446716e+06 1.050764e+03 3.227763e+08
1.446726e+06 1.050866e+03 3.227806e+08
1.446737e+06 1.050967e+03 3.227849e+08
1.446748e+06 1.051068e+03 3.227891e+08
1.446758e+06 1.051170e+03 3.227933e+08
1.446769e+06 1.051271e+03 3.227975e+08
1.446779e+06 1.051373e+03 3.228016e+08
1.446789e+06 1.051474e+03 3.228056e+08
1.446799e+06 1.051576e+03 3.228096e+08
1.446808e+06 1.051665e+03 3.228131e+08
1.446817e+06 1.051766e+03 3.228170e+08
1.446827e+06 1.051868e+03 3.228209e+08
1.446837e+06 1.051969e+03 3.228247e+08
1.446846e+06 1.052070e+03 3.228285e+08
1.446856e+06 1.052172e+03 3.228323e+08
1.446865e+06 1.052273e+03 3.228360e+08
1.446874e+06 1.052375e+03 3.228397e+08
1.446883e+06 1.052476e+03 3.228433e+08
1.446892e+06 1.052578e+03 3.228469e+08
1.446901e+06 1.052679e+03 3.228504e+08
1.446909e+06 1.052781e+03 3.228539e+08
1.446917e+06 1.052870e+03 3.228569e+08
1.446926e+06 1.052971e+03 3.228603e+08
1.446934e+06 1.053073e+03 3.228637e+08
1.446942e+06 1.053174e+03 3.228671e+08
1.446951e+06 1.053275e+03 3.228704e+08
1.446959e+06 1.053377e+03 3.228736e+08
1.446967e+06 1.053478e+03 3.228768e+08
1.446975e+06 1.053580e+03 3.228800e+08
1.446983e+06 1.053681e+03 3.228831e+08
1.446990e+06 1.053783e+03 3.228862e+08
1.446998e+06 1.053884e+03 3.228893e+08
1.447005e+06 1.053986e+03 3.228923e+08
1.447013e+06 1.054087e+03 3.228953e+08
1.447019e+06 1.054176e+03 3.228979e+08
1.447027e+06 1.054277e+03 3.229008e+08
1.447034e+06 1.054379e+03 3.229037e+08
1.447041e+06 1.054480e+03 3.229065e+08
1.447048e+06 1.054582e+03 3.229093e+08
1.447055e+06 1.054683e+03 3.229121e+08
1.447062e+06 1.054785e+03 3.229148e+08
1.447068e+06 1.054886e+03 3.229175e+08
1.447075e+06 1.054988e+03 3.229201e+08
1.447081e+06 1.055089e+03 3.229227e+08
1.447088e+06 1.055191e+03 3.229253e+08
1.447094e+06 1.055292e+03 3.229279e+08
1.447100e+06 1.055394e+03 3.229304e+08
1.447107e+06 1.055495e+03 3.229328e+08
1.447113e+06 1.055597e+03 3.229353e+08
1.447119e+06 1.055698e+03 3.229377e+08
1.447124e+06 1.055787e+03 3.229398e+08
1.447130e+06 1.055888e+03 3.229421e+08
1.447136e+06 1.055990e+03 3.229444e+08
1.447141e+06 1.056091e+03 3.229467e+08
1.447147e+06 1.056193e+03 3.229489e+08
1.447152e+06 1.056294e+03 3.229511e+08
1.447158e+06 1.056396e+03 3.229533e+08
1.447163e+06 1.056497e+03 3.229554e+08
1.447168e+06 1.056599e+03 3.229575e+08
1.447173e+06 1.056700e+03 3.229596e+08
1.447179e+06 1.056802e+03 3.229616e+08
1.447184e+06 1.056903e+03 3.229637e+08
1.447189e+06 1.057005e+03 3.229656e+08
1.447193e+06 1.057106e+03 3.229676e+08
1.447198e+06 1.057207e+03 3.229695e+08
1.447203e+06 1.057309e+03 3.229714e+08
1.447207e+06 1.057410e+03 3.229732e+08
1.447212e+06 1.057512e+03 3.229750e+08
1.447216e+06 1.057613e+03 3.229768e+08
1.447220e+06 1.057702e+03 3.229784e+08
1.447225e+06 1.057804e+03 3.229801e+08
1.447229e+06 1.057905e+03 3.229818e+08
1.447233e+06 1.058007e+03 3.229835e+08
1.447237e+06 1.058108e+03 3.229851e+08
1.447241e+06 1.058209e+03 3.229867e+08
1.447245e+06 1.058311e+03 3.229883e+08
1.447249e+06 1.058412e+03 3.229899e+08
1.447253e+06 1.058514e+03 3.229914e+08
1.447257e+06 1.058615e+03 3.229929e+08
1.447260e+06 1.058717e+03 3.229944e+08
1.447264e+06 1.058818e+03 3.229958e+08
1.447267e+06 1.058920e+03 3.229972e+08
1.447271e+06 1.059021e+03 3.229986e+08
1.447274e+06 1.059123e+03 3.229999e+08
1.447278e+06 1.059224e+03 3.230013e+08
1.447281e+06 1.059326e+03 3.230026e+08
1.447284e+06 1.059427e+03 3.230038e+08
1.447287e+06 1.059529e+03 3.230051e+08
1.447290e+06 1.059630e+03 3.230063e+08
1.447293e+06 1.059732e+03 3.230075e+08
1.447296e+06 1.059833e+03 3.230087e+08
1.447299e+06 1.059935e+03 3.230098e+08
1.447302e+06 1.060036e+03 3.230109e+08
1.447304e+06 1.060137e+03 3.230120e+08
1.447307e+06 1.060239e+03 3.230131e+08
1.447310e+06 1.060340e+03 3.230141e+08
1.447312e+06 1.060442e+03 3.230151e+08
1.447314e+06 1.060543e+03 3.230161e+08
1.447317e+06 1.060645e+03 3.230170e+08
1.447319e+06 1.060734e+03 3.230179e+08
1.447321e+06 1.060835e+03 3.230188e+08
1.447323e+06 1.060937e+03 3.230196e+08
1.447326e+06 1.061038e+03 3.230205e+08
1.447328e+06 1.061139e+03 3.230213e+08
1.447330e+06 1.061241e+03 3.230222e+08
1.447332e+06 1.061342e+03 3.230229e+08
1.447334e+06 1.061444e+03 3.230237e+08
1.447335e+06 1.061545e+03 3.230244e+08
1.447337e+06 1.061647e+03 3.230252e+08
1.447339e+06 1.061748e+03 3.230259e+08
1.447341e+06 1.061850e+03 3.230265e+08
1.447342e+06 1.061951e+03 3.230272e+08
1.447344e+06 1.062053e+03 3.230278e+08
1.447345e+06 1.062154e+03 3.230284e+08
1.447347e+06 1.062256e+03 3.230290e+08
1.447348e+06 1.062357e+03 3.230295e+08
1.447349e+06 1.062459e+03 3.230301e+08
1.447351e+06 1.062560e+03 3.230306e+08
1.447352e+06 1.062662e+03 3.230311e+08
1.447353e+06 1.062763e+03 3.230315e+08
1.447354e+06 1.062864e+03 3.230320e+08
1.447355e+06 1.062966e+03 3.230324e+08
1.447356e+06 1.063067e+03 3.230328e+08
1.447357e+06 1.063169e+03 3.230332e+08
1.447358e+06 1.063270e+03 3.230335e+08
1.447359e+06 1.063372e+03 3.230338e+08
1.447360e+06 1.063473e+03 3.230342e+08
1.447360e+06 1.063575e+03 3.230345e+08
1.447361e+06 1.063676e+03 3.230347e+08
1.447362e+06 1.063778e+03 3.230350e+08
1.447362e+06 1.063879e+03 3.230352e+08
1.447363e+06 1.063981e+03 3.230354e+08
1.447363e+06 1.064082e+03 3.230356e+08
1.447364e+06 1.064184e+03 3.230358e+08
1.447364e+06 1.064285e+03 3.230359e+08
1.447364e+06 1.064387e+03 3.230361e+08
1.447365e+06 1.064488e+03 3.230362e+08
1.447365e+06 1.064590e+03 3.230363e+08
1.447365e+06 1.064691e+03 3.230363e+08
1.447365e+06 1.064792e+03 3.230364e+08
1.447365e+06 1.064894e+03 3.230364e+08
1.447365e+06 1.064995e+03 3.230364e+08
1.447365e+06 1.065097e+03 3.230364e+08
1.447365e+06 1.065198e+03 3.230364e+08
1.447365e+06 1.065300e+03 3.230363e+08
1.447365e+06 1.065401e+03 3.230363e+08
1.447365e+06 1.065503e+03 3.230362e+08
1.447365e+06 1.065604e+03 3.230361e+08
1.447364e+06 1.065706e+03 3.230360e+08
1.447364e+06 1.065807e+03 3.230359e+08
1.447363e+06 1.065909e+03 3.230357e+08
1.447363e+06 1.066010e+03 3.230355e+08
1.447363e+06 1.066112e+03 3.230353e+08
1.447362e+06 1.066213e+03 3.230351e+08
1.447362e+06 1.066315e+03 3.230349e+08
1.447361e+06 1.066416e+03 3.230347e+08
1.447360e+06 1.066530e+03 3.230344e+08
1.447359e+06 1.066632e+03 3.230341e+08
1.447359e+06 1.066733e+03 3.230338e+08
1.447358e+06 1.066835e+03 3.230335e+08
1.447357e+06 1.066936e+03 3.230331e+08
1.447356e+06 1.067037e+03 3.230328e+08
1.447355e+06 1.067139e+03 3.230324e+08
1.447354e+06 1.067240e+03 3.230321e+08
1.447353e+06 1.067342e+03 3.230317e+08
1.447352e+06 1.067443e+03 3.230312e+08
1.447351e+06 1.067545e+03 3.230308e+08
1.447350e+06 1.067646e+03 3.230304e+08
1.447349e+06 1.067748e+03 3.230299e+08
1.447348e+06 1.067849e+03 3.230294e+08
1.447347e+06 1.067951e+03 3.230289e+08
1.447345e+06 1.068052e+03 3.230284e+08
1.447344e+06 1.068154e+03 3.230279e+08
1.447343e+06 1.068255e+03 3.230274e+08
1.447341e+06 1.068357e+03 3.230268e+08
1.447340e+06 1.068458e+03 3.230262e+08
1.447338e+06 1.068560e+03 3.230256e+08
1.447337e+06 1.068661e+03 3.230250e+08
1.447335e+06 1.068763e+03 3.230244e+08
1.447334e+06 1.068864e+03 3.230238e+08
1.447332e+06 1.068965e+03 3.230231e+08
1.447330e+06 1.069067e+03 3.230225e+08
1.447329e+06 1.069168e+03 3.230218e+08
1.447327e+06 1.069270e+03 3.230211e+08
1.447325e+06 1.069371e+03 3.230204e+08
1.447324e+06 1.069473e+03 3.230197e+08
1.447321e+06 1.069587e+03 3.230189e+08
1.447320e+06 1.069688e+03 3.230181e+08
1.447318e+06 1.069790e+03 3.230173e+08
1.447316e+06 1.069891e+03 3.230166e+08
1.447314e+06 1.069993e+03 3.230158e+08
1.447312e+06 1.070094e+03 3.230150e+08
1.447310e+06 1.070196e+03 3.230142e+08
1.447308e+06 1.070297e+03 3.230133e+08
1.447305e+06 1.070399e+03 3.230125e+08
1.447303e+06 1.070500e+03 3.230116e+08
1.447301e+06 1.070602e+03 3.230107e+08
1.447299e+06 1.070703e+03 3.230099e+08
1.447297e+06 1.070805e+03 3.230090e+08
1.447294e+06 1.070906e+03 3.230080e+08
1.447292e+06 1.071008e+03 3.230071e+08
1.447290e+06 1.071109e+03 3.230062e+08
1.447287e+06 1.071211e+03 3.230052e+08
1.447285e+06 1.071312e+03 3.230043e+08
1.447283e+06 1.071413e+03 3.230033e+08
1.447280e+06 1.071528e+03 3.230022e+08
1.447277e+06 1.071629e+03 3.230012e+08
1.447275e+06 1.071731e+03 3.230001e+08
1.447272e+06 1.071832e+03 3.229991e+08
1.447270e+06 1.071933e+03 3.229981e+08
1.447267e+06 1.072035e+03 3.229970e+08
1.447264e+06 1.072136e+03 3.229960e+08
1.447262e+06 1.072238e+03 3.229949e+08
1.447259e+06 1.072339e+03 3.229938e+08
1.447256e+06 1.072441e+03 3.229927e+08
1.447253e+06 1.072542e+03 3.229916e+08
1.447251e+06 1.072644e+03 3.229905e+08
1.447248e+06 1.072745e+03 3.229893e+08
1.447245e+06 1.072847e+03 3.229882e+08
1.447242e+06 1.072948e+03 3.229870e+08
1.447239e+06 1.073050e+03 3.229858e+08
1.447236e+06 1.073164e+03 3.229845e+08
1.447233e+06 1.073265e+03 3.229833e+08
1.447230e+06 1.073367e+03 3.229821e+08
1.447227e+06 1.073468e+03 3.229809e+08
1.447224e+06 1.073570e+03 3.229797e+08
1.447220e+06 1.073671e+03 3.229784e+08
1.447217e+06 1.073773e+03 3.229772e+08
1.447214e+06 1.073874e+03 3.229759e+08
1.447211e+06 1.073976e+03 3.229746e+08
1.447208e+06 1.074077e+03 3.229734e+08
1.447205e+06 1.074179e+03 3.229721e+08
1.447201e+06 1.074280e+03 3.229708e+08
1.447198e+06 1.074381e+03 3.229695e+08
1.447194e+06 1.074496e+03 3.229680e+08
1.447191e+06 1.074597e+03 3.229666e+08
1.447188e+06 1.074699e+03 3.229653e+08
1.447184e+06 1.074800e+03 3.229639e+08
1.447181e+06 1.074902e+03 3.229626e+08
1.447177e+06 1.075003e+03 3.229612e+08
1.447174e+06 1.075104e+03 3.229598e+08
1.447170e+06 1.075206e+03 3.229584e+08
1.447167e+06 1.075307e+03 3.229570e+08
1.447163e+06 1.075409e+03 3.229556e+08
1.447160e+06 1.075510e+03 3.229542e+08
1.447156e+06 1.075625e+03 3.229525e+08
1.447152e+06 1.075726e+03 3.229511e+08
1.447149e+06 1.075827e+03 3.229496e+08
1.447145e+06 1.075929e+03 3.229482e+08
1.447141e+06 1.076030e+03 3.229467e+08
1.447138e+06 1.076132e+03 3.229452e+08
1.447134e+06 1.076233e+03 3.229437e+08
1.447130e+06 1.076335e+03 3.229422e+08
1.447126e+06 1.076436e+03 3.229407e+08
1.447123e+06 1.076538e+03 3.229392e+08
1.447119e+06 1.076639e+03 3.229377e+08
1.447114e+06 1.076753e+03 3.229359e+08
1.447110e+06 1.076855e+03 3.229344e+08
1.447107e+06 1.076956e+03 3.229328e+08
1.447103e+06 1.077058e+03 3.229313e+08
1.447099e+06 1.077159e+03 3.229297e+08
1.447095e+06 1.077261e+03 3.229281e+08
1.447091e+06 1.077362e+03 3.229265e+08
1.447087e+06 1.077464e+03 3.229249e+08
1.447083e+06 1.077565e+03 3.229233e+08
1.447079e+06 1.077667e+03 3.229217e+08
1.447074e+06 1.077781e+03 3.229199e+08
1.447070e+06 1.077882e+03 3.229182e+08
1.447066e+06 1.077984e+03 3.229166e+08
1.447062e+06 1.078085e+03 3.229149e+08
1.447058e+06 1.078187e+03 3.229133e+08
1.447054e+06 1.078288e+03 3.229116e+08
1.447049e+06 1.078390e+03 3.229099e+08
1.447045e+06 1.078491e+03 3.229082e+08
1.447041e+06 1.078593e+03 3.229065e+08
1.447036e+06 1.078707e+03 3.229046e+08
1.447032e+06 1.078808e+03 3.229029e+08
1.447028e+06 1.078910e+03 3.229012e+08
1.447023e+06 1.079011e+03 3.228995e+08
1.447019e+06 1.079113e+03 3.228978e+08
1.447015e+06 1.079214e+03 3.228960e+08
1.447010e+06 1.079316e+03 3.228943e+08
1.447006e+06 1.079417e+03 3.228925e+08
1.447001e+06 1.079531e+03 3.228905e+08
1.446997e+06 1.079633e+03 3.228888e+08
1.446992e+06 1.079734e+03 3.228870e+08
1.446988e+06 1.079836e+03 3.228852e+08
1.446983e+06 1.079937e+03 3.228834e+08
1.446979e+06 1.080039e+03 3.228816e+08
1.446974e+06 1.080140e+03 3.228798e+08
1.446970e+06 1.080241e+03 3.228780e+08
1.446965e+06 1.080356e+03 3.228759e+08
1.446960e+06 1.080457e+03 3.228741e+08
1.446955e+06 1.080559e+03 3.228723e+08
1.446951e+06 1.080660e+03 3.228704e+08
1.446946e+06 1.080761e+03 3.228686e+08
1.446942e+06 1.080863e+03 3.228667e+08
1.446937e+06 1.080964e+03 3.228649e+08
1.446932e+06 1.081066e+03 3.228630e+08
1.446927e+06 1.081180e+03 3.228609e+08
1.446922e+06 1.081282e+03 3.228590e+08
1.446917e+06 1.081383e+03 3.228571e+08
1.446913e+06 1.081484e+03 3.228552e+08
1.446908e+06 1.081586e+03 3.228533e+08
1.446903e+06 1.081687e+03 3.228514e+08
1.446898e+06 1.081789e+03 3.228495e+08
1.446894e+06 1.081890e+03 3.228476e+08
1.446888e+06 1.082005e+03 3.228454e+08
1.446883e+06 1.082106e+03 3.228434e+08
1.446879e+06 1.082207e+03 3.228415e+08
1.446874e+06 1.082309e+03 3.228396e+08
1.446869e+06 1.082410e+03 3.228376e+08
1.446864e+06 1.082512e+03 3.228356e+08
1.446859e+06 1.082613e+03 3.228337e+08
1.446853e+06 1.082728e+03 3.228314e+08
1.446848e+06 1.082829e+03 3.228295e+08
1.446843e+06 1.082930e+03 3.228275e+08
1.446839e+06 1.083032e+03 3.228255e+08
1.446834e+06 1.083133e+03 3.228235e+08
1.446829e+06 1.083235e+03 3.228215e+08
1.446823e+06 1.083336e+03 3.228195e+08
1.446818e+06 1.083450e+03 3.228172e+08
1.446813e+06 1.083552e+03 3.228152e+08
1.446808e+06 1.083653e+03 3.228132e+08
1.446803e+06 1.083755e+03 3.228111e+08
1.446798e+06 1.083856e+03 3.228091e+08
1.446792e+06 1.083958e+03 3.228070e+08
1.446787e+06 1.084072e+03 3.228047e+08
1.446782e+06 1.084173e+03 3.228027e+08
1.446776e+06 1.084275e+03 3.228006e+08
1.446771e+06 1.084376e+03 3.227985e+08
1.446766e+06 1.084478e+03 3.227965e+08
1.446761e+06 1.084579e+03 3.227944e+08
1.446756e+06 1.084681e+03 3.227923e+08
1.446750e+06 1.084795e+03 3.227900e+08
1.446745e+06 1.084896e+03 3.227879e+08
1.446739e+06 1.084998e+03 3.227858e+08
1.446734e+06 1.085099e+03 3.227837e+08
1.446729e+06 1.085201e+03 3.227816e+08
1.446724e+06 1.085302e+03 3.227794e+08
1.446718e+06 1.085416e+03 3.227771e+08
1.446712e+06 1.085518e+03 3.227749e+08
1.446707e+06 1.085619e+03 3.227728e+08
1.446702e+06 1.085721e+03 3.227707e+08
1.446696e+06 1.085822e+03 3.227685e+08
1.446691e+06 1.085924e+03 3.227664e+08
1.446685e+06 1.086038e+03 3.227640e+08
1.446679e+06 1.086139e+03 3.227618e+08
1.446674e+06 1.086241e+03 3.227596e+08
1.446669e+06 1.086342e+03 3.227575e+08
1.446663e+06 1.086444e+03 3.227553e+08
1.446658e+06 1.086545e+03 3.227531e+08
1.446652e+06 1.086660e+03 3.227507e+08
1.446646e+06 1.086761e+03 3.227485e+08
1.446641e+06 1.086862e+03 3.227463e+08
1.446635e+06 1.086964e+03 3.227441e+08
1.446630e+06 1.087065e+03 3.227419e+08
1.446624e+06 1.087180e+03 3.227394e+08
1.446618e+06 1.087281e+03 3.227372e+08
1.446613e+06 1.087383e+03 3.227350e+08
1.446607e+06 1.087484e+03 3.227328e+08
1.446601e+06 1.087585e+03 3.227306e+08
1.446596e+06 1.087687e+03 3.227284e+08
1.446590e+06 1.087801e+03 3.227258e+08
1.446584e+06 1.087903e+03 3.227236e+08
1.446578e+06 1.088004e+03 3.227214e+08
1.446573e+06 1.088105e+03 3.227191e+08
1.446567e+06 1.088207e+03 3.227169e+08
1.446561e+06 1.088321e+03 3.227144e+08
1.446555e+06 1.088423e+03 3.227121e+08
1.446550e+06 1.088524e+03 3.227098e+08
1.446544e+06 1.088626e+03 3.227076e+08
1.446538e+06 1.088727e+03 3.227053e+08
1.446533e+06 1.088828e+03 3.227030e+08
1.446526e+06 1.088943e+03 3.227005e+08
1.446521e+06 1.089044e+03 3.226982e+08
1.446515e+06 1.089146e+03 3.226959e+08
1.446509e+06 1.089247e+03 3.226936e+08
1.446503e+06 1.089349e+03 3.226913e+08
1.446497e+06 1.089463e+03 3.226888e+08
1.446491e+06 1.089564e+03 3.226865e+08
1.446485e+06 1.089666e+03 3.226842e+08
1.446480e+06 1.089767e+03 3.226818e+08
1.446474e+06 1.089869e+03 3.226795e+08
1.446467e+06 1.089983e+03 3.226769e+08
1.446462e+06 1.090084e+03 3.226746e+08
1.446456e+06 1.090186e+03 3.226723e+08
1.446450e+06 1.090287e+03 3.226700e+08
1.446444e+06 1.090389e+03 3.226676e+08
1.446438e+06 1.090503e+03 3.226650e+08
1.446432e+06 1.090604e+03 3.226627e+08
1.446426e+06 1.090706e+03 3.226603e+08
1.446420e+06 1.090807e+03 3.226580e+08
1.446414e+06 1.090909e+03 3.226556e+08
1.446408e+06 1.091023e+03 3.226530e+08
1.446402e+06 1.091124e+03 3.226506e+08
1.446396e+06 1.091226e+03 3.226483e+08
1.446390e+06 1.091327e+03 3.226459e+08
1.446384e+06 1.091429e+03 3.226436e+08
1.446377e+06 1.091543e+03 3.226409e+08
1.446371e+06 1.091644e+03 3.226385e+08
1.446366e+06 1.091746e+03 3.226362e+08
1.446360e+06 1.091847e+03 3.226338e+08
1.446353e+06 1.091961e+03 3.226311e+08
1.446347e+06 1.092063e+03 3.226287e+08
1.446341e+06 1.092164e+03 3.226263e+08
1.446335e+06 1.092266e+03 3.226239e+08
1.446329e+06 1.092367e+03 3.226215e+08
1.446322e+06 1.092481e+03 3.226188e+08
1.446316e+06 1.092583e+03 3.226164e+08
1.446310e+06 1.092684e+03 3.226140e+08
1.446304e+06 1.092786e+03 3.226116e+08
1.446298e+06 1.092887e+03 3.226092e+08
1.446291e+06 1.093001e+03 3.226065e+08
1.446285e+06 1.093103e+03 3.226041e+08
1.446279e+06 1.093204e+03 3.226017e+08
1.446273e+06 1.093306e+03 3.225992e+08
1.446267e+06 1.093420e+03 3.225965e+08
1.446260e+06 1.093522e+03 3.225941e+08
1.446254e+06 1.093623e+03 3.225917e+08
1.446248e+06 1.093724e+03 3.225892e+08
1.446242e+06 1.093826e+03 3.225868e+08
1.446235e+06 1.093940e+03 3.225840e+08
1.446229e+06 1.094042e+03 3.225816e+08
1.446223e+06 1.094143e+03 3.225792e+08
1.446217e+06 1.094244e+03 3.225767e+08
1.446210e+06 1.094359e+03 3.225739e+08
1.446204e+06 1.094460e+03 3.225715e+08
1.446198e+06 1.094562e+03 3.225690e+08
1.446192e+06 1.094663e+03 3.225666e+08
1.446185e+06 1.094777e+03 3.225638e+08
1.446179e+06 1.094879e+03 3.225613e+08
1.446172e+06 1.094980e+03 3.225589e+08
1.446166e+06 1.095082e+03 3.225564e+08
1.446160e+06 1.095183e+03 3.225539e+08
1.446153e+06 1.095297e+03 3.225511e+08
1.446147e+06 1.095399e+03 3.225487e+08
1.446141e+06 1.095500e+03 3.225462e+08
1.446135e+06 1.095602e+03 3.225437e+08
1.446128e+06 1.095716e+03 3.225409e+08
1.446121e+06 1.095817e+03 3.225384e+08
1.446115e+06 1.095919e+03 3.225359e+08
1.446109e+06 1.096020e+03 3.225334e+08
1.446102e+06 1.096134e+03 3.225306e+08
1.446096e+06 1.096236e+03 3.225281e+08
1.446089e+06 1.096337e+03 3.225256e+08
1.446083e+06 1.096439e+03 3.225231e+08
1.446076e+06 1.096553e+03 3.225203e+08
1.446070e+06 1.096654e+03 3.225178e+08
1.446064e+06 1.096756e+03 3.225153e+08
1.446057e+06 1.096857e+03 3.225128e+08
1.446050e+06 1.096972e+03 3.225099e+08
1.446044e+06 1.097073e+03 3.225074e+08
1.446038e+06 1.097174e+03 3.225049e+08
1.446031e+06 1.097276e+03 3.225024e+08
1.446024e+06 1.097390e+03 3.224995e+08
1.446018e+06 1.097492e+03 3.224970e+08
1.446012e+06 1.097593e+03 3.224945e+08
1.446005e+06 1.097695e+03 3.224920e+08
1.445998e+06 1.097809e+03 3.224891e+08
1.445992e+06 1.097910e+03 3.224866e+08
1.445985e+06 1.098012e+03 3.224840e+08
1.445979e+06 1.098113e+03 3.224815e+08
1.445972e+06 1.098227e+03 3.224786e+08
1.445966e+06 1.098329e+03 3.224761e+08
1.445959e+06 1.098430e+03 3.224735e+08
1.445952e+06 1.098544e+03 3.224707e+08
1.445946e+06 1.098646e+03 3.224681e+08
1.445939e+06 1.098747e+03 3.224656e+08
1.445933e+06 1.098849e+03 3.224630e+08
1.445926e+06 1.098963e+03 3.224601e+08
1.445919e+06 1.099064e+03 3.224576e+08
1.445913e+06 1.099166e+03 3.224550e+08
1.445907e+06 1.099267e+03 3.224525e+08
1.445899e+06 1.099381e+03 3.224496e+08
1.445893e+06 1.099483e+03 3.224470e+08
1.445887e+06 1.099584e+03 3.224444e+08
1.445880e+06 1.099686e+03 3.224419e+08
1.445873e+06 1.099800e+03 3.224390e+08
1.445866e+06 1.099902e+03 3.224364e+08
1.445860e+06 1.100003e+03 3.224338e+08
1.445223e+06 1.109516e+03 3.221791e+08
1.444797e+06 1.115858e+03 3.220086e+08
1.444152e+06 1.125371e+03 3.217506e+08
1.443720e+06 1.131713e+03 3.215780e+08
1.443073e+06 1.141226e+03 3.213194e+08
1.442643e+06 1.147568e+03 3.211476e+08
1.442001e+06 1.157081e+03 3.208914e+08
1.441364e+06 1.166594e+03 3.206371e+08
1.440943e+06 1.172936e+03 3.204689e+08
1.440315e+06 1.182448e+03 3.202184e+08
1.439900e+06 1.188790e+03 3.200528e+08
1.439282e+06 1.198303e+03 3.198063e+08
1.438669e+06 1.207816e+03 3.195622e+08
1.438264e+06 1.214158e+03 3.194008e+08
1.437662e+06 1.223671e+03 3.191607e+08
1.437065e+06 1.233184e+03 3.189231e+08
1.436671e+06 1.239526e+03 3.187660e+08
1.436084e+06 1.249039e+03 3.185324e+08
1.435503e+06 1.258552e+03 3.183011e+08
1.434927e+06 1.268065e+03 3.180721e+08
1.434357e+06 1.277578e+03 3.178454e+08
1.433980e+06 1.283920e+03 3.176956e+08
1.433419e+06 1.293433e+03 3.174726e+08
1.432864e+06 1.302946e+03 3.172519e+08
1.432313e+06 1.312459e+03 3.170333e+08
1.431768e+06 1.321972e+03 3.168168e+08
1.431228e+06 1.331484e+03 3.166025e+08
1.430694e+06 1.340997e+03 3.163903e+08
1.430165e+06 1.350510e+03 3.161801e+08
1.429647e+06 1.360023e+03 3.159719e+08
1.429134e+06 1.369536e+03 3.157655e+08
1.428626e+06 1.379049e+03 3.155612e+08
1.428122e+06 1.388562e+03 3.153588e+08
1.427623e+06 1.398075e+03 3.151583e+08
1.427128e+06 1.407588e+03 3.149597e+08
1.426638e+06 1.417101e+03 3.147630e+08
1.426153e+06 1.426614e+03 3.145681e+08
1.425672e+06 1.436127e+03 3.143750e+08
1.425037e+06 1.448811e+03 3.141204e+08
1.424566e+06 1.458324e+03 3.139315e+08
1.424099e+06 1.467837e+03 3.137443e+08
1.423636e+06 1.477350e+03 3.135590e+08
1.423026e+06 1.490033e+03 3.133145e+08
1.422573e+06 1.499546e+03 3.131331e+08
1.421958e+06 1.512230e+03 3.128868e+08
1.421513e+06 1.521743e+03 3.127086e+08
1.421072e+06 1.531256e+03 3.125321e+08
1.420635e+06 1.540769e+03 3.123573e+08
1.419772e+06 1.559795e+03 3.120123e+08
1.419347e+06 1.569308e+03 3.118422e+08
1.418924e+06 1.578821e+03 3.116735e+08
1.418506e+06 1.588334e+03 3.115063e+08
1.418091e+06 1.597847e+03 3.113406e+08
1.417680e+06 1.607360e+03 3.111763e+08
1.416868e+06 1.626386e+03 3.108521e+08
1.416467e+06 1.635898e+03 3.106921e+08
1.416070e+06 1.645411e+03 3.105335e+08
1.415675e+06 1.654924e+03 3.103763e+08
1.415285e+06 1.664437e+03 3.102204e+08
1.414513e+06 1.683463e+03 3.099126e+08
1.414131e+06 1.692976e+03 3.097607e+08
1.413753e+06 1.702489e+03 3.096101e+08
1.413379e+06 1.712002e+03 3.094608e+08
1.412638e+06 1.731028e+03 3.091658e+08
1.412272e+06 1.740541e+03 3.090202e+08
1.411910e+06 1.750054e+03 3.088759e+08
1.411193e+06 1.769080e+03 3.085907e+08
1.410839e+06 1.778593e+03 3.084499e+08
1.410488e+06 1.788105e+03 3.083102e+08
1.410140e+06 1.797618e+03 3.081717e+08
1.409451e+06 1.816644e+03 3.078982e+08
1.409111e+06 1.826157e+03 3.077630e+08
1.408774e+06 1.835670e+03 3.076290e+08
1.408108e+06 1.854696e+03 3.073643e+08
1.407778e+06 1.864209e+03 3.072335e+08
1.407127e+06 1.883235e+03 3.069751e+08
1.406806e+06 1.892748e+03 3.068474e+08
1.406487e+06 1.902261e+03 3.067208e+08
1.405856e+06 1.921287e+03 3.064706e+08
1.405544e+06 1.930800e+03 3.063469e+08
1.404928e+06 1.949825e+03 3.061026e+08
1.404623e+06 1.959338e+03 3.059819e+08
1.404321e+06 1.968851e+03 3.058621e+08
1.403723e+06 1.987877e+03 3.056254e+08
1.403428e+06 1.997390e+03 3.055084e+08
1.402639e+06 2.022758e+03 3.051959e+08
1.402160e+06 2.038613e+03 3.050065e+08
1.401688e+06 2.054468e+03 3.048195e+08
1.401221e+06 2.070323e+03 3.046348e+08
1.400760e+06 2.086178e+03 3.044525e+08
1.400305e+06 2.102032e+03 3.042725e+08
1.399855e+06 2.117887e+03 3.040948e+08
1.399411e+06 2.133742e+03 3.039194e+08
1.398973e+06 2.149597e+03 3.037461e+08
1.398539e+06 2.165452e+03 3.035750e+08
1.398111e+06 2.181307e+03 3.034061e+08
1.397689e+06 2.197162e+03 3.032392e+08
1.397271e+06 2.213017e+03 3.030744e+08
1.396859e+06 2.228872e+03 3.029117e+08
1.396451e+06 2.244726e+03 3.027509e+08
1.396049e+06 2.260581e+03 3.025921e+08
1.395651e+06 2.276436e+03 3.024353e+08
1.395258e+06 2.292291e+03 3.022804e+08
1.394870e+06 2.308146e+03 3.021273e+08
1.394486e+06 2.324001e+03 3.019761e+08
1.394107e+06 2.339856e+03 3.018267e+08
1.393732e+06 2.355711e+03 3.016792e+08
1.393362e+06 2.371566e+03 3.015333e+08
1.392996e+06 2.387421e+03 3.013893e+08
1.392634e+06 2.403275e+03 3.012469e+08
1.392276e+06 2.419130e+03 3.011062e+08
1.391923e+06 2.434985e+03 3.009672e+08
1.391574e+06 2.450840e+03 3.008299e+08
1.391229e+06 2.466695e+03 3.006941e+08
1.390887e+06 2.482550e+03 3.005599e+08
1.390550e+06 2.498405e+03 3.004274e+08
1.390217e+06 2.514260e+03 3.002963e+08
1.389887e+06 2.530115e+03 3.001668e+08
1.389561e+06 2.545970e+03 3.000388e+08
1.389239e+06 2.561824e+03 2.999123e+08
1.388921e+06 2.577679e+03 2.997872e+08
1.388606e+06 2.593534e+03 2.996636e+08
1.388295e+06 2.609389e+03 2.995414e+08
1.387987e+06 2.625244e+03 2.994206e+08
1.387382e+06 2.656954e+03 2.991831e+08
1.387084e+06 2.672809e+03 2.990664e+08
1.386790e+06 2.688664e+03 2.989510e+08
1.386499e+06 2.704518e+03 2.988369e+08
1.386211e+06 2.720373e+03 2.987240e+08
1.385645e+06 2.752083e+03 2.985022e+08
1.385367e+06 2.767938e+03 2.983931e+08
1.385092e+06 2.783793e+03 2.982852e+08
1.384819e+06 2.799648e+03 2.981786e+08
1.384550e+06 2.815503e+03 2.980731e+08
1.384020e+06 2.847213e+03 2.978656e+08
1.383760e+06 2.863067e+03 2.977636e+08
1.383502e+06 2.878922e+03 2.976627e+08
1.382995e+06 2.910632e+03 2.974643e+08
1.382745e+06 2.926487e+03 2.973667e+08
1.382499e+06 2.942342e+03 2.972701e+08
1.382255e+06 2.958197e+03 2.971746e+08
1.381774e+06 2.989907e+03 2.969868e+08
1.381538e+06 3.005761e+03 2.968945e+08
1.381305e+06 3.021616e+03 2.968031e+08
1.380845e+06 3.053326e+03 2.966234e+08
1.380618e+06 3.069181e+03 2.965350e+08
1.380395e+06 3.085036e+03 2.964475e+08
1.379954e+06 3.116746e+03 2.962753e+08
1.379737e+06 3.132601e+03 2.961906e+08
1.379310e+06 3.164310e+03 2.960239e+08
1.379100e+06 3.180165e+03 2.959419e+08
1.378892e+06 3.196020e+03 2.958607e+08
1.378483e+06 3.227730e+03 2.957009e+08
1.378281e+06 3.243585e+03 2.956223e+08
1.377885e+06 3.275295e+03 2.954676e+08
1.377689e+06 3.291150e+03 2.953914e+08
1.377305e+06 3.322859e+03 2.952415e+08
1.377116e+06 3.338714e+03 2.951677e+08
1.376929e+06 3.354569e+03 2.950947e+08
1.376560e+06 3.386279e+03 2.949509e+08
1.376378e+06 3.402134e+03 2.948801e+08
1.376021e+06 3.433844e+03 2.947408e+08
1.375845e+06 3.449699e+03 2.946722e+08
1.375498e+06 3.481408e+03 2.945371e+08
1.375158e+06 3.513118e+03 2.944048e+08
1.374991e+06 3.528973e+03 2.943397e+08
1.374662e+06 3.560683e+03 2.942115e+08
1.374500e+06 3.576538e+03 2.941483e+08
1.374180e+06 3.608248e+03 2.940240e+08
1.374023e+06 3.624102e+03 2.939627e+08
1.373713e+06 3.655812e+03 2.938421e+08
1.373409e+06 3.687522e+03 2.937240e+08
1.373260e+06 3.703377e+03 2.936658e+08
1.372965e+06 3.735087e+03 2.935512e+08
1.372677e+06 3.766797e+03 2.934389e+08
1.372534e+06 3.782651e+03 2.933836e+08
1.372254e+06 3.814361e+03 2.932746e+08
1.371980e+06 3.846071e+03 2.931678e+08
1.371844e+06 3.861926e+03 2.931153e+08
1.371578e+06 3.893636e+03 2.930118e+08
1.371317e+06 3.925345e+03 2.929103e+08
1.371188e+06 3.941200e+03 2.928603e+08
1.370935e+06 3.972910e+03 2.927619e+08
1.370687e+06 4.004620e+03 2.926654e+08
1.370443e+06 4.036330e+03 2.925709e+08
1.370205e+06 4.068040e+03 2.924782e+08
1.370087e+06 4.083894e+03 2.924325e+08
1.369856e+06 4.115604e+03 2.923426e+08
1.369628e+06 4.147314e+03 2.922544e+08
1.369406e+06 4.179024e+03 2.921680e+08
1.369187e+06 4.210734e+03 2.920833e+08
1.368973e+06 4.242443e+03 2.920002e+08
1.368868e+06 4.258298e+03 2.919593e+08
1.368660e+06 4.290008e+03 2.918786e+08
1.368456e+06 4.321718e+03 2.917996e+08
1.368256e+06 4.353428e+03 2.917220e+08
1.368060e+06 4.385137e+03 2.916460e+08
1.367868e+06 4.416847e+03 2.915715e+08
1.367680e+06 4.448557e+03 2.914984e+08
1.367495e+06 4.480267e+03 2.914268e+08
1.367314e+06 4.511977e+03 2.913565e+08
1.367136e+06 4.543686e+03 2.912875e+08
1.366961e+06 4.575396e+03 2.912199e+08
1.366790e+06 4.607106e+03 2.911536e+08
1.366622e+06 4.638816e+03 2.910885e+08
1.366458e+06 4.670526e+03 2.910247e+08
1.366296e+06 4.702235e+03 2.909621e+08
1.366138e+06 4.733945e+03 2.909007e+08
1.365982e+06 4.765655e+03 2.908405e+08
1.365830e+06 4.797365e+03 2.907814e+08
1.365606e+06 4.844929e+03 2.906948e+08
1.365461e+06 4.876639e+03 2.906385e+08
1.365318e+06 4.908349e+03 2.905832e+08
1.365178e+06 4.940059e+03 2.905290e+08
1.365041e+06 4.971769e+03 2.904758e+08
1.364906e+06 5.003478e+03 2.904236e+08
1.364708e+06 5.051043e+03 2.903472e+08
1.364580e+06 5.082753e+03 2.902974e+08
1.364453e+06 5.114463e+03 2.902486e+08
1.364330e+06 5.146172e+03 2.902006e+08
1.364148e+06 5.193737e+03 2.901304e+08
1.364030e+06 5.225447e+03 2.900847e+08
1.363914e+06 5.257157e+03 2.900399e+08
1.363744e+06 5.304721e+03 2.899742e+08
1.363634e+06 5.336431e+03 2.899314e+08
1.363525e+06 5.368141e+03 2.898894e+08
1.363366e+06 5.415706e+03 2.898279e+08
1.363263e+06 5.447415e+03 2.897879e+08
1.363111e+06 5.494980e+03 2.897292e+08
1.363012e+06 5.526690e+03 2.896910e+08
1.362915e+06 5.558400e+03 2.896534e+08
1.362773e+06 5.605964e+03 2.895985e+08
1.362680e+06 5.637674e+03 2.895627e+08
1.362545e+06 5.685239e+03 2.895103e+08
1.362456e+06 5.716949e+03 2.894761e+08
1.362327e+06 5.764513e+03 2.894261e+08
1.362242e+06 5.796223e+03 2.893935e+08
1.362119e+06 5.843788e+03 2.893457e+08
1.361999e+06 5.891353e+03 2.892992e+08
1.361920e+06 5.923062e+03 2.892690e+08
1.361806e+06 5.970627e+03 2.892246e+08
1.361694e+06 6.018192e+03 2.891815e+08
1.361621e+06 6.049902e+03 2.891534e+08
1.361515e+06 6.097466e+03 2.891122e+08
1.361411e+06 6.145031e+03 2.890722e+08
1.361344e+06 6.176741e+03 2.890461e+08
1.361245e+06 6.224305e+03 2.890079e+08
1.361148e+06 6.271870e+03 2.889707e+08
1.361055e+06 6.319435e+03 2.889345e+08
1.360994e+06 6.351145e+03 2.889110e+08
1.360904e+06 6.398709e+03 2.888764e+08
1.360817e+06 6.446274e+03 2.888428e+08
1.360733e+06 6.493839e+03 2.888101e+08
1.360650e+06 6.541403e+03 2.887784e+08
1.360570e+06 6.588968e+03 2.887474e+08
1.360492e+06 6.636533e+03 2.887174e+08
1.360442e+06 6.668242e+03 2.886978e+08
1.360367e+06 6.715807e+03 2.886690e+08
1.360295e+06 6.763372e+03 2.886411e+08
1.360224e+06 6.810937e+03 2.886139e+08
1.360156e+06 6.858501e+03 2.885874e+08
1.360089e+06 6.906066e+03 2.885617e+08
1.360003e+06 6.969485e+03 2.885285e+08
1.359940e+06 7.017050e+03 2.885043e+08
1.359880e+06 7.064615e+03 2.884808e+08
1.359820e+06 7.112180e+03 2.884580e+08
1.359763e+06 7.159744e+03 2.884358e+08
1.359707e+06 7.207309e+03 2.884141e+08
1.359652e+06 7.254874e+03 2.883931e+08
1.359582e+06 7.318293e+03 2.883659e+08
1.359531e+06 7.365858e+03 2.883462e+08
1.359481e+06 7.413423e+03 2.883270e+08
1.359432e+06 7.460987e+03 2.883083e+08
1.359370e+06 7.524407e+03 2.882841e+08
1.359324e+06 7.571972e+03 2.882666e+08
1.359280e+06 7.619536e+03 2.882496e+08
1.359223e+06 7.682956e+03 2.882275e+08
1.359182e+06 7.730521e+03 2.882115e+08
1.359128e+06 7.793940e+03 2.881908e+08
1.359089e+06 7.841505e+03 2.881758e+08
1.359039e+06 7.904924e+03 2.881564e+08
1.359002e+06 7.952489e+03 2.881423e+08
1.358955e+06 8.015909e+03 2.881241e+08
1.358921e+06 8.063473e+03 2.881109e+08
1.358876e+06 8.126893e+03 2.880938e+08
1.358844e+06 8.174458e+03 2.880814e+08
1.358803e+06 8.237877e+03 2.880654e+08
1.358763e+06 8.301297e+03 2.880499e+08
1.358734e+06 8.348861e+03 2.880387e+08
1.358696e+06 8.412281e+03 2.880242e+08
1.358660e+06 8.475701e+03 2.880102e+08
1.358633e+06 8.523265e+03 2.880000e+08
1.358599e+06 8.586685e+03 2.879869e+08
1.358566e+06 8.650104e+03 2.879742e+08
1.358535e+06 8.713524e+03 2.879620e+08
1.358504e+06 8.776944e+03 2.879502e+08
1.358475e+06 8.840363e+03 2.879388e+08
1.358446e+06 8.903783e+03 2.879279e+08
1.358419e+06 8.967202e+03 2.879173e+08
1.358399e+06 9.014767e+03 2.879096e+08
1.358373e+06 9.078187e+03 2.878997e+08
1.358342e+06 9.157461e+03 2.878878e+08
1.358319e+06 9.220881e+03 2.878786e+08
1.358296e+06 9.284300e+03 2.878698e+08
1.358274e+06 9.347720e+03 2.878613e+08
1.358252e+06 9.411139e+03 2.878531e+08
1.358232e+06 9.474559e+03 2.878452e+08
1.358212e+06 9.537979e+03 2.878375e+08
1.358188e+06 9.617253e+03 2.878284e+08
1.358170e+06 9.680673e+03 2.878213e+08
1.358152e+06 9.744092e+03 2.878145e+08
1.358135e+06 9.807512e+03 2.878080e+08
1.358115e+06 9.886786e+03 2.878001e+08
1.358099e+06 9.950206e+03 2.877941e+08
1.358079e+06 1.003582e+04 2.877862e+08
1.358064e+06 1.010241e+04 2.877804e+08
1.358049e+06 1.016900e+04 2.877748e+08
1.358035e+06 1.023559e+04 2.877694e+08
1.358022e+06 1.030218e+04 2.877642e+08
1.358004e+06 1.039097e+04 2.877576e+08
1.357992e+06 1.045756e+04 2.877528e+08
1.357980e+06 1.052415e+04 2.877482e+08
1.357965e+06 1.061294e+04 2.877424e+08
1.357954e+06 1.067953e+04 2.877382e+08
1.357944e+06 1.074612e+04 2.877341e+08
1.357930e+06 1.083491e+04 2.877290e+08
1.357921e+06 1.090150e+04 2.877253e+08
1.357908e+06 1.099029e+04 2.877206e+08
1.357900e+06 1.105688e+04 2.877172e+08
1.357888e+06 1.114567e+04 2.877128e+08
1.357880e+06 1.121226e+04 2.877097e+08
1.357870e+06 1.130104e+04 2.877058e+08
1.357863e+06 1.136763e+04 2.877030e+08
1.357853e+06 1.145642e+04 2.876993e+08
1.357847e+06 1.152301e+04 2.876967e+08
1.357838e+06 1.161180e+04 2.876934e+08
1.357830e+06 1.170059e+04 2.876903e+08
1.357824e+06 1.176718e+04 2.876880e+08
1.357817e+06 1.185596e+04 2.876851e+08
1.357810e+06 1.194475e+04 2.876824e+08
1.357803e+06 1.203354e+04 2.876798e+08
1.357796e+06 1.212233e+04 2.876773e+08
1.357792e+06 1.218892e+04 2.876755e+08
1.357786e+06 1.227770e+04 2.876733e+08
1.357780e+06 1.236649e+04 2.876711e+08
1.357775e+06 1.245528e+04 2.876691e+08
1.357770e+06 1.254407e+04 2.876671e+08
1.357765e+06 1.263285e+04 2.876653e+08
1.357760e+06 1.272164e+04 2.876635e+08
1.357756e+06 1.281043e+04 2.876618e+08
1.357752e+06 1.289922e+04 2.876602e+08
1.357748e+06 1.298800e+04 2.876587e+08
1.357744e+06 1.307679e+04 2.876573e+08
1.357741e+06 1.316558e+04 2.876559e+08
1.357737e+06 1.327656e+04 2.876543e+08
1.357733e+06 1.336535e+04 2.876531e+08
1.357730e+06 1.345414e+04 2.876519e+08
1.357728e+06 1.354293e+04 2.876508e+08
1.357724e+06 1.365391e+04 2.876495e+08
1.357722e+06 1.374270e+04 2.876485e+08
1.357719e+06 1.383148e+04 2.876476e+08
1.357716e+06 1.394247e+04 2.876465e+08
1.357714e+06 1.403126e+04 2.876456e+08
1.357712e+06 1.412004e+04 2.876448e+08
1.357710e+06 1.423103e+04 2.876439e+08
1.357708e+06 1.431982e+04 2.876432e+08
1.357706e+06 1.443080e+04 2.876423e+08
1.357704e+06 1.454178e+04 2.876415e+08
1.357702e+06 1.463057e+04 2.876409e+08
1.357700e+06 1.474156e+04 2.876402e+08
1.357699e+06 1.483034e+04 2.876397e+08
1.357697e+06 1.494133e+04 2.876391e+08
1.357696e+06 1.505231e+04 2.876385e+08
1.357694e+06 1.516330e+04 2.876379e+08
1.357693e+06 1.525208e+04 2.876375e+08
1.357692e+06 1.536307e+04 2.876370e+08
1.357691e+06 1.547405e+04 2.876366e+08
1.357689e+06 1.558504e+04 2.876361e+08
1.357688e+06 1.569602e+04 2.876357e+08
1.357687e+06 1.580700e+04 2.876353e+08
1.357686e+06 1.591799e+04 2.876350e+08
1.357686e+06 1.602897e+04 2.876346e+08
1.357685e+06 1.613996e+04 2.876343e+08
1.357684e+06 1.625094e+04 2.876340e+08
1.357683e+06 1.636193e+04 2.876337e+08
1.357682e+06 1.649511e+04 2.876334e+08
1.357682e+06 1.660609e+04 2.876332e+08
1.357681e+06 1.671708e+04 2.876329e+08
1.357681e+06 1.682806e+04 2.876327e+08
1.357680e+06 1.696124e+04 2.876325e+08
1.357680e+06 1.707223e+04 2.876323e+08
1.357679e+06 1.718321e+04 2.876321e+08
1.357679e+06 1.731639e+04 2.876319e+08
1.357678e+06 1.742737e+04 2.876318e+08
1.357678e+06 1.756056e+04 2.876316e+08
1.357677e+06 1.769374e+04 2.876314e+08
1.357677e+06 1.780472e+04 2.876313e+08
1.357677e+06 1.793790e+04 2.876312e+08
1.357676e+06 1.804889e+04 2.876311e+08
1.357676e+06 1.818207e+04 2.876310e+08
1.357676e+06 1.831525e+04 2.876308e+08
1.357675e+06 1.844843e+04 2.876307e+08
1.357675e+06 1.858161e+04 2.876306e+08
1.357675e+06 1.869260e+04 2.876306e+08
1.357675e+06 1.882578e+04 2.876305e+08
1.357675e+06 1.895896e+04 2.876304e+08
1.357674e+06 1.909214e+04 2.876303e+08
1.357674e+06 1.922532e+04 2.876303e+08
1.357674e+06 1.935850e+04 2.876302e+08
1.357674e+06 1.951388e+04 2.876301e+08
1.357674e+06 1.964706e+04 2.876301e+08
1.357674e+06 1.978024e+04 2.876300e+08
1.357674e+06 1.991342e+04 2.876300e+08
1.357673e+06 2.006880e+04 2.876300e+08
1.357673e+06 2.020198e+04 2.876299e+08
1.357673e+06 2.033516e+04 2.876299e+08
1.357673e+06 2.049054e+04 2.876298e+08
1.357673e+06 2.062372e+04 2.876298e+08
1.357673e+06 2.077910e+04 2.876298e+08
1.357673e+06 2.091228e+04 2.876298e+08
1.357673e+06 2.106766e+04 2.876297e+08
1.357673e+06 2.122304e+04 2.876297e+08
1.357673e+06 2.135622e+04 2.876297e+08
1.357673e+06 2.151160e+04 2.876297e+08
1.357673e+06 2.166697e+04 2.876296e+08
1.357673e+06 2.182235e+04 2.876296e+08
1.357673e+06 2.197773e+04 2.876296e+08
1.357673e+06 2.213311e+04 2.876296e+08
1.357672e+06 2.228849e+04 2.876296e+08
1.357672e+06 2.244386e+04 2.876296e+08
1.357672e+06 2.259924e+04 2.876296e+08
1.357672e+06 2.275462e+04 2.876295e+08
1.357672e+06 2.291000e+04 2.876295e+08
1.357672e+06 2.308757e+04 2.876295e+08
1.357672e+06 2.324295e+04 2.876295e+08
1.357672e+06 2.339833e+04 2.876295e+08
1.357672e+06 2.357590e+04 2.876295e+08
1.357672e+06 2.373128e+04 2.876295e+08
1.357672e+06 2.390886e+04 2.876295e+08
1.357672e+06 2.406423e+04 2.876295e+08
1.357672e+06 2.424181e+04 2.876295e+08
1.357672e+06 2.441938e+04 2.876295e+08
1.357672e+06 2.457476e+04 2.876295e+08
1.357672e+06 2.475234e+04 2.876295e+08
1.357672e+06 2.492991e+04 2.876295e+08
1.357672e+06 2.510749e+04 2.876295e+08
1.357672e+06 2.528506e+04 2.876295e+08
1.357672e+06 2.546264e+04 2.876295e+08
1.357672e+06 2.564021e+04 2.876294e+08
1.357672e+06 2.581779e+04 2.876294e+08
1.357672e+06 2.599536e+04 2.876294e+08
1.357672e+06 2.617294e+04 2.876294e+08
1.357672e+06 2.637271e+04 2.876294e+08
1.357672e+06 2.655028e+04 2.876294e+08
1.357672e+06 2.672786e+04 2.876294e+08
1.357672e+06 2.692763e+04 2.876294e+08
1.357672e+06 2.710520e+04 2.876294e+08
1.357672e+06 2.730498e+04 2.876294e+08
1.357672e+06 2.750475e+04 2.876294e+08
1.357672e+06 2.768232e+04 2.876294e+08
1.357672e+06 2.788209e+04 2.876294e+08
1.357672e+06 2.808186e+04 2.876294e+08
1.357672e+06 2.828164e+04 2.876294e+08
1.357672e+06 2.848141e+04 2.876294e+08
1.357672e+06 2.868118e+04 2.876294e+08
1.357672e+06 2.888095e+04 2.876294e+08
1.357672e+06 2.908072e+04 2.876294e+08
1.357672e+06 2.928050e+04 2.876294e+08
1.357672e+06 2.950246e+04 2.876294e+08
1.357672e+06 2.970224e+04 2.876294e+08
1.357672e+06 2.990201e+04 2.876294e+08
1.357672e+06 3.012398e+04 2.876294e+08
1.357672e+06 3.032375e+04 2.876294e+08
1.357672e+06 3.054572e+04 2.876294e+08
1.357672e+06 3.076768e+04 2.876294e+08
1.357672e+06 3.096746e+04 2.876294e+08
1.357672e+06 3.118942e+04 2.876294e+08
1.357672e+06 3.141139e+04 2.876294e+08
1.357672e+06 3.163336e+04 2.876294e+08
1.357672e+06 3.185533e+04 2.876294e+08
1.357672e+06 3.207730e+04 2.876294e+08
1.357672e+06 3.229927e+04 2.876294e+08
1.357672e+06 3.254343e+04 2.876294e+08
1.357672e+06 3.276540e+04 2.876294e+08
1.357672e+06 3.298737e+04 2.876294e+08
1.357672e+06 3.323154e+04 2.876294e+08
1.357672e+06 3.345350e+04 2.876294e+08
1.357672e+06 3.369767e+04 2.876294e+08
1.357672e+06 3.394183e+04 2.876294e+08
1.357672e+06 3.416380e+04 2.876294e+08
1.357672e+06 3.440797e+04 2.876294e+08
1.357672e+06 3.465213e+04 2.876294e+08
1.357672e+06 3.489630e+04 2.876294e+08
1.357672e+06 3.514046e+04 2.876294e+08
1.357672e+06 3.538463e+04 2.876294e+08
1.357672e+06 3.562880e+04 2.876294e+08
1.357672e+06 3.589516e+04 2.876294e+08
1.357672e+06 3.613932e+04 2.876294e+08
1.357672e+06 3.640569e+04 2.876294e+08
1.357672e+06 3.664985e+04 2.876294e+08
1.357672e+06 3.691621e+04 2.876294e+08
1.357672e+06 3.716038e+04 2.876294e+08
1.357672e+06 3.742674e+04 2.876294e+08
1.357672e+06 3.769310e+04 2.876294e+08
1.357672e+06 3.795947e+04 2.876294e+08
1.357672e+06 3.822583e+04 2.876294e+08
1.357672e+06 3.849219e+04 2.876294e+08
1.357672e+06 3.875855e+04 2.876294e+08
1.357672e+06 3.904711e+04 2.876294e+08
1.357672e+06 3.931347e+04 2.876294e+08
1.357672e+06 3.957984e+04 2.876294e+08
1.357672e+06 3.986839e+04 2.876294e+08
1.357672e+06 4.015695e+04 2.876294e+08
1.357672e+06 4.042332e+04 2.876294e+08
1.357672e+06 4.071188e+04 2.876294e+08
1.357672e+06 4.100043e+04 2.876294e+08
1.357672e+06 4.128899e+04 2.876294e+08
1.357672e+06 4.157755e+04 2.876294e+08
1.357672e+06 4.186611e+04 2.876294e+08
1.357672e+06 4.217687e+04 2.876294e+08
1.357672e+06 4.246543e+04 2.876294e+08
1.357672e+06 4.275399e+04 2.876294e+08
1.357672e+06 4.306474e+04 2.876294e+08
1.357672e+06 4.337550e+04 2.876294e+08
1.357672e+06 4.366406e+04 2.876294e+08
1.357672e+06 4.397481e+04 2.876294e+08
1.357672e+06 4.428557e+04 2.876294e+08
1.357672e+06 4.459632e+04 2.876294e+08
1.357672e+06 4.490708e+04 2.876294e+08
1.357672e+06 4.524003e+04 2.876294e+08
1.357672e+06 4.555079e+04 2.876294e+08
1.357672e+06 4.586155e+04 2.876294e+08
1.357672e+06 4.619450e+04 2.876294e+08
1.357672e+06 4.652745e+04 2.876294e+08
1.357672e+06 4.683821e+04 2.876294e+08
1.357672e+06 4.717116e+04 2.876294e+08
1.357672e+06 4.750411e+04 2.876294e+08
1.357672e+06 4.783707e+04 2.876294e+08
1.357672e+06 4.817002e+04 2.876294e+08
1.357672e+06 4.852517e+04 2.876294e+08
1.357672e+06 4.885812e+04 2.876294e+08
1.357672e+06 4.919107e+04 2.876294e+08
1.357672e+06 4.954622e+04 2.876294e+08
1.357672e+06 4.990137e+04 2.876294e+08
1.357672e+06 5.024067e+04 2.876294e+08
1.357672e+06 5.061167e+04 2.876294e+08
1.357672e+06 5.095414e+04 2.876294e+08
1.357672e+06 5.132514e+04 2.876294e+08
1.357672e+06 5.166761e+04 2.876294e+08
1.357672e+06 5.203861e+04 2.876294e+08
1.357672e+06 5.240962e+04 2.876294e+08
1.357672e+06 5.278062e+04 2.876294e+08
1.357672e+06 5.315163e+04 2.876294e+08
1.357672e+06 5.352263e+04 2.876294e+08
1.357672e+06 5.389364e+04 2.876294e+08
1.357672e+06 5.426464e+04 2.876294e+08
1.357672e+06 5.466418e+04 2.876294e+08
1.357672e+06 5.503519e+04 2.876294e+08
1.357672e+06 5.543473e+04 2.876294e+08
1.357672e+06 5.583427e+04 2.876294e+08
1.357672e+06 5.620528e+04 2.876294e+08
1.357672e+06 5.660482e+04 2.876294e+08
1.357672e+06 5.700437e+04 2.876294e+08
1.357672e+06 5.740391e+04 2.876294e+08
1.357672e+06 5.780345e+04 2.876294e+08
1.357672e+06 5.823154e+04 2.876294e+08
1.357672e+06 5.863108e+04 2.876294e+08
1.357672e+06 5.903062e+04 2.876294e+08
1.357672e+06 5.945870e+04 2.876294e+08
1.357672e+06 5.988679e+04 2.876294e+08
1.357672e+06 6.028633e+04 2.876294e+08
1.357672e+06 6.071441e+04 2.876294e+08
1.357672e+06 6.114249e+04 2.876294e+08
1.357672e+06 6.157058e+04 2.876294e+08
1.357672e+06 6.199866e+04 2.876294e+08
1.357672e+06 6.245528e+04 2.876294e+08
1.357672e+06 6.288336e+04 2.876294e+08
1.357672e+06 6.333998e+04 2.876294e+08
1.357672e+06 6.376806e+04 2.876294e+08
1.357672e+06 6.422469e+04 2.876294e+08
1.357672e+06 6.468131e+04 2.876294e+08
1.357672e+06 6.513793e+04 2.876294e+08
1.357672e+06 6.559455e+04 2.876294e+08
1.357672e+06 6.605117e+04 2.876294e+08
1.357672e+06 6.650779e+04 2.876294e+08
1.357672e+06 6.699295e+04 2.876294e+08
1.357672e+06 6.744957e+04 2.876294e+08
1.357672e+06 6.793473e+04 2.876294e+08
1.357672e+06 6.839135e+04 2.876294e+08
1.357672e+06 6.887651e+04 2.876294e+08
1.357672e+06 6.936167e+04 2.876294e+08
1.357672e+06 6.984683e+04 2.876294e+08
1.357672e+06 7.036053e+04 2.876294e+08
1.357672e+06 7.084569e+04 2.876294e+08
1.357672e+06 7.133085e+04 2.876294e+08
1.357672e+06 7.184455e+04 2.876294e+08
1.357672e+06 7.235825e+04 2.876294e+08
1.357672e+06 7.287195e+04 2.876294e+08
1.357672e+06 7.338564e+04 2.876294e+08
1.357672e+06 7.389934e+04 2.876294e+08
1.357672e+06 7.441304e+04 2.876294e+08
1.357672e+06 7.492674e+04 2.876294e+08
1.357672e+06 7.546898e+04 2.876294e+08
1.357672e+06 7.598268e+04 2.876294e+08
1.357672e+06 7.652491e+04 2.876294e+08
1.357672e+06 7.706715e+04 2.876294e+08
1.357672e+06 7.760939e+04 2.876294e+08
1.357672e+06 7.815163e+04 2.876294e+08
1.357672e+06 7.869386e+04 2.876294e+08
1.357672e+06 7.926464e+04 2.876294e+08
1.357672e+06 7.980688e+04 2.876294e+08
1.357672e+06 8.037765e+04 2.876294e+08
1.357672e+06 8.094843e+04 2.876294e+08
1.357672e+06 8.151921e+04 2.876294e+08
1.357672e+06 8.208998e+04 2.876294e+08
1.357672e+06 8.266076e+04 2.876294e+08
1.357672e+06 8.323154e+04 2.876294e+08
1.357672e+06 8.383085e+04 2.876294e+08
1.357672e+06 8.440163e+04 2.876294e+08
1.357672e+06 8.500094e+04 2.876294e+08
1.357672e+06 8.560026e+04 2.876294e+08
1.357672e+06 8.619957e+04 2.876294e+08
1.357672e+06 8.682743e+04 2.876294e+08
1.357672e+06 8.742674e+04 2.876294e+08
1.357672e+06 8.805459e+04 2.876294e+08
1.357672e+06 8.865391e+04 2.876294e+08
1.357672e+06 8.928176e+04 2.876294e+08
1.357672e+06 8.990962e+04 2.876294e+08
1.357672e+06 9.053747e+04 2.876294e+08
1.357672e+06 9.119386e+04 2.876294e+08
1.357672e+06 9.182172e+04 2.876294e+08
1.357672e+06 9.247811e+04 2.876294e+08
1.357672e+06 9.313450e+04 2.876294e+08
1.357672e+06 9.376236e+04 2.876294e+08
1.357672e+06 9.444729e+04 2.876294e+08
1.357672e+06 9.510368e+04 2.876294e+08
1.357672e+06 9.576007e+04 2.876294e+08
1.357672e+06 9.644501e+04 2.876294e+08
1.357672e+06 9.712994e+04 2.876294e+08
1.357672e+06 9.781487e+04 2.876294e+08
1.357672e+06 9.849980e+04 2.876294e+08
1.357672e+06 9.918473e+04 2.876294e+08
1.357672e+06 9.986966e+04 2.876294e+08
1.357672e+06 1.005831e+05 2.876294e+08
1.357672e+06 1.012807e+05 2.876294e+08
1.357672e+06 1.020101e+05 2.876294e+08
1.357672e+06 1.027394e+05 2.876294e+08
1.357672e+06 1.034370e+05 2.876294e+08
1.357672e+06 1.041663e+05 2.876294e+08
1.357672e+06 1.048957e+05 2.876294e+08
1.357672e+06 1.056567e+05 2.876294e+08
1.357672e+06 1.063860e+05 2.876294e+08
1.357672e+06 1.071471e+05 2.876294e+08
1.357672e+06 1.079081e+05 2.876294e+08
1.357672e+06 1.086374e+05 2.876294e+08
1.357672e+06 1.094302e+05 2.876294e+08
1.357672e+06 1.101912e+05 2.876294e+08
1.357672e+06 1.109522e+05 2.876294e+08
1.357672e+06 1.117450e+05 2.876294e+08
1.357672e+06 1.125377e+05 2.876294e+08
1.357672e+06 1.133305e+05 2.876294e+08
1.357672e+06 1.141232e+05 2.876294e+08
1.357672e+06 1.149160e+05 2.876294e+08
1.357672e+06 1.157404e+05 2.876294e+08
1.357672e+06 1.165332e+05 2.876294e+08
1.357672e+06 1.173576e+05 2.876294e+08
1.357672e+06 1.181821e+05 2.876294e+08
1.357672e+06 1.190065e+05 2.876294e+08
1.357672e+06 1.198627e+05 2.876294e+08
1.357672e+06 1.206871e+05 2.876294e+08
1.357672e+06 1.215433e+05 2.876294e+08
1.357672e+06 1.223995e+05 2.876294e+08
1.357672e+06 1.232556e+05 2.876294e+08
1.357672e+06 1.241435e+05 2.876294e+08
1.357672e+06 1.249997e+05 2.876294e+08
1.357672e+06 1.258875e+05 2.876294e+08
1.357672e+06 1.267754e+05 2.876294e+08
1.357672e+06 1.276633e+05 2.876294e+08
1.357672e+06 1.285512e+05 2.876294e+08
1.357672e+06 1.294708e+05 2.876294e+08
1.357672e+06 1.303903e+05 2.876294e+08
1.357672e+06 1.313099e+05 2.876294e+08
1.357672e+06 1.322295e+05 2.876294e+08
1.357672e+06 1.331491e+05 2.876294e+08
1.357672e+06 1.341004e+05 2.876294e+08
1.357672e+06 1.350200e+05 2.876294e+08
1.357672e+06 1.359713e+05 2.876294e+08
1.357672e+06 1.369226e+05 2.876294e+08
1.357672e+06 1.379056e+05 2.876294e+08
1.357672e+06 1.388569e+05 2.876294e+08
1.357672e+06 1.398399e+05 2.876294e+08
1.357672e+06 1.408229e+05 2.876294e+08
1.357672e+06 1.418059e+05 2.876294e+08
1.357672e+06 1.428206e+05 2.876294e+08
1.357672e+06 1.438353e+05 2.876294e+08
1.357672e+06 1.448500e+05 2.876294e+08
1.357672e+06 1.458647e+05 2.876294e+08
1.357672e+06 1.468794e+05 2.876294e+08
1.357672e+06 1.479259e+05 2.876294e+08
1.357672e+06 1.489406e+05 2.876294e+08
1.357672e+06 1.499870e+05 2.876294e+08
1.357672e+06 1.510651e+05 2.876294e+08
1.357672e+06 1.521115e+05 2.876294e+08
1.357672e+06 1.531897e+05 2.876294e+08
1.357672e+06 1.542678e+05 2.876294e+08
1.357672e+06 1.553459e+05 2.876294e+08
1.357672e+06 1.564558e+05 2.876294e+08
1.357672e+06 1.575339e+05 2.876294e+08
1.357672e+06 1.586438e+05 2.876294e+08
1.357672e+06 1.597853e+05 2.876294e+08
1.357672e+06 1.608952e+05 2.876294e+08
1.357672e+06 1.620367e+05 2.876294e+08
1.357672e+06 1.631783e+05 2.876294e+08
1.357672e+06 1.643198e+05 2.876294e+08
1.357672e+06 1.654614e+05 2.876294e+08
1.357672e+06 1.666346e+05 2.876294e+08
1.357672e+06 1.678079e+05 2.876294e+08
1.357672e+06 1.689812e+05 2.876294e+08
1.357672e+06 1.701861e+05 2.876294e+08
1.357672e+06 1.713911e+05 2.876294e+08
1.357672e+06 1.725961e+05 2.876294e+08
1.357672e+06 1.738010e+05 2.876294e+08
1.357672e+06 1.750060e+05 2.876294e+08
1.357672e+06 1.762427e+05 2.876294e+08
1.357672e+06 1.774794e+05 2.876294e+08
1.357672e+06 1.787478e+05 2.876294e+08
1.357672e+06 1.799845e+05 2.876294e+08
1.357672e+06 1.812528e+05 2.876294e+08
1.357672e+06 1.825529e+05 2.876294e+08
1.357672e+06 1.838213e+05 2.876294e+08
1.357672e+06 1.851214e+05 2.876294e+08
1.357672e+06 1.864215e+05 2.876294e+08
1.357672e+06 1.877216e+05 2.876294e+08
1.357672e+06 1.890535e+05 2.876294e+08
1.357672e+06 1.903853e+05 2.876294e+08
1.357672e+06 1.917171e+05 2.876294e+08
1.357672e+06 1.930806e+05 2.876294e+08
1.357672e+06 1.944124e+05 2.876294e+08
1.357672e+06 1.958076e+05 2.876294e+08
1.357672e+06 1.971712e+05 2.876294e+08
1.357672e+06 1.985664e+05 2.876294e+08
1.357672e+06 1.999616e+05 2.876294e+08
1.357672e+06 2.013569e+05 2.876294e+08
1.357672e+06 2.027838e+05 2.876294e+08
1.357672e+06 2.042107e+05 2.876294e+08
1.357672e+06 2.056377e+05 2.876294e+08
1.357672e+06 2.070963e+05 2.876294e+08
1.357672e+06 2.085550e+05 2.876294e+08
1.357672e+06 2.100136e+05 2.876294e+08
