1.118964e+07 3.170979e-07 1.233751e+10
1.117069e+07 6.341958e-07 1.230039e+10
1.115231e+07 9.512938e-07 1.226447e+10
1.113449e+07 1.268392e-06 1.222966e+10
1.111719e+07 1.585490e-06 1.219591e+10
1.110038e+07 1.902588e-06 1.216315e+10
1.108404e+07 2.219685e-06 1.213134e+10
1.106814e+07 2.536783e-06 1.210044e+10
1.105267e+07 2.853881e-06 1.207040e+10
1.103760e+07 3.170979e-06 1.204116e+10
1.102291e+07 3.488077e-06 1.201270e+10
1.100858e+07 3.805175e-06 1.198497e+10
1.099460e+07 4.122273e-06 1.195793e+10
1.098095e+07 4.439371e-06 1.193156e+10
1.096762e+07 4.756469e-06 1.190582e+10
1.095458e+07 5.073567e-06 1.188069e+10
1.094184e+07 5.390665e-06 1.185614e+10
1.092937e+07 5.707763e-06 1.183214e+10
1.091716e+07 6.024860e-06 1.180867e+10
1.090521e+07 6.341958e-06 1.178571e+10
1.089351e+07 6.659056e-06 1.176323e+10
1.088203e+07 6.976154e-06 1.174122e+10
1.087078e+07 7.293252e-06 1.171966e+10
1.085975e+07 7.610350e-06 1.169853e+10
1.084893e+07 7.927448e-06 1.167782e+10
1.083831e+07 8.244546e-06 1.165751e+10
1.082788e+07 8.561644e-06 1.163758e+10
1.081764e+07 8.878742e-06 1.161802e+10
1.080757e+07 9.195840e-06 1.159883e+10
1.079769e+07 9.512938e-06 1.157998e+10
1.078797e+07 9.830036e-06 1.156146e+10
1.077841e+07 1.014713e-05 1.154327e+10
1.076901e+07 1.046423e-05 1.152539e+10
1.075977e+07 1.078133e-05 1.150781e+10
1.075067e+07 1.109843e-05 1.149052e+10
1.074172e+07 1.141553e-05 1.147352e+10
1.073290e+07 1.173262e-05 1.145679e+10
1.072422e+07 1.204972e-05 1.144033e+10
1.071567e+07 1.236682e-05 1.142413e+10
1.070725e+07 1.268392e-05 1.140818e+10
1.069895e+07 1.300101e-05 1.139247e+10
1.069078e+07 1.331811e-05 1.137700e+10
1.068272e+07 1.363521e-05 1.136176e+10
1.067477e+07 1.395231e-05 1.134674e+10
1.066693e+07 1.426941e-05 1.133194e+10
1.065920e+07 1.458650e-05 1.131735e+10
1.065157e+07 1.490360e-05 1.130297e+10
1.064405e+07 1.522070e-05 1.128878e+10
1.063663e+07 1.553780e-05 1.127480e+10
1.062930e+07 1.585490e-05 1.126100e+10
1.062207e+07 1.617199e-05 1.124738e+10
1.061493e+07 1.648909e-05 1.123395e+10
1.060787e+07 1.680619e-05 1.122069e+10
1.060091e+07 1.712329e-05 1.120760e+10
1.059403e+07 1.744039e-05 1.119468e+10
1.058724e+07 1.775748e-05 1.118192e+10
1.058052e+07 1.807458e-05 1.116933e+10
1.057389e+07 1.839168e-05 1.115688e+10
1.056733e+07 1.870878e-05 1.114459e+10
1.056085e+07 1.902588e-05 1.113245e+10
1.055445e+07 1.934297e-05 1.112045e+10
1.054811e+07 1.966007e-05 1.110860e+10
1.054185e+07 1.997717e-05 1.109688e+10
1.053566e+07 2.029427e-05 1.108529e+10
1.052953e+07 2.061136e-05 1.107384e+10
1.052346e+07 2.092846e-05 1.106250e+10
1.051746e+07 2.124556e-05 1.105129e+10
1.051152e+07 2.156266e-05 1.104020e+10
1.050564e+07 2.187976e-05 1.102923e+10
1.049982e+07 2.219685e-05 1.101837e+10
1.049405e+07 2.251395e-05 1.100762e+10
1.048835e+07 2.283105e-05 1.099698e+10
1.048270e+07 2.314815e-05 1.098646e+10
1.047710e+07 2.346525e-05 1.097604e+10
1.047156e+07 2.378234e-05 1.096572e+10
1.046607e+07 2.409944e-05 1.095550e+10
1.046063e+07 2.441654e-05 1.094539e+10
1.045524e+07 2.473364e-05 1.093538e+10
1.044991e+07 2.505074e-05 1.092546e+10
1.044462e+07 2.536783e-05 1.091563e+10
1.043938e+07 2.568493e-05 1.090590e+10
1.043418e+07 2.600203e-05 1.089626e+10
1.042904e+07 2.631913e-05 1.088671e+10
1.042394e+07 2.663623e-05 1.087725e+10
1.041888e+07 2.695332e-05 1.086788e+10
1.041387e+07 2.727042e-05 1.085859e+10
1.037528e+07 2.980720e-05 1.078719e+10
1.032616e+07 3.329528e-05 1.069660e+10
1.028104e+07 3.678336e-05 1.061368e+10
1.023208e+07 4.090563e-05 1.052401e+10
1.018052e+07 4.566210e-05 1.042996e+10
1.013042e+07 5.073567e-05 1.033891e+10
1.007907e+07 5.644343e-05 1.024596e+10
1.002720e+07 6.278539e-05 1.015245e+10
9.975273e+06 6.976154e-05 1.005920e+10
9.923366e+06 7.737189e-05 9.966363e+09
9.868031e+06 8.625063e-05 9.867813e+09
9.813972e+06 9.576357e-05 9.771949e+09
9.758152e+06 1.065449e-04 9.673392e+09
9.701459e+06 1.185946e-04 9.573740e+09
9.645822e+06 1.315956e-04 9.476385e+09
9.587590e+06 1.464992e-04 9.374955e+09
9.528891e+06 1.629883e-04 9.273194e+09
9.470185e+06 1.810629e-04 9.171908e+09
9.409456e+06 2.013572e-04 9.067643e+09
9.346601e+06 2.241882e-04 8.960278e+09
9.283259e+06 2.492390e-04 8.852647e+09
9.218527e+06 2.771436e-04 8.743243e+09
9.152418e+06 3.082192e-04 8.632125e+09
9.084536e+06 3.427829e-04 8.518674e+09
9.015034e+06 3.811517e-04 8.403198e+09
8.942958e+06 4.239599e-04 8.284172e+09
8.868070e+06 4.715246e-04 8.161291e+09
8.790257e+06 5.244800e-04 8.034462e+09
8.709946e+06 5.831431e-04 7.904472e+09
8.625889e+06 6.487823e-04 7.769413e+09
8.538778e+06 7.213978e-04 7.630524e+09
8.447356e+06 8.022577e-04 7.485939e+09
8.351292e+06 8.923135e-04 7.335319e+09
8.250696e+06 9.925165e-04 7.179029e+09
8.122908e+06 1.126966e-03 6.982619e+09
8.009954e+06 1.253805e-03 6.810996e+09
7.903118e+06 1.380644e-03 6.650390e+09
7.777532e+06 1.539193e-03 6.463744e+09
7.659833e+06 1.697742e-03 6.290932e+09
7.527408e+06 1.888001e-03 6.098951e+09
7.383626e+06 2.109970e-03 5.893458e+09
7.250045e+06 2.331938e-03 5.705310e+09
7.108404e+06 2.585616e-03 5.508731e+09
6.945785e+06 2.902714e-03 5.286763e+09
6.797131e+06 3.219812e-03 5.087359e+09
6.647570e+06 3.568620e-03 4.890117e+09
6.487011e+06 3.980847e-03 4.682173e+09
6.330867e+06 4.424784e-03 4.483745e+09
6.179787e+06 4.900431e-03 4.295341e+09
6.025808e+06 5.439498e-03 4.106970e+09
5.864207e+06 6.073694e-03 3.913259e+09
5.713486e+06 6.739599e-03 3.736292e+09
5.560618e+06 7.500634e-03 3.560471e+09
5.414354e+06 8.325089e-03 3.395726e+09
5.265760e+06 9.276383e-03 3.231863e+09
5.122101e+06 1.032281e-02 3.076806e+09
4.969636e+06 1.159120e-02 2.915892e+09
4.837808e+06 1.285959e-02 2.779816e+09
4.695655e+06 1.444508e-02 2.636279e+09
4.573455e+06 1.603057e-02 2.515560e+09
4.467053e+06 1.761606e-02 2.412467e+09
4.355940e+06 1.951865e-02 2.306830e+09
4.244325e+06 2.173833e-02 2.202805e+09
4.135463e+06 2.427511e-02 2.103374e+09
4.042079e+06 2.681190e-02 2.019686e+09
3.942336e+06 2.998288e-02 1.931911e+09
3.849285e+06 3.347095e-02 1.851557e+09
3.769907e+06 3.695903e-02 1.784193e+09
3.689568e+06 4.108130e-02 1.717130e+09
3.611045e+06 4.583777e-02 1.652673e+09
3.540104e+06 5.091134e-02 1.595369e+09
3.472335e+06 5.661910e-02 1.541456e+09
3.408698e+06 6.296106e-02 1.491570e+09
3.349417e+06 6.993721e-02 1.445746e+09
3.292492e+06 7.786466e-02 1.402335e+09
3.240705e+06 8.642631e-02 1.363345e+09
3.190629e+06 9.625634e-02 1.326102e+09
3.134105e+06 1.095745e-01 1.284607e+09
3.100233e+06 1.190874e-01 1.260018e+09
3.052969e+06 1.349423e-01 1.226010e+09
3.021466e+06 1.476262e-01 1.203569e+09
2.988096e+06 1.634811e-01 1.179995e+09
2.954930e+06 1.825070e-01 1.156769e+09
2.923380e+06 2.047038e-01 1.134863e+09
2.897593e+06 2.269007e-01 1.117094e+09
2.873450e+06 2.522685e-01 1.100570e+09
2.851453e+06 2.808073e-01 1.085609e+09
2.833666e+06 3.093461e-01 1.073577e+09
2.816263e+06 3.442269e-01 1.061862e+09
2.800283e+06 3.854496e-01 1.051154e+09
2.787940e+06 4.266724e-01 1.042916e+09
2.776955e+06 4.742371e-01 1.035608e+09
2.767506e+06 5.281437e-01 1.029340e+09
2.759558e+06 5.883923e-01 1.024081e+09
2.753216e+06 6.518119e-01 1.019893e+09
2.747640e+06 7.247444e-01 1.016216e+09
2.742792e+06 8.071899e-01 1.013025e+09
2.738681e+06 8.959773e-01 1.010323e+09
2.734883e+06 9.974486e-01 1.007828e+09
2.730495e+06 1.127459e+00 1.004950e+09
2.726936e+06 1.254298e+00 1.002618e+09
2.723892e+06 1.381137e+00 1.000626e+09
2.720617e+06 1.539686e+00 9.984836e+08
2.717746e+06 1.698235e+00 9.966079e+08
2.714675e+06 1.888494e+00 9.946032e+08
2.711463e+06 2.110462e+00 9.925082e+08
2.708554e+06 2.332431e+00 9.906124e+08
2.705167e+06 2.617819e+00 9.884068e+08
2.702093e+06 2.903207e+00 9.864075e+08
2.698975e+06 3.220305e+00 9.843812e+08
2.695831e+06 3.569113e+00 9.823393e+08
2.692427e+06 3.981340e+00 9.801314e+08
2.689066e+06 4.425277e+00 9.779534e+08
2.685538e+06 4.932634e+00 9.756694e+08
2.682087e+06 5.471700e+00 9.734373e+08
2.678521e+06 6.074186e+00 9.711335e+08
2.674704e+06 6.771802e+00 9.686700e+08
2.670850e+06 7.532837e+00 9.661848e+08
2.666972e+06 8.357291e+00 9.636881e+08
2.662803e+06 9.308585e+00 9.610063e+08
2.656029e+06 1.064040e+01 9.566563e+08
2.652292e+06 1.159169e+01 9.542604e+08
2.647596e+06 1.286008e+01 9.512529e+08
2.641881e+06 1.444557e+01 9.475988e+08
2.636162e+06 1.603106e+01 9.439485e+08
2.630296e+06 1.761655e+01 9.402104e+08
2.621602e+06 1.983624e+01 9.346826e+08
2.612115e+06 2.205592e+01 9.286668e+08
2.601600e+06 2.427561e+01 9.220191e+08
2.586301e+06 2.712949e+01 9.123840e+08
2.568795e+06 2.998337e+01 9.014135e+08
2.544229e+06 3.347145e+01 8.861172e+08
2.513279e+06 3.727662e+01 8.670090e+08
2.474991e+06 4.139889e+01 8.436239e+08
2.428568e+06 4.583827e+01 8.156470e+08
2.366822e+06 5.122893e+01 7.790406e+08
2.297220e+06 5.693669e+01 7.386082e+08
2.219098e+06 6.327865e+01 6.943587e+08
2.136362e+06 7.025481e+01 6.488131e+08
2.050388e+06 7.818225e+01 6.029304e+08
1.969690e+06 8.674390e+01 5.612165e+08
1.893147e+06 9.657393e+01 5.228715e+08
1.827104e+06 1.073553e+02 4.906981e+08
1.771473e+06 1.194050e+02 4.642145e+08
1.726302e+06 1.327231e+02 4.431898e+08
1.689483e+06 1.476267e+02 4.263725e+08
1.659431e+06 1.641158e+02 4.128598e+08
1.633903e+06 1.825075e+02 4.015334e+08
1.611269e+06 2.031188e+02 3.916074e+08
1.590714e+06 2.259499e+02 3.826885e+08
1.571699e+06 2.510006e+02 3.745191e+08
1.553340e+06 2.792223e+02 3.667058e+08
1.534476e+06 3.128347e+02 3.587533e+08
1.517560e+06 3.477155e+02 3.516880e+08
1.501351e+06 3.857672e+02 3.449764e+08
1.484791e+06 4.301609e+02 3.381786e+08
1.469240e+06 4.777256e+02 3.318492e+08
1.454599e+06 5.284613e+02 3.259393e+08
1.439260e+06 5.887099e+02 3.197977e+08
1.424408e+06 6.553005e+02 3.138684e+08
1.410154e+06 7.282330e+02 3.081774e+08
1.395909e+06 8.106784e+02 3.025370e+08
1.382320e+06 8.994659e+02 2.972004e+08
1.368687e+06 1.000000e+03 2.918891e+08
1.368675e+06 1.000095e+03 2.918846e+08
1.368664e+06 1.000191e+03 2.918800e+08
1.368655e+06 1.000286e+03 2.918767e+08
1.368659e+06 1.000382e+03 2.918782e+08
1.368686e+06 1.000477e+03 2.918885e+08
1.368742e+06 1.000573e+03 2.919105e+08
1.368831e+06 1.000668e+03 2.919451e+08
1.368954e+06 1.000764e+03 2.919925e+08
1.369107e+06 1.000859e+03 2.920520e+08
1.369289e+06 1.000955e+03 2.921226e+08
1.369498e+06 1.001051e+03 2.922039e+08
1.369727e+06 1.001146e+03 2.922927e+08
1.369975e+06 1.001241e+03 2.923889e+08
1.370243e+06 1.001338e+03 2.924930e+08
1.370520e+06 1.001433e+03 2.926006e+08
1.370808e+06 1.001528e+03 2.927125e+08
1.371105e+06 1.001623e+03 2.928278e+08
1.371414e+06 1.001720e+03 2.929479e+08
1.371723e+06 1.001815e+03 2.930680e+08
1.372036e+06 1.001910e+03 2.931898e+08
1.372357e+06 1.002007e+03 2.933146e+08
1.372675e+06 1.002102e+03 2.934382e+08
1.372993e+06 1.002197e+03 2.935620e+08
1.373312e+06 1.002292e+03 2.936859e+08
1.373635e+06 1.002389e+03 2.938116e+08
1.373951e+06 1.002484e+03 2.939348e+08
1.374266e+06 1.002579e+03 2.940575e+08
1.374585e+06 1.002676e+03 2.941814e+08
1.374895e+06 1.002771e+03 2.943023e+08
1.375203e+06 1.002866e+03 2.944223e+08
1.375514e+06 1.002963e+03 2.945432e+08
1.375816e+06 1.003058e+03 2.946609e+08
1.376115e+06 1.003153e+03 2.947775e+08
1.376416e+06 1.003250e+03 2.948947e+08
1.376708e+06 1.003345e+03 2.950087e+08
1.377002e+06 1.003442e+03 2.951232e+08
1.377287e+06 1.003537e+03 2.952346e+08
1.377570e+06 1.003632e+03 2.953446e+08
1.377853e+06 1.003729e+03 2.954551e+08
1.378128e+06 1.003824e+03 2.955625e+08
1.378404e+06 1.003921e+03 2.956702e+08
1.378672e+06 1.004016e+03 2.957749e+08
1.378937e+06 1.004111e+03 2.958782e+08
1.379203e+06 1.004208e+03 2.959819e+08
1.379460e+06 1.004303e+03 2.960826e+08
1.379719e+06 1.004400e+03 2.961837e+08
1.379971e+06 1.004495e+03 2.962818e+08
1.380223e+06 1.004591e+03 2.963803e+08
1.380467e+06 1.004687e+03 2.964760e+08
1.380713e+06 1.004783e+03 2.965720e+08
1.380952e+06 1.004878e+03 2.966652e+08
1.381187e+06 1.004974e+03 2.967572e+08
1.381424e+06 1.005070e+03 2.968496e+08
1.381653e+06 1.005165e+03 2.969394e+08
1.381883e+06 1.005262e+03 2.970295e+08
1.382107e+06 1.005357e+03 2.971170e+08
1.382332e+06 1.005454e+03 2.972048e+08
1.382550e+06 1.005549e+03 2.972902e+08
1.382769e+06 1.005646e+03 2.973759e+08
1.382982e+06 1.005741e+03 2.974592e+08
1.383196e+06 1.005838e+03 2.975428e+08
1.383403e+06 1.005933e+03 2.976241e+08
1.383612e+06 1.006029e+03 2.977057e+08
1.383818e+06 1.006126e+03 2.977864e+08
1.384018e+06 1.006221e+03 2.978648e+08
1.384219e+06 1.006318e+03 2.979436e+08
1.384415e+06 1.006413e+03 2.980201e+08
1.384611e+06 1.006510e+03 2.980971e+08
1.384802e+06 1.006605e+03 2.981719e+08
1.384994e+06 1.006702e+03 2.982471e+08
1.385181e+06 1.006797e+03 2.983202e+08
1.385368e+06 1.006894e+03 2.983937e+08
1.385554e+06 1.006990e+03 2.984663e+08
1.385734e+06 1.007085e+03 2.985370e+08
1.385915e+06 1.007182e+03 2.986081e+08
1.386092e+06 1.007277e+03 2.986772e+08
1.386269e+06 1.007374e+03 2.987467e+08
1.386444e+06 1.007471e+03 2.988154e+08
1.386615e+06 1.007566e+03 2.988823e+08
1.386786e+06 1.007662e+03 2.989495e+08
1.386956e+06 1.007759e+03 2.990160e+08
1.387121e+06 1.007854e+03 2.990808e+08
1.387287e+06 1.007951e+03 2.991459e+08
1.387451e+06 1.008048e+03 2.992103e+08
1.387611e+06 1.008143e+03 2.992731e+08
1.387772e+06 1.008240e+03 2.993362e+08
1.387931e+06 1.008336e+03 2.993986e+08
1.388086e+06 1.008431e+03 2.994594e+08
1.388242e+06 1.008528e+03 2.995205e+08
1.388396e+06 1.008625e+03 2.995811e+08
1.388546e+06 1.008720e+03 2.996400e+08
1.388697e+06 1.008817e+03 2.996994e+08
1.388847e+06 1.008913e+03 2.997581e+08
1.388992e+06 1.009009e+03 2.998153e+08
1.389139e+06 1.009105e+03 2.998729e+08
1.389284e+06 1.009202e+03 2.999299e+08
1.389428e+06 1.009299e+03 2.999863e+08
1.389568e+06 1.009394e+03 3.000413e+08
1.389708e+06 1.009491e+03 3.000966e+08
1.389848e+06 1.009587e+03 3.001514e+08
1.389986e+06 1.009684e+03 3.002057e+08
1.390121e+06 1.009779e+03 3.002586e+08
1.390256e+06 1.009876e+03 3.003118e+08
1.390390e+06 1.009973e+03 3.003646e+08
1.390525e+06 1.010071e+03 3.004177e+08
1.390655e+06 1.010166e+03 3.004685e+08
1.390783e+06 1.010261e+03 3.005190e+08
1.390914e+06 1.010359e+03 3.005706e+08
1.391040e+06 1.010455e+03 3.006201e+08
1.391169e+06 1.010553e+03 3.006707e+08
1.391293e+06 1.010648e+03 3.007193e+08
1.391415e+06 1.010743e+03 3.007674e+08
1.391540e+06 1.010841e+03 3.008167e+08
1.391660e+06 1.010937e+03 3.008639e+08
1.391783e+06 1.011035e+03 3.009123e+08
1.391901e+06 1.011130e+03 3.009587e+08
1.392018e+06 1.011225e+03 3.010046e+08
1.392138e+06 1.011323e+03 3.010517e+08
1.392253e+06 1.011419e+03 3.010969e+08
1.392370e+06 1.011517e+03 3.011431e+08
1.392483e+06 1.011612e+03 3.011875e+08
1.392598e+06 1.011710e+03 3.012329e+08
1.392709e+06 1.011805e+03 3.012765e+08
1.392822e+06 1.011904e+03 3.013211e+08
1.392931e+06 1.011999e+03 3.013639e+08
1.393039e+06 1.012094e+03 3.014063e+08
1.393149e+06 1.012192e+03 3.014498e+08
1.393255e+06 1.012287e+03 3.014915e+08
1.393364e+06 1.012386e+03 3.015342e+08
1.393468e+06 1.012481e+03 3.015752e+08
1.393574e+06 1.012579e+03 3.016171e+08
1.393677e+06 1.012674e+03 3.016574e+08
1.393781e+06 1.012773e+03 3.016987e+08
1.393882e+06 1.012868e+03 3.017383e+08
1.393985e+06 1.012966e+03 3.017788e+08
1.394084e+06 1.013061e+03 3.018177e+08
1.394185e+06 1.013159e+03 3.018576e+08
1.394282e+06 1.013255e+03 3.018959e+08
1.394382e+06 1.013353e+03 3.019351e+08
1.394477e+06 1.013448e+03 3.019727e+08
1.394572e+06 1.013543e+03 3.020100e+08
1.394669e+06 1.013641e+03 3.020482e+08
1.394762e+06 1.013737e+03 3.020849e+08
1.394857e+06 1.013835e+03 3.021225e+08
1.394952e+06 1.013933e+03 3.021597e+08
1.395043e+06 1.014028e+03 3.021955e+08
1.395136e+06 1.014127e+03 3.022322e+08
1.395225e+06 1.014222e+03 3.022674e+08
1.395316e+06 1.014320e+03 3.023034e+08
1.395404e+06 1.014415e+03 3.023380e+08
1.395494e+06 1.014513e+03 3.023735e+08
1.395580e+06 1.014609e+03 3.024075e+08
1.395669e+06 1.014707e+03 3.024424e+08
1.395754e+06 1.014802e+03 3.024759e+08
1.395841e+06 1.014900e+03 3.025102e+08
1.395924e+06 1.014995e+03 3.025431e+08
1.396010e+06 1.015094e+03 3.025769e+08
1.396092e+06 1.015189e+03 3.026093e+08
1.396176e+06 1.015287e+03 3.026425e+08
1.396257e+06 1.015382e+03 3.026744e+08
1.396340e+06 1.015481e+03 3.027071e+08
1.396422e+06 1.015579e+03 3.027395e+08
1.396501e+06 1.015674e+03 3.027706e+08
1.396582e+06 1.015772e+03 3.028025e+08
1.396660e+06 1.015867e+03 3.028331e+08
1.396739e+06 1.015966e+03 3.028645e+08
1.396816e+06 1.016061e+03 3.028946e+08
1.396894e+06 1.016159e+03 3.029255e+08
1.396969e+06 1.016254e+03 3.029551e+08
1.397046e+06 1.016353e+03 3.029855e+08
1.397122e+06 1.016451e+03 3.030157e+08
1.397196e+06 1.016546e+03 3.030446e+08
1.397271e+06 1.016644e+03 3.030743e+08
1.397343e+06 1.016739e+03 3.031028e+08
1.397417e+06 1.016838e+03 3.031320e+08
1.397490e+06 1.016936e+03 3.031609e+08
1.397561e+06 1.017031e+03 3.031887e+08
1.397633e+06 1.017129e+03 3.032172e+08
1.397702e+06 1.017225e+03 3.032446e+08
1.397774e+06 1.017323e+03 3.032727e+08
1.397844e+06 1.017421e+03 3.033005e+08
1.397912e+06 1.017516e+03 3.033272e+08
1.397981e+06 1.017615e+03 3.033546e+08
1.398048e+06 1.017710e+03 3.033809e+08
1.398116e+06 1.017808e+03 3.034079e+08
1.398184e+06 1.017906e+03 3.034346e+08
1.398249e+06 1.018001e+03 3.034603e+08
1.398316e+06 1.018100e+03 3.034867e+08
1.398382e+06 1.018198e+03 3.035128e+08
1.398445e+06 1.018293e+03 3.035379e+08
1.398510e+06 1.018392e+03 3.035636e+08
1.398575e+06 1.018490e+03 3.035891e+08
1.398637e+06 1.018585e+03 3.036136e+08
1.398701e+06 1.018683e+03 3.036387e+08
1.398762e+06 1.018778e+03 3.036628e+08
1.398824e+06 1.018877e+03 3.036875e+08
1.398886e+06 1.018975e+03 3.037121e+08
1.398946e+06 1.019070e+03 3.037356e+08
1.399007e+06 1.019168e+03 3.037597e+08
1.399068e+06 1.019267e+03 3.037837e+08
1.399126e+06 1.019362e+03 3.038067e+08
1.399186e+06 1.019460e+03 3.038303e+08
1.399245e+06 1.019558e+03 3.038537e+08
1.399302e+06 1.019654e+03 3.038761e+08
1.399360e+06 1.019752e+03 3.038992e+08
1.399418e+06 1.019850e+03 3.039220e+08
1.399473e+06 1.019945e+03 3.039439e+08
1.399530e+06 1.020044e+03 3.039664e+08
1.399587e+06 1.020142e+03 3.039887e+08
1.399643e+06 1.020240e+03 3.040109e+08
1.399696e+06 1.020335e+03 3.040321e+08
1.399752e+06 1.020434e+03 3.040539e+08
1.399806e+06 1.020532e+03 3.040755e+08
1.399859e+06 1.020627e+03 3.040963e+08
1.399913e+06 1.020725e+03 3.041176e+08
1.399966e+06 1.020824e+03 3.041387e+08
1.400019e+06 1.020922e+03 3.041596e+08
1.400070e+06 1.021017e+03 3.041798e+08
1.400122e+06 1.021115e+03 3.042004e+08
1.400174e+06 1.021214e+03 3.042208e+08
1.400224e+06 1.021309e+03 3.042405e+08
1.400274e+06 1.021407e+03 3.042606e+08
1.400325e+06 1.021505e+03 3.042806e+08
1.400375e+06 1.021604e+03 3.043004e+08
1.400423e+06 1.021699e+03 3.043194e+08
1.400473e+06 1.021797e+03 3.043389e+08
1.400522e+06 1.021895e+03 3.043583e+08
1.400570e+06 1.021994e+03 3.043775e+08
1.400617e+06 1.022089e+03 3.043959e+08
1.400665e+06 1.022187e+03 3.044148e+08
1.400712e+06 1.022285e+03 3.044336e+08
1.400759e+06 1.022384e+03 3.044522e+08
1.400804e+06 1.022479e+03 3.044700e+08
1.400850e+06 1.022577e+03 3.044883e+08
1.400896e+06 1.022675e+03 3.045065e+08
1.400942e+06 1.022774e+03 3.045245e+08
1.400986e+06 1.022869e+03 3.045418e+08
1.401031e+06 1.022967e+03 3.045595e+08
1.401075e+06 1.023066e+03 3.045771e+08
1.401119e+06 1.023164e+03 3.045946e+08
1.401163e+06 1.023262e+03 3.046119e+08
1.401205e+06 1.023357e+03 3.046285e+08
1.401248e+06 1.023456e+03 3.046456e+08
1.401291e+06 1.023554e+03 3.046625e+08
1.401333e+06 1.023652e+03 3.046792e+08
1.401375e+06 1.023750e+03 3.046958e+08
1.401415e+06 1.023846e+03 3.047118e+08
1.401457e+06 1.023944e+03 3.047282e+08
1.401498e+06 1.024042e+03 3.047444e+08
1.401539e+06 1.024140e+03 3.047605e+08
1.401579e+06 1.024239e+03 3.047765e+08
1.401618e+06 1.024334e+03 3.047918e+08
1.401657e+06 1.024432e+03 3.048075e+08
1.401697e+06 1.024531e+03 3.048231e+08
1.401736e+06 1.024629e+03 3.048386e+08
1.401775e+06 1.024727e+03 3.048539e+08
1.401813e+06 1.024825e+03 3.048691e+08
1.401850e+06 1.024921e+03 3.048837e+08
1.401888e+06 1.025019e+03 3.048987e+08
1.401925e+06 1.025117e+03 3.049136e+08
1.401963e+06 1.025215e+03 3.049283e+08
1.401999e+06 1.025314e+03 3.049429e+08
1.402036e+06 1.025412e+03 3.049574e+08
1.402071e+06 1.025507e+03 3.049713e+08
1.402107e+06 1.025605e+03 3.049855e+08
1.402143e+06 1.025704e+03 3.049997e+08
1.402178e+06 1.025802e+03 3.050137e+08
1.402213e+06 1.025900e+03 3.050276e+08
1.402248e+06 1.025999e+03 3.050414e+08
1.402283e+06 1.026097e+03 3.050550e+08
1.402316e+06 1.026192e+03 3.050681e+08
1.402350e+06 1.026290e+03 3.050816e+08
1.402384e+06 1.026389e+03 3.050949e+08
1.402417e+06 1.026487e+03 3.051082e+08
1.402450e+06 1.026585e+03 3.051213e+08
1.402483e+06 1.026684e+03 3.051343e+08
1.402516e+06 1.026782e+03 3.051472e+08
1.402548e+06 1.026880e+03 3.051600e+08
1.402580e+06 1.026979e+03 3.051727e+08
1.402611e+06 1.027074e+03 3.051848e+08
1.402642e+06 1.027172e+03 3.051973e+08
1.402674e+06 1.027270e+03 3.052097e+08
1.402705e+06 1.027369e+03 3.052219e+08
1.402735e+06 1.027467e+03 3.052341e+08
1.402766e+06 1.027565e+03 3.052462e+08
1.402796e+06 1.027663e+03 3.052581e+08
1.402826e+06 1.027762e+03 3.052700e+08
1.402856e+06 1.027860e+03 3.052817e+08
1.402885e+06 1.027958e+03 3.052934e+08
1.402914e+06 1.028057e+03 3.053049e+08
1.402943e+06 1.028155e+03 3.053164e+08
1.402972e+06 1.028253e+03 3.053277e+08
1.402999e+06 1.028348e+03 3.053386e+08
1.403027e+06 1.028447e+03 3.053498e+08
1.403055e+06 1.028545e+03 3.053609e+08
1.403083e+06 1.028643e+03 3.053718e+08
1.403111e+06 1.028742e+03 3.053827e+08
1.403138e+06 1.028840e+03 3.053935e+08
1.403165e+06 1.028938e+03 3.054042e+08
1.403192e+06 1.029036e+03 3.054148e+08
1.403218e+06 1.029135e+03 3.054253e+08
1.403244e+06 1.029233e+03 3.054357e+08
1.403270e+06 1.029331e+03 3.054460e+08
1.403296e+06 1.029430e+03 3.054562e+08
1.403322e+06 1.029528e+03 3.054664e+08
1.403347e+06 1.029626e+03 3.054764e+08
1.403372e+06 1.029725e+03 3.054864e+08
1.403397e+06 1.029823e+03 3.054963e+08
1.403422e+06 1.029921e+03 3.055061e+08
1.403447e+06 1.030019e+03 3.055158e+08
1.403471e+06 1.030118e+03 3.055254e+08
1.403495e+06 1.030216e+03 3.055349e+08
1.403519e+06 1.030314e+03 3.055443e+08
1.403542e+06 1.030413e+03 3.055537e+08
1.403566e+06 1.030511e+03 3.055630e+08
1.403589e+06 1.030609e+03 3.055722e+08
1.403612e+06 1.030708e+03 3.055813e+08
1.403635e+06 1.030806e+03 3.055903e+08
1.403657e+06 1.030904e+03 3.055992e+08
1.403680e+06 1.031002e+03 3.056081e+08
1.403702e+06 1.031101e+03 3.056169e+08
1.403724e+06 1.031199e+03 3.056256e+08
1.403746e+06 1.031297e+03 3.056342e+08
1.403767e+06 1.031396e+03 3.056427e+08
1.403788e+06 1.031494e+03 3.056512e+08
1.403810e+06 1.031592e+03 3.056596e+08
1.403831e+06 1.031691e+03 3.056679e+08
1.403851e+06 1.031789e+03 3.056761e+08
1.403872e+06 1.031887e+03 3.056843e+08
1.403892e+06 1.031985e+03 3.056923e+08
1.403913e+06 1.032084e+03 3.057003e+08
1.403933e+06 1.032182e+03 3.057083e+08
1.403952e+06 1.032280e+03 3.057161e+08
1.403972e+06 1.032379e+03 3.057239e+08
1.403992e+06 1.032480e+03 3.057318e+08
1.404011e+06 1.032578e+03 3.057395e+08
1.404030e+06 1.032677e+03 3.057470e+08
1.404049e+06 1.032775e+03 3.057545e+08
1.404068e+06 1.032873e+03 3.057619e+08
1.404086e+06 1.032972e+03 3.057692e+08
1.404105e+06 1.033070e+03 3.057765e+08
1.404123e+06 1.033168e+03 3.057837e+08
1.404141e+06 1.033267e+03 3.057908e+08
1.404159e+06 1.033365e+03 3.057979e+08
1.404176e+06 1.033463e+03 3.058049e+08
1.404194e+06 1.033561e+03 3.058118e+08
1.404212e+06 1.033663e+03 3.058189e+08
1.404229e+06 1.033761e+03 3.058256e+08
1.404246e+06 1.033860e+03 3.058324e+08
1.404263e+06 1.033958e+03 3.058390e+08
1.404279e+06 1.034056e+03 3.058456e+08
1.404296e+06 1.034154e+03 3.058521e+08
1.404312e+06 1.034253e+03 3.058585e+08
1.404328e+06 1.034351e+03 3.058649e+08
1.404344e+06 1.034449e+03 3.058712e+08
1.404360e+06 1.034551e+03 3.058777e+08
1.404376e+06 1.034649e+03 3.058839e+08
1.404391e+06 1.034747e+03 3.058900e+08
1.404407e+06 1.034846e+03 3.058961e+08
1.404422e+06 1.034944e+03 3.059021e+08
1.404437e+06 1.035042e+03 3.059080e+08
1.404452e+06 1.035141e+03 3.059139e+08
1.404466e+06 1.035239e+03 3.059197e+08
1.404481e+06 1.035340e+03 3.059256e+08
1.404496e+06 1.035439e+03 3.059313e+08
1.404510e+06 1.035537e+03 3.059370e+08
1.404524e+06 1.035635e+03 3.059425e+08
1.404538e+06 1.035734e+03 3.059481e+08
1.404551e+06 1.035832e+03 3.059535e+08
1.404566e+06 1.035933e+03 3.059591e+08
1.404579e+06 1.036032e+03 3.059644e+08
1.404592e+06 1.036130e+03 3.059697e+08
1.404605e+06 1.036228e+03 3.059749e+08
1.404618e+06 1.036327e+03 3.059801e+08
1.404631e+06 1.036425e+03 3.059852e+08
1.404645e+06 1.036526e+03 3.059904e+08
1.404657e+06 1.036625e+03 3.059954e+08
1.404670e+06 1.036723e+03 3.060003e+08
1.404682e+06 1.036821e+03 3.060052e+08
1.404694e+06 1.036920e+03 3.060100e+08
1.404706e+06 1.037021e+03 3.060149e+08
1.404718e+06 1.037119e+03 3.060196e+08
1.404730e+06 1.037218e+03 3.060243e+08
1.404742e+06 1.037316e+03 3.060289e+08
1.404753e+06 1.037414e+03 3.060335e+08
1.404765e+06 1.037516e+03 3.060381e+08
1.404776e+06 1.037614e+03 3.060426e+08
1.404787e+06 1.037712e+03 3.060470e+08
1.404798e+06 1.037811e+03 3.060513e+08
1.404809e+06 1.037912e+03 3.060557e+08
1.404820e+06 1.038010e+03 3.060600e+08
1.404831e+06 1.038109e+03 3.060642e+08
1.404841e+06 1.038207e+03 3.060683e+08
1.404851e+06 1.038305e+03 3.060724e+08
1.404862e+06 1.038407e+03 3.060765e+08
1.404872e+06 1.038505e+03 3.060805e+08
1.404882e+06 1.038603e+03 3.060845e+08
1.404892e+06 1.038702e+03 3.060884e+08
1.404902e+06 1.038803e+03 3.060923e+08
1.404911e+06 1.038901e+03 3.060961e+08
1.404921e+06 1.039000e+03 3.060999e+08
1.404930e+06 1.039101e+03 3.061037e+08
1.404940e+06 1.039199e+03 3.061073e+08
1.404949e+06 1.039298e+03 3.061109e+08
1.404958e+06 1.039396e+03 3.061145e+08
1.404967e+06 1.039498e+03 3.061181e+08
1.404975e+06 1.039596e+03 3.061215e+08
1.404984e+06 1.039694e+03 3.061250e+08
1.404993e+06 1.039792e+03 3.061283e+08
1.405001e+06 1.039894e+03 3.061317e+08
1.405009e+06 1.039992e+03 3.061350e+08
1.405018e+06 1.040091e+03 3.061383e+08
1.405026e+06 1.040192e+03 3.061415e+08
1.405034e+06 1.040290e+03 3.061447e+08
1.405042e+06 1.040389e+03 3.061478e+08
1.405049e+06 1.040487e+03 3.061508e+08
1.405057e+06 1.040588e+03 3.061539e+08
1.405065e+06 1.040687e+03 3.061569e+08
1.405072e+06 1.040785e+03 3.061598e+08
1.405080e+06 1.040886e+03 3.061628e+08
1.405087e+06 1.040985e+03 3.061657e+08
1.405094e+06 1.041083e+03 3.061684e+08
1.405101e+06 1.041185e+03 3.061713e+08
1.405108e+06 1.041283e+03 3.061740e+08
1.405115e+06 1.041381e+03 3.061767e+08
1.405121e+06 1.041483e+03 3.061794e+08
1.405128e+06 1.041581e+03 3.061820e+08
1.405134e+06 1.041679e+03 3.061845e+08
1.405141e+06 1.041781e+03 3.061871e+08
1.405147e+06 1.041879e+03 3.061896e+08
1.405153e+06 1.041977e+03 3.061920e+08
1.405159e+06 1.042079e+03 3.061945e+08
1.405165e+06 1.042177e+03 3.061968e+08
1.405171e+06 1.042275e+03 3.061991e+08
1.405177e+06 1.042377e+03 3.062015e+08
1.405183e+06 1.042475e+03 3.062037e+08
1.405188e+06 1.042577e+03 3.062060e+08
1.405194e+06 1.042675e+03 3.062082e+08
1.405199e+06 1.042773e+03 3.062103e+08
1.405205e+06 1.042875e+03 3.062124e+08
1.405210e+06 1.042973e+03 3.062145e+08
1.405215e+06 1.043071e+03 3.062165e+08
1.405220e+06 1.043173e+03 3.062185e+08
1.405225e+06 1.043271e+03 3.062204e+08
1.405230e+06 1.043372e+03 3.062224e+08
1.405235e+06 1.043471e+03 3.062243e+08
1.405239e+06 1.043569e+03 3.062261e+08
1.405244e+06 1.043671e+03 3.062279e+08
1.405248e+06 1.043769e+03 3.062297e+08
1.405253e+06 1.043870e+03 3.062315e+08
1.405257e+06 1.043969e+03 3.062331e+08
1.405261e+06 1.044067e+03 3.062348e+08
1.405265e+06 1.044168e+03 3.062365e+08
1.405269e+06 1.044267e+03 3.062380e+08
1.405273e+06 1.044368e+03 3.062396e+08
1.405277e+06 1.044466e+03 3.062412e+08
1.405281e+06 1.044568e+03 3.062427e+08
1.405285e+06 1.044666e+03 3.062441e+08
1.405288e+06 1.044765e+03 3.062455e+08
1.405292e+06 1.044866e+03 3.062470e+08
1.405295e+06 1.044964e+03 3.062483e+08
1.405299e+06 1.045066e+03 3.062497e+08
1.405302e+06 1.045164e+03 3.062509e+08
1.405305e+06 1.045266e+03 3.062522e+08
1.405308e+06 1.045364e+03 3.062535e+08
1.405311e+06 1.045462e+03 3.062546e+08
1.405314e+06 1.045564e+03 3.062558e+08
1.405317e+06 1.045662e+03 3.062570e+08
1.405320e+06 1.045763e+03 3.062581e+08
1.405323e+06 1.045862e+03 3.062591e+08
1.405325e+06 1.045963e+03 3.062602e+08
1.405328e+06 1.046061e+03 3.062612e+08
1.405330e+06 1.046163e+03 3.062622e+08
1.405333e+06 1.046261e+03 3.062631e+08
1.405335e+06 1.046363e+03 3.062641e+08
1.405337e+06 1.046461e+03 3.062650e+08
1.405339e+06 1.046562e+03 3.062658e+08
1.405341e+06 1.046661e+03 3.062666e+08
1.405344e+06 1.046762e+03 3.062675e+08
1.405345e+06 1.046861e+03 3.062682e+08
1.405347e+06 1.046962e+03 3.062690e+08
1.405349e+06 1.047060e+03 3.062697e+08
1.405351e+06 1.047162e+03 3.062704e+08
1.405353e+06 1.047260e+03 3.062710e+08
1.405354e+06 1.047362e+03 3.062717e+08
1.405356e+06 1.047460e+03 3.062723e+08
1.405357e+06 1.047561e+03 3.062728e+08
1.405358e+06 1.047660e+03 3.062734e+08
1.405360e+06 1.047761e+03 3.062739e+08
1.405361e+06 1.047859e+03 3.062744e+08
1.405362e+06 1.047961e+03 3.062748e+08
1.405363e+06 1.048059e+03 3.062753e+08
1.405364e+06 1.048161e+03 3.062757e+08
1.405365e+06 1.048259e+03 3.062761e+08
1.405366e+06 1.048360e+03 3.062764e+08
1.405367e+06 1.048459e+03 3.062767e+08
1.405368e+06 1.048560e+03 3.062770e+08
1.405368e+06 1.048662e+03 3.062773e+08
1.405369e+06 1.048760e+03 3.062776e+08
1.405370e+06 1.048861e+03 3.062778e+08
1.405370e+06 1.048960e+03 3.062780e+08
1.405370e+06 1.049061e+03 3.062782e+08
1.405371e+06 1.049160e+03 3.062783e+08
1.405371e+06 1.049261e+03 3.062784e+08
1.405371e+06 1.049362e+03 3.062785e+08
1.405372e+06 1.049461e+03 3.062786e+08
1.405372e+06 1.049562e+03 3.062786e+08
1.405372e+06 1.049661e+03 3.062786e+08
1.405372e+06 1.049762e+03 3.062786e+08
1.405372e+06 1.049860e+03 3.062786e+08
1.405372e+06 1.049962e+03 3.062786e+08
1.405371e+06 1.050066e+03 3.062785e+08
1.405371e+06 1.050168e+03 3.062784e+08
1.405371e+06 1.050269e+03 3.062782e+08
1.405370e+06 1.050371e+03 3.062781e+08
1.405370e+06 1.050472e+03 3.062779e+08
1.405369e+06 1.050574e+03 3.062777e+08
1.405369e+06 1.050663e+03 3.062775e+08
1.405368e+06 1.050764e+03 3.062773e+08
1.405368e+06 1.050866e+03 3.062770e+08
1.405367e+06 1.050967e+03 3.062767e+08
1.405366e+06 1.051068e+03 3.062764e+08
1.405365e+06 1.051170e+03 3.062761e+08
1.405364e+06 1.051271e+03 3.062757e+08
1.405363e+06 1.051373e+03 3.062753e+08
1.405362e+06 1.051474e+03 3.062749e+08
1.405361e+06 1.051576e+03 3.062745e+08
1.405360e+06 1.051665e+03 3.062741e+08
1.405359e+06 1.051766e+03 3.062736e+08
1.405358e+06 1.051868e+03 3.062731e+08
1.405357e+06 1.051969e+03 3.062726e+08
1.405355e+06 1.052070e+03 3.062721e+08
1.405354e+06 1.052172e+03 3.062715e+08
1.405352e+06 1.052273e+03 3.062709e+08
1.405351e+06 1.052375e+03 3.062703e+08
1.405349e+06 1.052476e+03 3.062697e+08
1.405348e+06 1.052578e+03 3.062691e+08
1.405346e+06 1.052679e+03 3.062684e+08
1.405344e+06 1.052781e+03 3.062677e+08
1.405343e+06 1.052870e+03 3.062671e+08
1.405341e+06 1.052971e+03 3.062664e+08
1.405339e+06 1.053073e+03 3.062657e+08
1.405337e+06 1.053174e+03 3.062649e+08
1.405335e+06 1.053275e+03 3.062641e+08
1.405333e+06 1.053377e+03 3.062633e+08
1.405331e+06 1.053478e+03 3.062625e+08
1.405329e+06 1.053580e+03 3.062617e+08
1.405327e+06 1.053681e+03 3.062608e+08
1.405324e+06 1.053783e+03 3.062599e+08
1.405322e+06 1.053884e+03 3.062590e+08
1.405320e+06 1.053986e+03 3.062581e+08
1.405318e+06 1.054087e+03 3.062572e+08
1.405315e+06 1.054176e+03 3.062563e+08
1.405313e+06 1.054277e+03 3.062554e+08
1.405311e+06 1.054379e+03 3.062544e+08
1.405308e+06 1.054480e+03 3.062534e+08
1.405305e+06 1.054582e+03 3.062523e+08
1.405303e+06 1.054683e+03 3.062513e+08
1.405300e+06 1.054785e+03 3.062502e+08
1.405297e+06 1.054886e+03 3.062492e+08
1.405295e+06 1.054988e+03 3.062481e+08
1.405292e+06 1.055089e+03 3.062469e+08
1.405289e+06 1.055191e+03 3.062458e+08
1.405286e+06 1.055292e+03 3.062447e+08
1.405283e+06 1.055394e+03 3.062435e+08
1.405280e+06 1.055495e+03 3.062423e+08
1.405277e+06 1.055597e+03 3.062411e+08
1.405274e+06 1.055698e+03 3.062399e+08
1.405271e+06 1.055787e+03 3.062388e+08
1.405268e+06 1.055888e+03 3.062375e+08
1.405265e+06 1.055990e+03 3.062363e+08
1.405262e+06 1.056091e+03 3.062350e+08
1.405258e+06 1.056193e+03 3.062337e+08
1.405255e+06 1.056294e+03 3.062324e+08
1.405252e+06 1.056396e+03 3.062310e+08
1.405248e+06 1.056497e+03 3.062297e+08
1.405245e+06 1.056599e+03 3.062283e+08
1.405241e+06 1.056700e+03 3.062269e+08
1.405238e+06 1.056802e+03 3.062255e+08
1.405234e+06 1.056903e+03 3.062241e+08
1.405231e+06 1.057005e+03 3.062227e+08
1.405227e+06 1.057106e+03 3.062213e+08
1.405223e+06 1.057207e+03 3.062198e+08
1.405220e+06 1.057309e+03 3.062183e+08
1.405216e+06 1.057410e+03 3.062168e+08
1.405212e+06 1.057512e+03 3.062153e+08
1.405208e+06 1.057613e+03 3.062138e+08
1.405205e+06 1.057702e+03 3.062125e+08
1.405201e+06 1.057804e+03 3.062109e+08
1.405197e+06 1.057905e+03 3.062093e+08
1.405193e+06 1.058007e+03 3.062078e+08
1.405189e+06 1.058108e+03 3.062062e+08
1.405185e+06 1.058209e+03 3.062046e+08
1.405181e+06 1.058311e+03 3.062030e+08
1.405177e+06 1.058412e+03 3.062013e+08
1.405173e+06 1.058514e+03 3.061997e+08
1.405168e+06 1.058615e+03 3.061980e+08
1.405164e+06 1.058717e+03 3.061963e+08
1.405160e+06 1.058818e+03 3.061946e+08
1.405156e+06 1.058920e+03 3.061929e+08
1.405151e+06 1.059021e+03 3.061912e+08
1.405147e+06 1.059123e+03 3.061895e+08
1.405142e+06 1.059224e+03 3.061877e+08
1.405138e+06 1.059326e+03 3.061860e+08
1.405134e+06 1.059427e+03 3.061842e+08
1.405129e+06 1.059529e+03 3.061824e+08
1.405124e+06 1.059630e+03 3.061806e+08
1.405120e+06 1.059732e+03 3.061788e+08
1.405115e+06 1.059833e+03 3.061770e+08
1.405111e+06 1.059935e+03 3.061751e+08
1.405106e+06 1.060036e+03 3.061733e+08
1.405101e+06 1.060137e+03 3.061714e+08
1.405097e+06 1.060239e+03 3.061696e+08
1.405092e+06 1.060340e+03 3.061677e+08
1.405087e+06 1.060442e+03 3.061658e+08
1.405082e+06 1.060543e+03 3.061639e+08
1.405077e+06 1.060645e+03 3.061619e+08
1.405073e+06 1.060734e+03 3.061602e+08
1.405068e+06 1.060835e+03 3.061583e+08
1.405063e+06 1.060937e+03 3.061563e+08
1.405058e+06 1.061038e+03 3.061544e+08
1.405053e+06 1.061139e+03 3.061524e+08
1.405048e+06 1.061241e+03 3.061504e+08
1.405043e+06 1.061342e+03 3.061484e+08
1.405038e+06 1.061444e+03 3.061464e+08
1.405033e+06 1.061545e+03 3.061443e+08
1.405028e+06 1.061647e+03 3.061423e+08
1.405023e+06 1.061748e+03 3.061402e+08
1.405017e+06 1.061850e+03 3.061382e+08
1.405012e+06 1.061951e+03 3.061361e+08
1.405007e+06 1.062053e+03 3.061340e+08
1.405002e+06 1.062154e+03 3.061319e+08
1.404996e+06 1.062256e+03 3.061298e+08
1.404991e+06 1.062357e+03 3.061277e+08
1.404986e+06 1.062459e+03 3.061256e+08
1.404980e+06 1.062560e+03 3.061234e+08
1.404975e+06 1.062662e+03 3.061213e+08
1.404969e+06 1.062763e+03 3.061191e+08
1.404964e+06 1.062864e+03 3.061169e+08
1.404958e+06 1.062966e+03 3.061147e+08
1.404953e+06 1.063067e+03 3.061126e+08
1.404947e+06 1.063169e+03 3.061103e+08
1.404942e+06 1.063270e+03 3.061081e+08
1.404936e+06 1.063372e+03 3.061059e+08
1.404930e+06 1.063473e+03 3.061037e+08
1.404925e+06 1.063575e+03 3.061014e+08
1.404919e+06 1.063676e+03 3.060992e+08
1.404913e+06 1.063778e+03 3.060969e+08
1.404908e+06 1.063879e+03 3.060946e+08
1.404902e+06 1.063981e+03 3.060924e+08
1.404896e+06 1.064082e+03 3.060901e+08
1.404890e+06 1.064184e+03 3.060878e+08
1.404884e+06 1.064285e+03 3.060854e+08
1.404879e+06 1.064387e+03 3.060831e+08
1.404873e+06 1.064488e+03 3.060808e+08
1.404867e+06 1.064590e+03 3.060784e+08
1.404861e+06 1.064691e+03 3.060761e+08
1.404855e+06 1.064792e+03 3.060737e+08
1.404849e+06 1.064894e+03 3.060714e+08
1.404843e+06 1.064995e+03 3.060690e+08
1.404837e+06 1.065097e+03 3.060666e+08
1.404831e+06 1.065198e+03 3.060642e+08
1.404825e+06 1.065300e+03 3.060618e+08
1.404819e+06 1.065401e+03 3.060594e+08
1.404813e+06 1.065503e+03 3.060570e+08
1.404806e+06 1.065604e+03 3.060545e+08
1.404800e+06 1.065706e+03 3.060521e+08
1.404794e+06 1.065807e+03 3.060496e+08
1.404788e+06 1.065909e+03 3.060472e+08
1.404782e+06 1.066010e+03 3.060447e+08
1.404775e+06 1.066112e+03 3.060422e+08
1.404769e+06 1.066213e+03 3.060398e+08
1.404763e+06 1.066315e+03 3.060373e+08
1.404757e+06 1.066416e+03 3.060348e+08
1.404749e+06 1.066530e+03 3.060319e+08
1.404743e+06 1.066632e+03 3.060294e+08
1.404737e+06 1.066733e+03 3.060269e+08
1.404730e+06 1.066835e+03 3.060244e+08
1.404724e+06 1.066936e+03 3.060218e+08
1.404717e+06 1.067037e+03 3.060193e+08
1.404711e+06 1.067139e+03 3.060167e+08
1.404704e+06 1.067240e+03 3.060141e+08
1.404698e+06 1.067342e+03 3.060116e+08
1.404691e+06 1.067443e+03 3.060090e+08
1.404685e+06 1.067545e+03 3.060064e+08
1.404678e+06 1.067646e+03 3.060038e+08
1.404672e+06 1.067748e+03 3.060012e+08
1.404665e+06 1.067849e+03 3.059986e+08
1.404659e+06 1.067951e+03 3.059960e+08
1.404652e+06 1.068052e+03 3.059933e+08
1.404645e+06 1.068154e+03 3.059907e+08
1.404639e+06 1.068255e+03 3.059881e+08
1.404632e+06 1.068357e+03 3.059854e+08
1.404625e+06 1.068458e+03 3.059828e+08
1.404619e+06 1.068560e+03 3.059801e+08
1.404612e+06 1.068661e+03 3.059774e+08
1.404605e+06 1.068763e+03 3.059747e+08
1.404598e+06 1.068864e+03 3.059721e+08
1.404592e+06 1.068965e+03 3.059694e+08
1.404585e+06 1.069067e+03 3.059667e+08
1.404578e+06 1.069168e+03 3.059640e+08
1.404571e+06 1.069270e+03 3.059613e+08
1.404564e+06 1.069371e+03 3.059585e+08
1.404557e+06 1.069473e+03 3.059558e+08
1.404550e+06 1.069587e+03 3.059527e+08
1.404543e+06 1.069688e+03 3.059500e+08
1.404536e+06 1.069790e+03 3.059473e+08
1.404529e+06 1.069891e+03 3.059445e+08
1.404522e+06 1.069993e+03 3.059417e+08
1.404515e+06 1.070094e+03 3.059390e+08
1.404508e+06 1.070196e+03 3.059362e+08
1.404501e+06 1.070297e+03 3.059334e+08
1.404494e+06 1.070399e+03 3.059306e+08
1.404487e+06 1.070500e+03 3.059278e+08
1.404480e+06 1.070602e+03 3.059251e+08
1.404473e+06 1.070703e+03 3.059222e+08
1.404466e+06 1.070805e+03 3.059194e+08
1.404458e+06 1.070906e+03 3.059166e+08
1.404451e+06 1.071008e+03 3.059138e+08
1.404444e+06 1.071109e+03 3.059110e+08
1.404437e+06 1.071211e+03 3.059081e+08
1.404430e+06 1.071312e+03 3.059053e+08
1.404423e+06 1.071413e+03 3.059025e+08
1.404415e+06 1.071528e+03 3.058992e+08
1.404407e+06 1.071629e+03 3.058964e+08
1.404400e+06 1.071731e+03 3.058935e+08
1.404393e+06 1.071832e+03 3.058907e+08
1.404386e+06 1.071933e+03 3.058878e+08
1.404378e+06 1.072035e+03 3.058849e+08
1.404371e+06 1.072136e+03 3.058820e+08
1.404364e+06 1.072238e+03 3.058791e+08
1.404356e+06 1.072339e+03 3.058762e+08
1.404349e+06 1.072441e+03 3.058733e+08
1.404342e+06 1.072542e+03 3.058704e+08
1.404334e+06 1.072644e+03 3.058675e+08
1.404327e+06 1.072745e+03 3.058646e+08
1.404320e+06 1.072847e+03 3.058616e+08
1.404312e+06 1.072948e+03 3.058587e+08
1.404305e+06 1.073050e+03 3.058558e+08
1.404297e+06 1.073164e+03 3.058525e+08
1.404289e+06 1.073265e+03 3.058495e+08
1.404282e+06 1.073367e+03 3.058466e+08
1.404274e+06 1.073468e+03 3.058436e+08
1.404267e+06 1.073570e+03 3.058407e+08
1.404259e+06 1.073671e+03 3.058377e+08
1.404252e+06 1.073773e+03 3.058347e+08
1.404244e+06 1.073874e+03 3.058317e+08
1.404237e+06 1.073976e+03 3.058288e+08
1.404229e+06 1.074077e+03 3.058258e+08
1.404222e+06 1.074179e+03 3.058228e+08
1.404214e+06 1.074280e+03 3.058198e+08
1.404206e+06 1.074381e+03 3.058168e+08
1.404198e+06 1.074496e+03 3.058134e+08
1.404190e+06 1.074597e+03 3.058104e+08
1.404183e+06 1.074699e+03 3.058074e+08
1.404175e+06 1.074800e+03 3.058044e+08
1.404167e+06 1.074902e+03 3.058013e+08
1.404160e+06 1.075003e+03 3.057983e+08
1.404152e+06 1.075104e+03 3.057953e+08
1.404144e+06 1.075206e+03 3.057922e+08
1.404137e+06 1.075307e+03 3.057892e+08
1.404129e+06 1.075409e+03 3.057861e+08
1.404121e+06 1.075510e+03 3.057831e+08
1.404113e+06 1.075625e+03 3.057796e+08
1.404105e+06 1.075726e+03 3.057766e+08
1.404097e+06 1.075827e+03 3.057735e+08
1.404089e+06 1.075929e+03 3.057704e+08
1.404082e+06 1.076030e+03 3.057674e+08
1.404074e+06 1.076132e+03 3.057643e+08
1.404066e+06 1.076233e+03 3.057612e+08
1.404058e+06 1.076335e+03 3.057581e+08
1.404051e+06 1.076436e+03 3.057550e+08
1.404043e+06 1.076538e+03 3.057519e+08
1.404035e+06 1.076639e+03 3.057488e+08
1.404026e+06 1.076753e+03 3.057453e+08
1.404018e+06 1.076855e+03 3.057422e+08
1.404010e+06 1.076956e+03 3.057391e+08
1.404003e+06 1.077058e+03 3.057360e+08
1.403995e+06 1.077159e+03 3.057329e+08
1.403987e+06 1.077261e+03 3.057298e+08
1.403979e+06 1.077362e+03 3.057266e+08
1.403971e+06 1.077464e+03 3.057235e+08
1.403963e+06 1.077565e+03 3.057204e+08
1.403955e+06 1.077667e+03 3.057172e+08
1.403946e+06 1.077781e+03 3.057137e+08
1.403938e+06 1.077882e+03 3.057105e+08
1.403930e+06 1.077984e+03 3.057074e+08
1.403922e+06 1.078085e+03 3.057042e+08
1.403914e+06 1.078187e+03 3.057011e+08
1.403906e+06 1.078288e+03 3.056979e+08
1.403898e+06 1.078390e+03 3.056947e+08
1.403890e+06 1.078491e+03 3.056916e+08
1.403882e+06 1.078593e+03 3.056884e+08
1.403873e+06 1.078707e+03 3.056848e+08
1.403865e+06 1.078808e+03 3.056816e+08
1.403857e+06 1.078910e+03 3.056785e+08
1.403849e+06 1.079011e+03 3.056753e+08
1.403841e+06 1.079113e+03 3.056721e+08
1.403833e+06 1.079214e+03 3.056689e+08
1.403825e+06 1.079316e+03 3.056657e+08
1.403817e+06 1.079417e+03 3.056625e+08
1.403808e+06 1.079531e+03 3.056589e+08
1.403800e+06 1.079633e+03 3.056557e+08
1.403792e+06 1.079734e+03 3.056525e+08
1.403784e+06 1.079836e+03 3.056493e+08
1.403775e+06 1.079937e+03 3.056460e+08
1.403767e+06 1.080039e+03 3.056428e+08
1.403759e+06 1.080140e+03 3.056396e+08
1.403751e+06 1.080241e+03 3.056364e+08
1.403742e+06 1.080356e+03 3.056327e+08
1.403734e+06 1.080457e+03 3.056295e+08
1.403726e+06 1.080559e+03 3.056263e+08
1.403717e+06 1.080660e+03 3.056230e+08
1.403709e+06 1.080761e+03 3.056198e+08
1.403701e+06 1.080863e+03 3.056165e+08
1.403693e+06 1.080964e+03 3.056133e+08
1.403685e+06 1.081066e+03 3.056100e+08
1.403675e+06 1.081180e+03 3.056064e+08
1.403667e+06 1.081282e+03 3.056031e+08
1.403659e+06 1.081383e+03 3.055998e+08
1.403651e+06 1.081484e+03 3.055966e+08
1.403642e+06 1.081586e+03 3.055933e+08
1.403634e+06 1.081687e+03 3.055900e+08
1.403626e+06 1.081789e+03 3.055868e+08
1.403618e+06 1.081890e+03 3.055835e+08
1.403608e+06 1.082005e+03 3.055798e+08
1.403600e+06 1.082106e+03 3.055765e+08
1.403592e+06 1.082207e+03 3.055732e+08
1.403583e+06 1.082309e+03 3.055700e+08
1.403575e+06 1.082410e+03 3.055667e+08
1.403567e+06 1.082512e+03 3.055634e+08
1.403558e+06 1.082613e+03 3.055601e+08
1.403549e+06 1.082728e+03 3.055564e+08
1.403541e+06 1.082829e+03 3.055531e+08
1.403532e+06 1.082930e+03 3.055498e+08
1.403524e+06 1.083032e+03 3.055465e+08
1.403516e+06 1.083133e+03 3.055432e+08
1.403507e+06 1.083235e+03 3.055398e+08
1.403499e+06 1.083336e+03 3.055365e+08
1.403490e+06 1.083450e+03 3.055328e+08
1.403481e+06 1.083552e+03 3.055295e+08
1.403473e+06 1.083653e+03 3.055262e+08
1.403464e+06 1.083755e+03 3.055228e+08
1.403456e+06 1.083856e+03 3.055195e+08
1.403448e+06 1.083958e+03 3.055162e+08
1.403438e+06 1.084072e+03 3.055124e+08
1.403430e+06 1.084173e+03 3.055091e+08
1.403421e+06 1.084275e+03 3.055058e+08
1.403413e+06 1.084376e+03 3.055024e+08
1.403404e+06 1.084478e+03 3.054991e+08
1.403396e+06 1.084579e+03 3.054957e+08
1.403388e+06 1.084681e+03 3.054924e+08
1.403378e+06 1.084795e+03 3.054886e+08
1.403370e+06 1.084896e+03 3.054853e+08
1.403361e+06 1.084998e+03 3.054819e+08
1.403353e+06 1.085099e+03 3.054786e+08
1.403344e+06 1.085201e+03 3.054752e+08
1.403336e+06 1.085302e+03 3.054719e+08
1.403326e+06 1.085416e+03 3.054681e+08
1.403318e+06 1.085518e+03 3.054647e+08
1.403309e+06 1.085619e+03 3.054614e+08
1.403301e+06 1.085721e+03 3.054580e+08
1.403292e+06 1.085822e+03 3.054546e+08
1.403284e+06 1.085924e+03 3.054513e+08
1.403274e+06 1.086038e+03 3.054475e+08
1.403266e+06 1.086139e+03 3.054441e+08
1.403257e+06 1.086241e+03 3.054407e+08
1.403249e+06 1.086342e+03 3.054373e+08
1.403240e+06 1.086444e+03 3.054339e+08
1.403231e+06 1.086545e+03 3.054306e+08
1.403222e+06 1.086660e+03 3.054268e+08
1.403213e+06 1.086761e+03 3.054234e+08
1.403205e+06 1.086862e+03 3.054200e+08
1.403196e+06 1.086964e+03 3.054166e+08
1.403188e+06 1.087065e+03 3.054132e+08
1.403178e+06 1.087180e+03 3.054094e+08
1.403169e+06 1.087281e+03 3.054060e+08
1.403161e+06 1.087383e+03 3.054026e+08
1.403152e+06 1.087484e+03 3.053992e+08
1.403144e+06 1.087585e+03 3.053958e+08
1.403135e+06 1.087687e+03 3.053924e+08
1.403125e+06 1.087801e+03 3.053885e+08
1.403117e+06 1.087903e+03 3.053851e+08
1.403108e+06 1.088004e+03 3.053817e+08
1.403099e+06 1.088105e+03 3.053783e+08
1.403091e+06 1.088207e+03 3.053749e+08
1.403081e+06 1.088321e+03 3.053711e+08
1.403073e+06 1.088423e+03 3.053676e+08
1.403064e+06 1.088524e+03 3.053642e+08
1.403055e+06 1.088626e+03 3.053608e+08
1.403047e+06 1.088727e+03 3.053574e+08
1.403038e+06 1.088828e+03 3.053540e+08
1.403028e+06 1.088943e+03 3.053501e+08
1.403020e+06 1.089044e+03 3.053467e+08
1.403011e+06 1.089146e+03 3.053432e+08
1.403002e+06 1.089247e+03 3.053398e+08
1.402994e+06 1.089349e+03 3.053364e+08
1.402984e+06 1.089463e+03 3.053325e+08
1.402975e+06 1.089564e+03 3.053291e+08
1.402966e+06 1.089666e+03 3.053257e+08
1.402958e+06 1.089767e+03 3.053222e+08
1.402949e+06 1.089869e+03 3.053188e+08
1.402939e+06 1.089983e+03 3.053149e+08
1.402931e+06 1.090084e+03 3.053115e+08
1.402922e+06 1.090186e+03 3.053080e+08
1.402913e+06 1.090287e+03 3.053046e+08
1.402905e+06 1.090389e+03 3.053011e+08
1.402895e+06 1.090503e+03 3.052972e+08
1.402886e+06 1.090604e+03 3.052938e+08
1.402877e+06 1.090706e+03 3.052903e+08
1.402869e+06 1.090807e+03 3.052869e+08
1.402860e+06 1.090909e+03 3.052834e+08
1.402850e+06 1.091023e+03 3.052795e+08
1.402841e+06 1.091124e+03 3.052761e+08
1.402833e+06 1.091226e+03 3.052726e+08
1.402824e+06 1.091327e+03 3.052692e+08
1.402815e+06 1.091429e+03 3.052657e+08
1.402805e+06 1.091543e+03 3.052618e+08
1.402797e+06 1.091644e+03 3.052584e+08
1.402788e+06 1.091746e+03 3.052549e+08
1.402779e+06 1.091847e+03 3.052514e+08
1.402769e+06 1.091961e+03 3.052475e+08
1.402760e+06 1.092063e+03 3.052441e+08
1.402752e+06 1.092164e+03 3.052406e+08
1.402743e+06 1.092266e+03 3.052371e+08
1.402734e+06 1.092367e+03 3.052336e+08
1.402724e+06 1.092481e+03 3.052297e+08
1.402715e+06 1.092583e+03 3.052263e+08
1.402707e+06 1.092684e+03 3.052228e+08
1.402698e+06 1.092786e+03 3.052193e+08
1.402689e+06 1.092887e+03 3.052158e+08
1.402679e+06 1.093001e+03 3.052119e+08
1.402670e+06 1.093103e+03 3.052084e+08
1.402662e+06 1.093204e+03 3.052049e+08
1.402653e+06 1.093306e+03 3.052015e+08
1.402643e+06 1.093420e+03 3.051975e+08
1.402634e+06 1.093522e+03 3.051941e+08
1.402625e+06 1.093623e+03 3.051906e+08
1.402616e+06 1.093724e+03 3.051871e+08
1.402608e+06 1.093826e+03 3.051836e+08
1.402598e+06 1.093940e+03 3.051797e+08
1.402589e+06 1.094042e+03 3.051762e+08
1.402580e+06 1.094143e+03 3.051727e+08
1.402571e+06 1.094244e+03 3.051692e+08
1.402561e+06 1.094359e+03 3.051653e+08
1.402553e+06 1.094460e+03 3.051618e+08
1.402544e+06 1.094562e+03 3.051583e+08
1.402535e+06 1.094663e+03 3.051548e+08
1.402525e+06 1.094777e+03 3.051508e+08
1.402516e+06 1.094879e+03 3.051473e+08
1.402507e+06 1.094980e+03 3.051438e+08
1.402498e+06 1.095082e+03 3.051403e+08
1.402490e+06 1.095183e+03 3.051368e+08
1.402480e+06 1.095297e+03 3.051329e+08
1.402471e+06 1.095399e+03 3.051294e+08
1.402462e+06 1.095500e+03 3.051259e+08
1.402453e+06 1.095602e+03 3.051224e+08
1.402443e+06 1.095716e+03 3.051184e+08
1.402434e+06 1.095817e+03 3.051149e+08
1.402425e+06 1.095919e+03 3.051114e+08
1.402416e+06 1.096020e+03 3.051079e+08
1.402406e+06 1.096134e+03 3.051039e+08
1.402398e+06 1.096236e+03 3.051004e+08
1.402389e+06 1.096337e+03 3.050969e+08
1.402380e+06 1.096439e+03 3.050934e+08
1.402370e+06 1.096553e+03 3.050895e+08
1.402361e+06 1.096654e+03 3.050859e+08
1.402352e+06 1.096756e+03 3.050824e+08
1.402343e+06 1.096857e+03 3.050789e+08
1.402333e+06 1.096972e+03 3.050749e+08
1.402324e+06 1.097073e+03 3.050714e+08
1.402315e+06 1.097174e+03 3.050679e+08
1.402307e+06 1.097276e+03 3.050644e+08
1.402296e+06 1.097390e+03 3.050604e+08
1.402288e+06 1.097492e+03 3.050569e+08
1.402279e+06 1.097593e+03 3.050534e+08
1.402270e+06 1.097695e+03 3.050499e+08
1.402260e+06 1.097809e+03 3.050459e+08
1.402251e+06 1.097910e+03 3.050424e+08
1.402242e+06 1.098012e+03 3.050388e+08
1.402233e+06 1.098113e+03 3.050353e+08
1.402223e+06 1.098227e+03 3.050313e+08
1.402214e+06 1.098329e+03 3.050278e+08
1.402205e+06 1.098430e+03 3.050243e+08
1.402195e+06 1.098544e+03 3.050203e+08
1.402186e+06 1.098646e+03 3.050168e+08
1.402177e+06 1.098747e+03 3.050133e+08
1.402168e+06 1.098849e+03 3.050097e+08
1.402158e+06 1.098963e+03 3.050058e+08
1.402149e+06 1.099064e+03 3.050022e+08
1.402141e+06 1.099166e+03 3.049987e+08
1.402132e+06 1.099267e+03 3.049952e+08
1.402122e+06 1.099381e+03 3.049912e+08
1.402113e+06 1.099483e+03 3.049876e+08
1.402104e+06 1.099584e+03 3.049841e+08
1.402095e+06 1.099686e+03 3.049806e+08
1.402085e+06 1.099800e+03 3.049766e+08
1.402076e+06 1.099902e+03 3.049731e+08
1.402067e+06 1.100003e+03 3.049695e+08
1.401207e+06 1.109516e+03 3.046294e+08
1.400642e+06 1.115858e+03 3.044059e+08
1.399796e+06 1.125371e+03 3.040713e+08
1.399233e+06 1.131713e+03 3.038492e+08
1.398395e+06 1.141226e+03 3.035179e+08
1.397839e+06 1.147568e+03 3.032986e+08
1.397012e+06 1.157081e+03 3.029720e+08
1.396192e+06 1.166594e+03 3.026485e+08
1.395649e+06 1.172936e+03 3.024346e+08
1.394842e+06 1.182448e+03 3.021163e+08
1.394307e+06 1.188790e+03 3.019058e+08
1.393512e+06 1.198303e+03 3.015927e+08
1.392725e+06 1.207816e+03 3.012827e+08
1.392204e+06 1.214158e+03 3.010777e+08
1.391428e+06 1.223671e+03 3.007727e+08
1.390660e+06 1.233184e+03 3.004707e+08
1.390152e+06 1.239526e+03 3.002709e+08
1.389396e+06 1.249039e+03 2.999737e+08
1.388646e+06 1.258552e+03 2.996794e+08
1.387903e+06 1.268065e+03 2.993878e+08
1.387167e+06 1.277578e+03 2.990991e+08
1.386680e+06 1.283920e+03 2.989080e+08
1.385955e+06 1.293433e+03 2.986238e+08
1.385237e+06 1.302946e+03 2.983421e+08
1.384525e+06 1.312459e+03 2.980631e+08
1.383818e+06 1.321972e+03 2.977866e+08
1.383119e+06 1.331484e+03 2.975127e+08
1.382425e+06 1.340997e+03 2.972412e+08
1.381737e+06 1.350510e+03 2.969723e+08
1.381055e+06 1.360023e+03 2.967057e+08
1.380379e+06 1.369536e+03 2.964415e+08
1.379709e+06 1.379049e+03 2.961797e+08
1.379044e+06 1.388562e+03 2.959202e+08
1.378386e+06 1.398075e+03 2.956630e+08
1.377732e+06 1.407588e+03 2.954081e+08
1.377085e+06 1.417101e+03 2.951555e+08
1.376442e+06 1.426614e+03 2.949050e+08
1.375805e+06 1.436127e+03 2.946567e+08
1.374964e+06 1.448811e+03 2.943289e+08
1.374339e+06 1.458324e+03 2.940855e+08
1.373719e+06 1.467837e+03 2.938442e+08
1.373104e+06 1.477350e+03 2.936049e+08
1.372291e+06 1.490033e+03 2.932890e+08
1.371688e+06 1.499546e+03 2.930544e+08
1.370870e+06 1.512230e+03 2.927365e+08
1.370276e+06 1.521743e+03 2.925059e+08
1.369687e+06 1.531256e+03 2.922772e+08
1.369103e+06 1.540769e+03 2.920504e+08
1.367948e+06 1.559795e+03 2.916023e+08
1.367377e+06 1.569308e+03 2.913810e+08
1.366811e+06 1.578821e+03 2.911616e+08
1.366249e+06 1.588334e+03 2.909439e+08
1.365692e+06 1.597847e+03 2.907280e+08
1.365139e+06 1.607360e+03 2.905138e+08
1.364045e+06 1.626386e+03 2.900905e+08
1.363504e+06 1.635898e+03 2.898813e+08
1.362968e+06 1.645411e+03 2.896738e+08
1.362435e+06 1.654924e+03 2.894678e+08
1.361906e+06 1.664437e+03 2.892635e+08
1.360860e+06 1.683463e+03 2.888595e+08
1.360343e+06 1.692976e+03 2.886598e+08
1.359830e+06 1.702489e+03 2.884616e+08
1.359320e+06 1.712002e+03 2.882649e+08
1.358312e+06 1.731028e+03 2.878760e+08
1.357813e+06 1.740541e+03 2.876837e+08
1.357318e+06 1.750054e+03 2.874928e+08
1.356338e+06 1.769080e+03 2.871153e+08
1.355853e+06 1.778593e+03 2.869286e+08
1.355371e+06 1.788105e+03 2.867433e+08
1.354893e+06 1.797618e+03 2.865593e+08
1.353947e+06 1.816644e+03 2.861954e+08
1.353479e+06 1.826157e+03 2.860154e+08
1.353014e+06 1.835670e+03 2.858367e+08
1.352094e+06 1.854696e+03 2.854831e+08
1.351639e+06 1.864209e+03 2.853081e+08
1.350737e+06 1.883235e+03 2.849619e+08
1.350291e+06 1.892748e+03 2.847907e+08
1.349847e+06 1.902261e+03 2.846206e+08
1.348970e+06 1.921287e+03 2.842840e+08
1.348535e+06 1.930800e+03 2.841174e+08
1.347675e+06 1.949825e+03 2.837877e+08
1.347249e+06 1.959338e+03 2.836245e+08
1.346825e+06 1.968851e+03 2.834624e+08
1.345987e+06 1.987877e+03 2.831416e+08
1.345572e+06 1.997390e+03 2.829828e+08
1.344464e+06 2.022758e+03 2.825587e+08
1.343788e+06 2.038613e+03 2.823006e+08
1.343120e+06 2.054468e+03 2.820452e+08
1.342459e+06 2.070323e+03 2.817927e+08
1.341805e+06 2.086178e+03 2.815428e+08
1.341157e+06 2.102032e+03 2.812956e+08
1.340516e+06 2.117887e+03 2.810511e+08
1.339881e+06 2.133742e+03 2.808091e+08
1.339253e+06 2.149597e+03 2.805697e+08
1.338632e+06 2.165452e+03 2.803328e+08
1.338016e+06 2.181307e+03 2.800984e+08
1.337407e+06 2.197162e+03 2.798664e+08
1.336804e+06 2.213017e+03 2.796368e+08
1.336207e+06 2.228872e+03 2.794096e+08
1.335616e+06 2.244726e+03 2.791847e+08
1.335030e+06 2.260581e+03 2.789621e+08
1.334450e+06 2.276436e+03 2.787417e+08
1.333876e+06 2.292291e+03 2.785236e+08
1.333308e+06 2.308146e+03 2.783076e+08
1.332745e+06 2.324001e+03 2.780938e+08
1.332187e+06 2.339856e+03 2.778821e+08
1.331634e+06 2.355711e+03 2.776725e+08
1.331087e+06 2.371566e+03 2.774650e+08
1.330545e+06 2.387421e+03 2.772595e+08
1.330009e+06 2.403275e+03 2.770560e+08
1.329477e+06 2.419130e+03 2.768545e+08
1.328950e+06 2.434985e+03 2.766550e+08
1.328428e+06 2.450840e+03 2.764574e+08
1.327911e+06 2.466695e+03 2.762617e+08
1.327399e+06 2.482550e+03 2.760678e+08
1.326892e+06 2.498405e+03 2.758759e+08
1.326389e+06 2.514260e+03 2.756857e+08
1.325891e+06 2.530115e+03 2.754973e+08
1.325397e+06 2.545970e+03 2.753107e+08
1.324908e+06 2.561824e+03 2.751259e+08
1.324423e+06 2.577679e+03 2.749427e+08
1.323942e+06 2.593534e+03 2.747613e+08
1.323466e+06 2.609389e+03 2.745816e+08
1.322994e+06 2.625244e+03 2.744035e+08
1.322063e+06 2.656954e+03 2.740522e+08
1.321604e+06 2.672809e+03 2.738790e+08
1.321148e+06 2.688664e+03 2.737073e+08
1.320697e+06 2.704518e+03 2.735372e+08
1.320250e+06 2.720373e+03 2.733686e+08
1.319366e+06 2.752083e+03 2.730360e+08
1.318930e+06 2.767938e+03 2.728719e+08
1.318498e+06 2.783793e+03 2.727092e+08
1.318070e+06 2.799648e+03 2.725480e+08
1.317645e+06 2.815503e+03 2.723883e+08
1.316806e+06 2.847213e+03 2.720729e+08
1.316392e+06 2.863067e+03 2.719173e+08
1.315982e+06 2.878922e+03 2.717630e+08
1.315171e+06 2.910632e+03 2.714585e+08
1.314771e+06 2.926487e+03 2.713082e+08
1.314374e+06 2.942342e+03 2.711592e+08
1.313980e+06 2.958197e+03 2.710115e+08
1.313203e+06 2.989907e+03 2.707198e+08
1.312819e+06 3.005761e+03 2.705758e+08
1.312438e+06 3.021616e+03 2.704330e+08
1.311686e+06 3.053326e+03 2.701510e+08
1.311314e+06 3.069181e+03 2.700118e+08
1.310945e+06 3.085036e+03 2.698738e+08
1.310217e+06 3.116746e+03 2.696011e+08
1.309858e+06 3.132601e+03 2.694665e+08
1.309147e+06 3.164310e+03 2.692005e+08
1.308796e+06 3.180165e+03 2.690691e+08
1.308447e+06 3.196020e+03 2.689389e+08
1.307759e+06 3.227730e+03 2.686815e+08
1.307419e+06 3.243585e+03 2.685544e+08
1.306746e+06 3.275295e+03 2.683032e+08
1.306414e+06 3.291150e+03 2.681791e+08
1.305758e+06 3.322859e+03 2.679339e+08
1.305433e+06 3.338714e+03 2.678128e+08
1.305111e+06 3.354569e+03 2.676927e+08
1.304475e+06 3.386279e+03 2.674552e+08
1.304160e+06 3.402134e+03 2.673379e+08
1.303538e+06 3.433844e+03 2.671060e+08
1.303231e+06 3.449699e+03 2.669914e+08
1.302623e+06 3.481408e+03 2.667648e+08
1.302024e+06 3.513118e+03 2.665418e+08
1.301728e+06 3.528973e+03 2.664316e+08
1.301143e+06 3.560683e+03 2.662137e+08
1.300854e+06 3.576538e+03 2.661061e+08
1.300282e+06 3.608248e+03 2.658933e+08
1.299999e+06 3.624102e+03 2.657881e+08
1.299440e+06 3.655812e+03 2.655802e+08
1.298889e+06 3.687522e+03 2.653754e+08
1.298617e+06 3.703377e+03 2.652742e+08
1.298078e+06 3.735087e+03 2.650740e+08
1.297547e+06 3.766797e+03 2.648768e+08
1.297285e+06 3.782651e+03 2.647793e+08
1.296765e+06 3.814361e+03 2.645864e+08
1.296254e+06 3.846071e+03 2.643965e+08
1.296000e+06 3.861926e+03 2.643025e+08
1.295500e+06 3.893636e+03 2.641167e+08
1.295006e+06 3.925345e+03 2.639337e+08
1.294762e+06 3.941200e+03 2.638431e+08
1.294279e+06 3.972910e+03 2.636640e+08
1.293802e+06 4.004620e+03 2.634875e+08
1.293333e+06 4.036330e+03 2.633136e+08
1.292870e+06 4.068040e+03 2.631421e+08
1.292641e+06 4.083894e+03 2.630573e+08
1.292187e+06 4.115604e+03 2.628895e+08
1.291740e+06 4.147314e+03 2.627241e+08
1.291300e+06 4.179024e+03 2.625610e+08
1.290865e+06 4.210734e+03 2.624002e+08
1.290436e+06 4.242443e+03 2.622417e+08
1.290224e+06 4.258298e+03 2.621633e+08
1.289804e+06 4.290008e+03 2.620081e+08
1.289390e+06 4.321718e+03 2.618551e+08
1.288982e+06 4.353428e+03 2.617042e+08
1.288579e+06 4.385137e+03 2.615554e+08
1.288182e+06 4.416847e+03 2.614086e+08
1.287789e+06 4.448557e+03 2.612639e+08
1.287403e+06 4.480267e+03 2.611212e+08
1.287021e+06 4.511977e+03 2.609804e+08
1.286645e+06 4.543686e+03 2.608415e+08
1.286273e+06 4.575396e+03 2.607045e+08
1.285907e+06 4.607106e+03 2.605694e+08
1.285545e+06 4.638816e+03 2.604361e+08
1.285188e+06 4.670526e+03 2.603045e+08
1.284836e+06 4.702235e+03 2.601748e+08
1.284488e+06 4.733945e+03 2.600468e+08
1.284146e+06 4.765655e+03 2.599205e+08
1.283807e+06 4.797365e+03 2.597959e+08
1.283308e+06 4.844929e+03 2.596120e+08
1.282980e+06 4.876639e+03 2.594915e+08
1.282657e+06 4.908349e+03 2.593725e+08
1.282338e+06 4.940059e+03 2.592551e+08
1.282022e+06 4.971769e+03 2.591392e+08
1.281711e+06 5.003478e+03 2.590248e+08
1.281252e+06 5.051043e+03 2.588561e+08
1.280951e+06 5.082753e+03 2.587454e+08
1.280654e+06 5.114463e+03 2.586361e+08
1.280360e+06 5.146172e+03 2.585283e+08
1.279927e+06 5.193737e+03 2.583691e+08
1.279643e+06 5.225447e+03 2.582647e+08
1.279362e+06 5.257157e+03 2.581616e+08
1.278947e+06 5.304721e+03 2.580094e+08
1.278675e+06 5.336431e+03 2.579096e+08
1.278407e+06 5.368141e+03 2.578110e+08
1.278010e+06 5.415706e+03 2.576655e+08
1.277750e+06 5.447415e+03 2.575700e+08
1.277365e+06 5.494980e+03 2.574290e+08
1.277113e+06 5.526690e+03 2.573365e+08
1.276864e+06 5.558400e+03 2.572452e+08
1.276495e+06 5.605964e+03 2.571103e+08
1.276254e+06 5.637674e+03 2.570217e+08
1.275897e+06 5.685239e+03 2.568910e+08
1.275663e+06 5.716949e+03 2.568052e+08
1.275317e+06 5.764513e+03 2.566785e+08
1.275090e+06 5.796223e+03 2.565953e+08
1.274754e+06 5.843788e+03 2.564725e+08
1.274425e+06 5.891353e+03 2.563519e+08
1.274208e+06 5.923062e+03 2.562727e+08
1.273889e+06 5.970627e+03 2.561558e+08
1.273575e+06 6.018192e+03 2.560410e+08
1.273369e+06 6.049902e+03 2.559657e+08
1.273064e+06 6.097466e+03 2.558543e+08
1.272765e+06 6.145031e+03 2.557450e+08
1.272569e+06 6.176741e+03 2.556733e+08
1.272279e+06 6.224305e+03 2.555672e+08
1.271994e+06 6.271870e+03 2.554631e+08
1.271714e+06 6.319435e+03 2.553609e+08
1.271530e+06 6.351145e+03 2.552937e+08
1.271259e+06 6.398709e+03 2.551945e+08
1.270992e+06 6.446274e+03 2.550971e+08
1.270730e+06 6.493839e+03 2.550014e+08
1.270473e+06 6.541403e+03 2.549074e+08
1.270220e+06 6.588968e+03 2.548151e+08
1.269971e+06 6.636533e+03 2.547244e+08
1.269808e+06 6.668242e+03 2.546649e+08
1.269567e+06 6.715807e+03 2.545768e+08
1.269330e+06 6.763372e+03 2.544904e+08
1.269097e+06 6.810937e+03 2.544054e+08
1.268868e+06 6.858501e+03 2.543220e+08
1.268643e+06 6.906066e+03 2.542400e+08
1.268349e+06 6.969485e+03 2.541329e+08
1.268133e+06 7.017050e+03 2.540542e+08
1.267921e+06 7.064615e+03 2.539769e+08
1.267713e+06 7.112180e+03 2.539010e+08
1.267508e+06 7.159744e+03 2.538263e+08
1.267307e+06 7.207309e+03 2.537530e+08
1.267109e+06 7.254874e+03 2.536809e+08
1.266850e+06 7.318293e+03 2.535868e+08
1.266660e+06 7.365858e+03 2.535176e+08
1.266474e+06 7.413423e+03 2.534496e+08
1.266290e+06 7.460987e+03 2.533828e+08
1.266050e+06 7.524407e+03 2.532955e+08
1.265874e+06 7.571972e+03 2.532313e+08
1.265701e+06 7.619536e+03 2.531682e+08
1.265474e+06 7.682956e+03 2.530858e+08
1.265308e+06 7.730521e+03 2.530252e+08
1.265090e+06 7.793940e+03 2.529460e+08
1.264930e+06 7.841505e+03 2.528878e+08
1.264721e+06 7.904924e+03 2.528118e+08
1.264567e+06 7.952489e+03 2.527559e+08
1.264366e+06 8.015909e+03 2.526828e+08
1.264218e+06 8.063473e+03 2.526291e+08
1.264025e+06 8.126893e+03 2.525588e+08
1.263883e+06 8.174458e+03 2.525072e+08
1.263697e+06 8.237877e+03 2.524397e+08
1.263516e+06 8.301297e+03 2.523737e+08
1.263382e+06 8.348861e+03 2.523252e+08
1.263208e+06 8.412281e+03 2.522618e+08
1.263037e+06 8.475701e+03 2.521998e+08
1.262912e+06 8.523265e+03 2.521542e+08
1.262748e+06 8.586685e+03 2.520946e+08
1.262587e+06 8.650104e+03 2.520363e+08
1.262430e+06 8.713524e+03 2.519793e+08
1.262277e+06 8.776944e+03 2.519236e+08
1.262127e+06 8.840363e+03 2.518691e+08
1.261980e+06 8.903783e+03 2.518158e+08
1.261836e+06 8.967202e+03 2.517637e+08
1.261731e+06 9.014767e+03 2.517254e+08
1.261593e+06 9.078187e+03 2.516753e+08
1.261424e+06 9.157461e+03 2.516142e+08
1.261293e+06 9.220881e+03 2.515666e+08
1.261165e+06 9.284300e+03 2.515200e+08
1.261039e+06 9.347720e+03 2.514744e+08
1.260916e+06 9.411139e+03 2.514298e+08
1.260796e+06 9.474559e+03 2.513862e+08
1.260678e+06 9.537979e+03 2.513436e+08
1.260535e+06 9.617253e+03 2.512915e+08
1.260423e+06 9.680673e+03 2.512510e+08
1.260314e+06 9.744092e+03 2.512113e+08
1.260207e+06 9.807512e+03 2.511724e+08
1.260076e+06 9.886786e+03 2.511251e+08
1.259974e+06 9.950206e+03 2.510881e+08
1.259840e+06 1.003582e+04 2.510394e+08
1.259738e+06 1.010241e+04 2.510025e+08
1.259639e+06 1.016900e+04 2.509665e+08
1.259541e+06 1.023559e+04 2.509313e+08
1.259447e+06 1.030218e+04 2.508969e+08
1.259323e+06 1.039097e+04 2.508523e+08
1.259233e+06 1.045756e+04 2.508197e+08
1.259146e+06 1.052415e+04 2.507878e+08
1.259031e+06 1.061294e+04 2.507465e+08
1.258948e+06 1.067953e+04 2.507163e+08
1.258867e+06 1.074612e+04 2.506868e+08
1.258761e+06 1.083491e+04 2.506485e+08
1.258684e+06 1.090150e+04 2.506205e+08
1.258583e+06 1.099029e+04 2.505842e+08
1.258510e+06 1.105688e+04 2.505577e+08
1.258415e+06 1.114567e+04 2.505232e+08
1.258346e+06 1.121226e+04 2.504981e+08
1.258256e+06 1.130104e+04 2.504655e+08
1.258190e+06 1.136763e+04 2.504417e+08
1.258105e+06 1.145642e+04 2.504107e+08
1.258042e+06 1.152301e+04 2.503881e+08
1.257961e+06 1.161180e+04 2.503588e+08
1.257882e+06 1.170059e+04 2.503303e+08
1.257825e+06 1.176718e+04 2.503095e+08
1.257751e+06 1.185596e+04 2.502825e+08
1.257678e+06 1.194475e+04 2.502563e+08
1.257608e+06 1.203354e+04 2.502309e+08
1.257540e+06 1.212233e+04 2.502063e+08
1.257490e+06 1.218892e+04 2.501883e+08
1.257426e+06 1.227770e+04 2.501649e+08
1.257363e+06 1.236649e+04 2.501422e+08
1.257302e+06 1.245528e+04 2.501202e+08
1.257243e+06 1.254407e+04 2.500989e+08
1.257186e+06 1.263285e+04 2.500782e+08
1.257130e+06 1.272164e+04 2.500581e+08
1.257077e+06 1.281043e+04 2.500386e+08
1.257024e+06 1.289922e+04 2.500197e+08
1.256974e+06 1.298800e+04 2.500013e+08
1.256924e+06 1.307679e+04 2.499835e+08
1.256876e+06 1.316558e+04 2.499662e+08
1.256819e+06 1.327656e+04 2.499453e+08
1.256774e+06 1.336535e+04 2.499292e+08
1.256731e+06 1.345414e+04 2.499135e+08
1.256689e+06 1.354293e+04 2.498983e+08
1.256638e+06 1.365391e+04 2.498799e+08
1.256599e+06 1.374270e+04 2.498657e+08
1.256560e+06 1.383148e+04 2.498519e+08
1.256514e+06 1.394247e+04 2.498352e+08
1.256479e+06 1.403126e+04 2.498223e+08
1.256444e+06 1.412004e+04 2.498098e+08
1.256402e+06 1.423103e+04 2.497946e+08
1.256370e+06 1.431982e+04 2.497830e+08
1.256331e+06 1.443080e+04 2.497688e+08
1.256293e+06 1.454178e+04 2.497552e+08
1.256264e+06 1.463057e+04 2.497447e+08
1.256229e+06 1.474156e+04 2.497319e+08
1.256202e+06 1.483034e+04 2.497221e+08
1.256169e+06 1.494133e+04 2.497102e+08
1.256137e+06 1.505231e+04 2.496987e+08
1.256107e+06 1.516330e+04 2.496877e+08
1.256083e+06 1.525208e+04 2.496791e+08
1.256054e+06 1.536307e+04 2.496688e+08
1.256027e+06 1.547405e+04 2.496589e+08
1.256000e+06 1.558504e+04 2.496493e+08
1.255975e+06 1.569602e+04 2.496401e+08
1.255950e+06 1.580700e+04 2.496312e+08
1.255927e+06 1.591799e+04 2.496226e+08
1.255904e+06 1.602897e+04 2.496144e+08
1.255882e+06 1.613996e+04 2.496064e+08
1.255861e+06 1.625094e+04 2.495988e+08
1.255840e+06 1.636193e+04 2.495914e+08
1.255817e+06 1.649511e+04 2.495829e+08
1.255798e+06 1.660609e+04 2.495761e+08
1.255780e+06 1.671708e+04 2.495695e+08
1.255762e+06 1.682806e+04 2.495632e+08
1.255742e+06 1.696124e+04 2.495560e+08
1.255726e+06 1.707223e+04 2.495502e+08
1.255711e+06 1.718321e+04 2.495446e+08
1.255693e+06 1.731639e+04 2.495381e+08
1.255679e+06 1.742737e+04 2.495330e+08
1.255662e+06 1.756056e+04 2.495270e+08
1.255647e+06 1.769374e+04 2.495214e+08
1.255634e+06 1.780472e+04 2.495168e+08
1.255620e+06 1.793790e+04 2.495116e+08
1.255608e+06 1.804889e+04 2.495074e+08
1.255595e+06 1.818207e+04 2.495026e+08
1.255582e+06 1.831525e+04 2.494980e+08
1.255570e+06 1.844843e+04 2.494936e+08
1.255558e+06 1.858161e+04 2.494894e+08
1.255549e+06 1.869260e+04 2.494860e+08
1.255538e+06 1.882578e+04 2.494821e+08
1.255528e+06 1.895896e+04 2.494784e+08
1.255518e+06 1.909214e+04 2.494748e+08
1.255508e+06 1.922532e+04 2.494714e+08
1.255500e+06 1.935850e+04 2.494682e+08
1.255490e+06 1.951388e+04 2.494646e+08
1.255481e+06 1.964706e+04 2.494616e+08
1.255474e+06 1.978024e+04 2.494588e+08
1.255466e+06 1.991342e+04 2.494561e+08
1.255458e+06 2.006880e+04 2.494531e+08
1.255451e+06 2.020198e+04 2.494507e+08
1.255445e+06 2.033516e+04 2.494483e+08
1.255437e+06 2.049054e+04 2.494457e+08
1.255432e+06 2.062372e+04 2.494436e+08
1.255425e+06 2.077910e+04 2.494412e+08
1.255420e+06 2.091228e+04 2.494393e+08
1.255414e+06 2.106766e+04 2.494372e+08
1.255408e+06 2.122304e+04 2.494351e+08
1.255403e+06 2.135622e+04 2.494335e+08
1.255398e+06 2.151160e+04 2.494316e+08
1.255394e+06 2.166697e+04 2.494299e+08
1.255389e+06 2.182235e+04 2.494282e+08
1.255385e+06 2.197773e+04 2.494266e+08
1.255380e+06 2.213311e+04 2.494251e+08
1.255376e+06 2.228849e+04 2.494237e+08
1.255373e+06 2.244386e+04 2.494224e+08
1.255369e+06 2.259924e+04 2.494211e+08
1.255366e+06 2.275462e+04 2.494199e+08
1.255363e+06 2.291000e+04 2.494187e+08
1.255359e+06 2.308757e+04 2.494174e+08
1.255356e+06 2.324295e+04 2.494164e+08
1.255354e+06 2.339833e+04 2.494154e+08
1.255351e+06 2.357590e+04 2.494144e+08
1.255348e+06 2.373128e+04 2.494135e+08
1.255346e+06 2.390886e+04 2.494125e+08
1.255343e+06 2.406423e+04 2.494118e+08
1.255341e+06 2.424181e+04 2.494109e+08
1.255339e+06 2.441938e+04 2.494101e+08
1.255337e+06 2.457476e+04 2.494094e+08
1.255335e+06 2.475234e+04 2.494087e+08
1.255333e+06 2.492991e+04 2.494081e+08
1.255331e+06 2.510749e+04 2.494074e+08
1.255330e+06 2.528506e+04 2.494068e+08
1.255328e+06 2.546264e+04 2.494063e+08
1.255327e+06 2.564021e+04 2.494057e+08
1.255325e+06 2.581779e+04 2.494052e+08
1.255324e+06 2.599536e+04 2.494047e+08
1.255323e+06 2.617294e+04 2.494043e+08
1.255321e+06 2.637271e+04 2.494038e+08
1.255320e+06 2.655028e+04 2.494034e+08
1.255319e+06 2.672786e+04 2.494031e+08
1.255318e+06 2.692763e+04 2.494027e+08
1.255317e+06 2.710520e+04 2.494024e+08
1.255316e+06 2.730498e+04 2.494020e+08
1.255316e+06 2.750475e+04 2.494017e+08
1.255315e+06 2.768232e+04 2.494014e+08
1.255314e+06 2.788209e+04 2.494011e+08
1.255313e+06 2.808186e+04 2.494009e+08
1.255313e+06 2.828164e+04 2.494006e+08
1.255312e+06 2.848141e+04 2.494004e+08
1.255311e+06 2.868118e+04 2.494002e+08
1.255311e+06 2.888095e+04 2.494000e+08
1.255310e+06 2.908072e+04 2.493998e+08
1.255310e+06 2.928050e+04 2.493996e+08
1.255309e+06 2.950246e+04 2.493994e+08
1.255309e+06 2.970224e+04 2.493993e+08
1.255308e+06 2.990201e+04 2.493991e+08
1.255308e+06 3.012398e+04 2.493990e+08
1.255308e+06 3.032375e+04 2.493989e+08
1.255307e+06 3.054572e+04 2.493987e+08
1.255307e+06 3.076768e+04 2.493986e+08
1.255307e+06 3.096746e+04 2.493985e+08
1.255306e+06 3.118942e+04 2.493984e+08
1.255306e+06 3.141139e+04 2.493983e+08
1.255306e+06 3.163336e+04 2.493982e+08
1.255306e+06 3.185533e+04 2.493981e+08
1.255305e+06 3.207730e+04 2.493981e+08
1.255305e+06 3.229927e+04 2.493980e+08
1.255305e+06 3.254343e+04 2.493979e+08
1.255305e+06 3.276540e+04 2.493978e+08
1.255305e+06 3.298737e+04 2.493978e+08
1.255305e+06 3.323154e+04 2.493977e+08
1.255304e+06 3.345350e+04 2.493977e+08
1.255304e+06 3.369767e+04 2.493976e+08
1.255304e+06 3.394183e+04 2.493976e+08
1.255304e+06 3.416380e+04 2.493975e+08
1.255304e+06 3.440797e+04 2.493975e+08
1.255304e+06 3.465213e+04 2.493975e+08
1.255304e+06 3.489630e+04 2.493974e+08
1.255304e+06 3.514046e+04 2.493974e+08
1.255304e+06 3.538463e+04 2.493974e+08
1.255304e+06 3.562880e+04 2.493974e+08
1.255303e+06 3.589516e+04 2.493973e+08
1.255303e+06 3.613932e+04 2.493973e+08
1.255303e+06 3.640569e+04 2.493973e+08
1.255303e+06 3.664985e+04 2.493973e+08
1.255303e+06 3.691621e+04 2.493972e+08
1.255303e+06 3.716038e+04 2.493972e+08
1.255303e+06 3.742674e+04 2.493972e+08
1.255303e+06 3.769310e+04 2.493972e+08
1.255303e+06 3.795947e+04 2.493972e+08
1.255303e+06 3.822583e+04 2.493972e+08
1.255303e+06 3.849219e+04 2.493972e+08
1.255303e+06 3.875855e+04 2.493972e+08
1.255303e+06 3.904711e+04 2.493971e+08
1.255303e+06 3.931347e+04 2.493971e+08
1.255303e+06 3.957984e+04 2.493971e+08
1.255303e+06 3.986839e+04 2.493971e+08
1.255303e+06 4.015695e+04 2.493971e+08
1.255303e+06 4.042332e+04 2.493971e+08
1.255303e+06 4.071188e+04 2.493971e+08
1.255303e+06 4.100043e+04 2.493971e+08
1.255303e+06 4.128899e+04 2.493971e+08
1.255303e+06 4.157755e+04 2.493971e+08
1.255303e+06 4.186611e+04 2.493971e+08
1.255303e+06 4.217687e+04 2.493971e+08
1.255303e+06 4.246543e+04 2.493971e+08
1.255303e+06 4.275399e+04 2.493971e+08
1.255303e+06 4.306474e+04 2.493971e+08
1.255303e+06 4.337550e+04 2.493971e+08
1.255303e+06 4.366406e+04 2.493971e+08
1.255303e+06 4.397481e+04 2.493971e+08
1.255303e+06 4.428557e+04 2.493971e+08
1.255303e+06 4.459632e+04 2.493971e+08
1.255303e+06 4.490708e+04 2.493971e+08
1.255303e+06 4.524003e+04 2.493971e+08
1.255303e+06 4.555079e+04 2.493971e+08
1.255303e+06 4.586155e+04 2.493971e+08
1.255303e+06 4.619450e+04 2.493971e+08
1.255303e+06 4.652745e+04 2.493971e+08
1.255303e+06 4.683821e+04 2.493971e+08
1.255303e+06 4.717116e+04 2.493971e+08
1.255303e+06 4.750411e+04 2.493971e+08
1.255303e+06 4.783707e+04 2.493971e+08
1.255303e+06 4.817002e+04 2.493971e+08
1.255303e+06 4.852517e+04 2.493971e+08
1.255303e+06 4.885812e+04 2.493971e+08
1.255303e+06 4.919107e+04 2.493971e+08
1.255303e+06 4.954622e+04 2.493971e+08
1.255303e+06 4.990137e+04 2.493971e+08
1.255303e+06 5.024067e+04 2.493971e+08
1.255303e+06 5.061167e+04 2.493971e+08
1.255303e+06 5.095414e+04 2.493971e+08
1.255303e+06 5.132514e+04 2.493971e+08
1.255303e+06 5.166761e+04 2.493971e+08
1.255303e+06 5.203861e+04 2.493971e+08
1.255303e+06 5.240962e+04 2.493971e+08
1.255303e+06 5.278062e+04 2.493971e+08
1.255303e+06 5.315163e+04 2.493971e+08
1.255303e+06 5.352263e+04 2.493971e+08
1.255303e+06 5.389364e+04 2.493971e+08
1.255303e+06 5.426464e+04 2.493970e+08
1.255303e+06 5.466418e+04 2.493970e+08
1.255303e+06 5.503519e+04 2.493970e+08
1.255303e+06 5.543473e+04 2.493970e+08
1.255303e+06 5.583427e+04 2.493970e+08
1.255303e+06 5.620528e+04 2.493970e+08
1.255303e+06 5.660482e+04 2.493970e+08
1.255303e+06 5.700437e+04 2.493970e+08
1.255303e+06 5.740391e+04 2.493970e+08
1.255303e+06 5.780345e+04 2.493970e+08
1.255303e+06 5.823154e+04 2.493970e+08
1.255303e+06 5.863108e+04 2.493970e+08
1.255303e+06 5.903062e+04 2.493970e+08
1.255303e+06 5.945870e+04 2.493970e+08
1.255303e+06 5.988679e+04 2.493970e+08
1.255303e+06 6.028633e+04 2.493970e+08
1.255303e+06 6.071441e+04 2.493970e+08
1.255303e+06 6.114249e+04 2.493970e+08
1.255303e+06 6.157058e+04 2.493970e+08
1.255303e+06 6.199866e+04 2.493970e+08
1.255303e+06 6.245528e+04 2.493970e+08
1.255303e+06 6.288336e+04 2.493970e+08
1.255303e+06 6.333998e+04 2.493970e+08
1.255303e+06 6.376806e+04 2.493970e+08
1.255303e+06 6.422469e+04 2.493970e+08
1.255303e+06 6.468131e+04 2.493970e+08
1.255303e+06 6.513793e+04 2.493970e+08
1.255303e+06 6.559455e+04 2.493970e+08
1.255303e+06 6.605117e+04 2.493970e+08
1.255303e+06 6.650779e+04 2.493970e+08
1.255303e+06 6.699295e+04 2.493970e+08
1.255303e+06 6.744957e+04 2.493970e+08
1.255303e+06 6.793473e+04 2.493970e+08
1.255303e+06 6.839135e+04 2.493970e+08
1.255303e+06 6.887651e+04 2.493970e+08
1.255303e+06 6.936167e+04 2.493970e+08
1.255303e+06 6.984683e+04 2.493970e+08
1.255303e+06 7.036053e+04 2.493970e+08
1.255303e+06 7.084569e+04 2.493970e+08
1.255303e+06 7.133085e+04 2.493970e+08
1.255303e+06 7.184455e+04 2.493970e+08
1.255303e+06 7.235825e+04 2.493970e+08
1.255303e+06 7.287195e+04 2.493970e+08
1.255303e+06 7.338564e+04 2.493970e+08
1.255303e+06 7.389934e+04 2.493970e+08
1.255303e+06 7.441304e+04 2.493970e+08
1.255303e+06 7.492674e+04 2.493970e+08
1.255303e+06 7.546898e+04 2.493970e+08
1.255303e+06 7.598268e+04 2.493970e+08
1.255303e+06 7.652491e+04 2.493970e+08
1.255303e+06 7.706715e+04 2.493970e+08
1.255303e+06 7.760939e+04 2.493970e+08
1.255303e+06 7.815163e+04 2.493970e+08
1.255303e+06 7.869386e+04 2.493970e+08
1.255303e+06 7.926464e+04 2.493970e+08
1.255303e+06 7.980688e+04 2.493970e+08
1.255303e+06 8.037765e+04 2.493970e+08
1.255303e+06 8.094843e+04 2.493970e+08
1.255303e+06 8.151921e+04 2.493970e+08
1.255303e+06 8.208998e+04 2.493970e+08
1.255303e+06 8.266076e+04 2.493970e+08
1.255303e+06 8.323154e+04 2.493970e+08
1.255303e+06 8.383085e+04 2.493970e+08
1.255303e+06 8.440163e+04 2.493970e+08
1.255303e+06 8.500094e+04 2.493970e+08
1.255303e+06 8.560026e+04 2.493970e+08
1.255303e+06 8.619957e+04 2.493970e+08
1.255303e+06 8.682743e+04 2.493970e+08
1.255303e+06 8.742674e+04 2.493970e+08
1.255303e+06 8.805459e+04 2.493970e+08
1.255303e+06 8.865391e+04 2.493970e+08
1.255303e+06 8.928176e+04 2.493970e+08
1.255303e+06 8.990962e+04 2.493970e+08
1.255303e+06 9.053747e+04 2.493970e+08
1.255303e+06 9.119386e+04 2.493970e+08
1.255303e+06 9.182172e+04 2.493970e+08
1.255303e+06 9.247811e+04 2.493970e+08
1.255303e+06 9.313450e+04 2.493970e+08
1.255303e+06 9.376236e+04 2.493970e+08
1.255303e+06 9.444729e+04 2.493970e+08
1.255303e+06 9.510368e+04 2.493970e+08
1.255303e+06 9.576007e+04 2.493970e+08
1.255303e+06 9.644501e+04 2.493970e+08
1.255303e+06 9.712994e+04 2.493970e+08
1.255303e+06 9.781487e+04 2.493970e+08
1.255303e+06 9.849980e+04 2.493970e+08
1.255303e+06 9.918473e+04 2.493970e+08
1.255303e+06 9.986966e+04 2.493970e+08
1.255303e+06 1.005831e+05 2.493970e+08
1.255303e+06 1.012807e+05 2.493970e+08
1.255303e+06 1.020101e+05 2.493970e+08
1.255303e+06 1.027394e+05 2.493970e+08
1.255303e+06 1.034370e+05 2.493970e+08
1.255303e+06 1.041663e+05 2.493970e+08
1.255303e+06 1.048957e+05 2.493970e+08
1.255303e+06 1.056567e+05 2.493970e+08
1.255303e+06 1.063860e+05 2.493970e+08
1.255303e+06 1.071471e+05 2.493970e+08
1.255303e+06 1.079081e+05 2.493970e+08
1.255303e+06 1.086374e+05 2.493970e+08
1.255303e+06 1.094302e+05 2.493970e+08
1.255303e+06 1.101912e+05 2.493970e+08
1.255303e+06 1.109522e+05 2.493970e+08
1.255303e+06 1.117450e+05 2.493970e+08
1.255303e+06 1.125377e+05 2.493970e+08
1.255303e+06 1.133305e+05 2.493970e+08
1.255303e+06 1.141232e+05 2.493970e+08
1.255303e+06 1.149160e+05 2.493970e+08
1.255303e+06 1.157404e+05 2.493970e+08
1.255303e+06 1.165332e+05 2.493970e+08
1.255303e+06 1.173576e+05 2.493970e+08
1.255303e+06 1.181821e+05 2.493970e+08
1.255303e+06 1.190065e+05 2.493970e+08
1.255303e+06 1.198627e+05 2.493970e+08
1.255303e+06 1.206871e+05 2.493970e+08
1.255303e+06 1.215433e+05 2.493970e+08
1.255303e+06 1.223995e+05 2.493970e+08
1.255303e+06 1.232556e+05 2.493970e+08
1.255303e+06 1.241435e+05 2.493970e+08
1.255303e+06 1.249997e+05 2.493970e+08
1.255303e+06 1.258875e+05 2.493970e+08
1.255303e+06 1.267754e+05 2.493970e+08
1.255303e+06 1.276633e+05 2.493970e+08
1.255303e+06 1.285512e+05 2.493970e+08
1.255303e+06 1.294708e+05 2.493970e+08
1.255303e+06 1.303903e+05 2.493970e+08
1.255303e+06 1.313099e+05 2.493970e+08
1.255303e+06 1.322295e+05 2.493970e+08
1.255303e+06 1.331491e+05 2.493970e+08
1.255303e+06 1.341004e+05 2.493970e+08
1.255303e+06 1.350200e+05 2.493970e+08
1.255303e+06 1.359713e+05 2.493970e+08
1.255303e+06 1.369226e+05 2.493970e+08
1.255303e+06 1.379056e+05 2.493970e+08
1.255303e+06 1.388569e+05 2.493970e+08
1.255303e+06 1.398399e+05 2.493970e+08
1.255303e+06 1.408229e+05 2.493970e+08
1.255303e+06 1.418059e+05 2.493970e+08
1.255303e+06 1.428206e+05 2.493970e+08
1.255303e+06 1.438353e+05 2.493970e+08
1.255303e+06 1.448500e+05 2.493970e+08
1.255303e+06 1.458647e+05 2.493970e+08
1.255303e+06 1.468794e+05 2.493970e+08
1.255303e+06 1.479259e+05 2.493970e+08
1.255303e+06 1.489406e+05 2.493970e+08
1.255303e+06 1.499870e+05 2.493970e+08
1.255303e+06 1.510651e+05 2.493970e+08
1.255303e+06 1.521115e+05 2.493970e+08
1.255303e+06 1.531897e+05 2.493970e+08
1.255303e+06 1.542678e+05 2.493970e+08
1.255303e+06 1.553459e+05 2.493970e+08
1.255303e+06 1.564558e+05 2.493970e+08
1.255303e+06 1.575339e+05 2.493970e+08
1.255303e+06 1.586438e+05 2.493970e+08
1.255303e+06 1.597853e+05 2.493970e+08
1.255303e+06 1.608952e+05 2.493970e+08
1.255303e+06 1.620367e+05 2.493970e+08
1.255303e+06 1.631783e+05 2.493970e+08
1.255303e+06 1.643198e+05 2.493970e+08
1.255303e+06 1.654614e+05 2.493970e+08
1.255303e+06 1.666346e+05 2.493970e+08
1.255303e+06 1.678079e+05 2.493970e+08
1.255303e+06 1.689812e+05 2.493970e+08
1.255303e+06 1.701861e+05 2.493970e+08
1.255303e+06 1.713911e+05 2.493970e+08
1.255303e+06 1.725961e+05 2.493970e+08
1.255303e+06 1.738010e+05 2.493970e+08
1.255303e+06 1.750060e+05 2.493970e+08
1.255303e+06 1.762427e+05 2.493970e+08
1.255303e+06 1.774794e+05 2.493970e+08
1.255303e+06 1.787478e+05 2.493970e+08
1.255303e+06 1.799845e+05 2.493970e+08
1.255303e+06 1.812528e+05 2.493970e+08
1.255303e+06 1.825529e+05 2.493970e+08
1.255303e+06 1.838213e+05 2.493970e+08
1.255303e+06 1.851214e+05 2.493970e+08
1.255303e+06 1.864215e+05 2.493970e+08
1.255303e+06 1.877216e+05 2.493970e+08
1.255303e+06 1.890535e+05 2.493970e+08
1.255303e+06 1.903853e+05 2.493970e+08
1.255303e+06 1.917171e+05 2.493970e+08
1.255303e+06 1.930806e+05 2.493970e+08
1.255303e+06 1.944124e+05 2.493970e+08
1.255303e+06 1.958076e+05 2.493970e+08
1.255303e+06 1.971712e+05 2.493970e+08
1.255303e+06 1.985664e+05 2.493970e+08
1.255303e+06 1.999616e+05 2.493970e+08
1.255303e+06 2.013569e+05 2.493970e+08
1.255303e+06 2.027838e+05 2.493970e+08
1.255303e+06 2.042107e+05 2.493970e+08
1.255303e+06 2.056377e+05 2.493970e+08
1.255303e+06 2.070963e+05 2.493970e+08
1.255303e+06 2.085550e+05 2.493970e+08
1.255303e+06 2.100136e+05 2.493970e+08
