1.118964e+07 3.170979e-07 1.233751e+10
1.117069e+07 6.341958e-07 1.230039e+10
1.115231e+07 9.512938e-07 1.226447e+10
1.113449e+07 1.268392e-06 1.222966e+10
1.111719e+07 1.585490e-06 1.219591e+10
1.110038e+07 1.902588e-06 1.216315e+10
1.108404e+07 2.219685e-06 1.213134e+10
1.106814e+07 2.536783e-06 1.210044e+10
1.105267e+07 2.853881e-06 1.207040e+10
1.103760e+07 3.170979e-06 1.204116e+10
1.102291e+07 3.488077e-06 1.201270e+10
1.100858e+07 3.805175e-06 1.198497e+10
1.099460e+07 4.122273e-06 1.195793e+10
1.098095e+07 4.439371e-06 1.193156e+10
1.096762e+07 4.756469e-06 1.190582e+10
1.095458e+07 5.073567e-06 1.188069e+10
1.094184e+07 5.390665e-06 1.185614e+10
1.092937e+07 5.707763e-06 1.183214e+10
1.091716e+07 6.024860e-06 1.180867e+10
1.090521e+07 6.341958e-06 1.178571e+10
1.089351e+07 6.659056e-06 1.176323e+10
1.088203e+07 6.976154e-06 1.174122e+10
1.087078e+07 7.293252e-06 1.171966e+10
1.085975e+07 7.610350e-06 1.169853e+10
1.084893e+07 7.927448e-06 1.167782e+10
1.083831e+07 8.244546e-06 1.165751e+10
1.082788e+07 8.561644e-06 1.163758e+10
1.081764e+07 8.878742e-06 1.161802e+10
1.080757e+07 9.195840e-06 1.159883e+10
1.079769e+07 9.512938e-06 1.157998e+10
1.078797e+07 9.830036e-06 1.156146e+10
1.077841e+07 1.014713e-05 1.154327e+10
1.076901e+07 1.046423e-05 1.152539e+10
1.075977e+07 1.078133e-05 1.150781e+10
1.075067e+07 1.109843e-05 1.149052e+10
1.074172e+07 1.141553e-05 1.147352e+10
1.073290e+07 1.173262e-05 1.145679e+10
1.072422e+07 1.204972e-05 1.144033e+10
1.071567e+07 1.236682e-05 1.142413e+10
1.070725e+07 1.268392e-05 1.140818e+10
1.069895e+07 1.300101e-05 1.139247e+10
1.069078e+07 1.331811e-05 1.137700e+10
1.068272e+07 1.363521e-05 1.136176e+10
1.067477e+07 1.395231e-05 1.134674e+10
1.066693e+07 1.426941e-05 1.133194e+10
1.065920e+07 1.458650e-05 1.131735e+10
1.065157e+07 1.490360e-05 1.130297e+10
1.064405e+07 1.522070e-05 1.128878e+10
1.063663e+07 1.553780e-05 1.127480e+10
1.062930e+07 1.585490e-05 1.126100e+10
1.062207e+07 1.617199e-05 1.124738e+10
1.061493e+07 1.648909e-05 1.123395e+10
1.060787e+07 1.680619e-05 1.122069e+10
1.060091e+07 1.712329e-05 1.120760e+10
1.059403e+07 1.744039e-05 1.119468e+10
1.058724e+07 1.775748e-05 1.118192e+10
1.058052e+07 1.807458e-05 1.116933e+10
1.057389e+07 1.839168e-05 1.115688e+10
1.056733e+07 1.870878e-05 1.114459e+10
1.056085e+07 1.902588e-05 1.113245e+10
1.055445e+07 1.934297e-05 1.112045e+10
1.054811e+07 1.966007e-05 1.110860e+10
1.054185e+07 1.997717e-05 1.109688e+10
1.053566e+07 2.029427e-05 1.108529e+10
1.052953e+07 2.061136e-05 1.107384e+10
1.052346e+07 2.092846e-05 1.106250e+10
1.051746e+07 2.124556e-05 1.105129e+10
1.051152e+07 2.156266e-05 1.104020e+10
1.050564e+07 2.187976e-05 1.102923e+10
1.049982e+07 2.219685e-05 1.101837e+10
1.049405e+07 2.251395e-05 1.100762e+10
1.048835e+07 2.283105e-05 1.099698e+10
1.048270e+07 2.314815e-05 1.098646e+10
1.047710e+07 2.346525e-05 1.097604e+10
1.047156e+07 2.378234e-05 1.096572e+10
1.046607e+07 2.409944e-05 1.095550e+10
1.046063e+07 2.441654e-05 1.094539e+10
1.045524e+07 2.473364e-05 1.093538e+10
1.044991e+07 2.505074e-05 1.092546e+10
1.044462e+07 2.536783e-05 1.091563e+10
1.043938e+07 2.568493e-05 1.090590e+10
1.043418e+07 2.600203e-05 1.089626e+10
1.042904e+07 2.631913e-05 1.088671e+10
1.042394e+07 2.663623e-05 1.087725e+10
1.041888e+07 2.695332e-05 1.086788e+10
1.041387e+07 2.727042e-05 1.085859e+10
1.037528e+07 2.980720e-05 1.078719e+10
1.032616e+07 3.329528e-05 1.069660e+10
1.028104e+07 3.678336e-05 1.061368e+10
1.023208e+07 4.090563e-05 1.052401e+10
1.018052e+07 4.566210e-05 1.042996e+10
1.013042e+07 5.073567e-05 1.033891e+10
1.007907e+07 5.644343e-05 1.024596e+10
1.002720e+07 6.278539e-05 1.015245e+10
9.975273e+06 6.976154e-05 1.005920e+10
9.923366e+06 7.737189e-05 9.966363e+09
9.868031e+06 8.625063e-05 9.867813e+09
9.813972e+06 9.576357e-05 9.771949e+09
9.758152e+06 1.065449e-04 9.673392e+09
9.701459e+06 1.185946e-04 9.573740e+09
9.645822e+06 1.315956e-04 9.476385e+09
9.587590e+06 1.464992e-04 9.374955e+09
9.528891e+06 1.629883e-04 9.273194e+09
9.470185e+06 1.810629e-04 9.171908e+09
9.409456e+06 2.013572e-04 9.067643e+09
9.346601e+06 2.241882e-04 8.960278e+09
9.283259e+06 2.492390e-04 8.852647e+09
9.218527e+06 2.771436e-04 8.743243e+09
9.152418e+06 3.082192e-04 8.632125e+09
9.084536e+06 3.427829e-04 8.518674e+09
9.015034e+06 3.811517e-04 8.403198e+09
8.942958e+06 4.239599e-04 8.284172e+09
8.868070e+06 4.715246e-04 8.161291e+09
8.790257e+06 5.244800e-04 8.034462e+09
8.709946e+06 5.831431e-04 7.904472e+09
8.625889e+06 6.487823e-04 7.769413e+09
8.538778e+06 7.213978e-04 7.630524e+09
8.447356e+06 8.022577e-04 7.485939e+09
8.351292e+06 8.923135e-04 7.335319e+09
8.250696e+06 9.925165e-04 7.179029e+09
8.122908e+06 1.126966e-03 6.982619e+09
8.009954e+06 1.253805e-03 6.810996e+09
7.903118e+06 1.380644e-03 6.650390e+09
7.777532e+06 1.539193e-03 6.463744e+09
7.659833e+06 1.697742e-03 6.290932e+09
7.527408e+06 1.888001e-03 6.098951e+09
7.383626e+06 2.109970e-03 5.893458e+09
7.250045e+06 2.331938e-03 5.705310e+09
7.108404e+06 2.585616e-03 5.508731e+09
6.945785e+06 2.902714e-03 5.286763e+09
6.797131e+06 3.219812e-03 5.087359e+09
6.647570e+06 3.568620e-03 4.890117e+09
6.487011e+06 3.980847e-03 4.682173e+09
6.330867e+06 4.424784e-03 4.483745e+09
6.179787e+06 4.900431e-03 4.295341e+09
6.025808e+06 5.439498e-03 4.106970e+09
5.864207e+06 6.073694e-03 3.913259e+09
5.713486e+06 6.739599e-03 3.736292e+09
5.560618e+06 7.500634e-03 3.560471e+09
5.414354e+06 8.325089e-03 3.395726e+09
5.265760e+06 9.276383e-03 3.231863e+09
5.122101e+06 1.032281e-02 3.076806e+09
4.969636e+06 1.159120e-02 2.915892e+09
4.837808e+06 1.285959e-02 2.779816e+09
4.695655e+06 1.444508e-02 2.636279e+09
4.573455e+06 1.603057e-02 2.515560e+09
4.467053e+06 1.761606e-02 2.412467e+09
4.355940e+06 1.951865e-02 2.306830e+09
4.244325e+06 2.173833e-02 2.202805e+09
4.135463e+06 2.427511e-02 2.103374e+09
4.042079e+06 2.681190e-02 2.019686e+09
3.942336e+06 2.998288e-02 1.931911e+09
3.849285e+06 3.347095e-02 1.851557e+09
3.769907e+06 3.695903e-02 1.784193e+09
3.689568e+06 4.108130e-02 1.717130e+09
3.611045e+06 4.583777e-02 1.652673e+09
3.540104e+06 5.091134e-02 1.595369e+09
3.472335e+06 5.661910e-02 1.541456e+09
3.408698e+06 6.296106e-02 1.491570e+09
3.349417e+06 6.993721e-02 1.445746e+09
3.292492e+06 7.786466e-02 1.402335e+09
3.240705e+06 8.642631e-02 1.363345e+09
3.190629e+06 9.625634e-02 1.326102e+09
3.134105e+06 1.095745e-01 1.284607e+09
3.100233e+06 1.190874e-01 1.260018e+09
3.052969e+06 1.349423e-01 1.226010e+09
3.021466e+06 1.476262e-01 1.203569e+09
2.988096e+06 1.634811e-01 1.179995e+09
2.954930e+06 1.825070e-01 1.156769e+09
2.923380e+06 2.047038e-01 1.134863e+09
2.897593e+06 2.269007e-01 1.117094e+09
2.873450e+06 2.522685e-01 1.100570e+09
2.851453e+06 2.808073e-01 1.085609e+09
2.833666e+06 3.093461e-01 1.073577e+09
2.816263e+06 3.442269e-01 1.061862e+09
2.800283e+06 3.854496e-01 1.051154e+09
2.787940e+06 4.266724e-01 1.042916e+09
2.776955e+06 4.742371e-01 1.035608e+09
2.767506e+06 5.281437e-01 1.029340e+09
2.759558e+06 5.883923e-01 1.024081e+09
2.753216e+06 6.518119e-01 1.019893e+09
2.747640e+06 7.247444e-01 1.016216e+09
2.742792e+06 8.071899e-01 1.013025e+09
2.738681e+06 8.959773e-01 1.010323e+09
2.734883e+06 9.974486e-01 1.007828e+09
2.730495e+06 1.127459e+00 1.004950e+09
2.726936e+06 1.254298e+00 1.002618e+09
2.723892e+06 1.381137e+00 1.000626e+09
2.720617e+06 1.539686e+00 9.984836e+08
2.717746e+06 1.698235e+00 9.966079e+08
2.714675e+06 1.888494e+00 9.946032e+08
2.711463e+06 2.110462e+00 9.925082e+08
2.708554e+06 2.332431e+00 9.906124e+08
2.705167e+06 2.617819e+00 9.884068e+08
2.702093e+06 2.903207e+00 9.864075e+08
2.698975e+06 3.220305e+00 9.843812e+08
2.695831e+06 3.569113e+00 9.823393e+08
2.692427e+06 3.981340e+00 9.801314e+08
2.689066e+06 4.425277e+00 9.779534e+08
2.685538e+06 4.932634e+00 9.756694e+08
2.682087e+06 5.471700e+00 9.734373e+08
2.678521e+06 6.074186e+00 9.711335e+08
2.674704e+06 6.771802e+00 9.686700e+08
2.670850e+06 7.532837e+00 9.661848e+08
2.666972e+06 8.357291e+00 9.636881e+08
2.662803e+06 9.308585e+00 9.610063e+08
2.656029e+06 1.064040e+01 9.566563e+08
2.652292e+06 1.159169e+01 9.542604e+08
2.647596e+06 1.286008e+01 9.512529e+08
2.641881e+06 1.444557e+01 9.475988e+08
2.636162e+06 1.603106e+01 9.439485e+08
2.630296e+06 1.761655e+01 9.402104e+08
2.621602e+06 1.983624e+01 9.346826e+08
2.612115e+06 2.205592e+01 9.286668e+08
2.601600e+06 2.427561e+01 9.220191e+08
2.586301e+06 2.712949e+01 9.123840e+08
2.568795e+06 2.998337e+01 9.014135e+08
2.544229e+06 3.347145e+01 8.861172e+08
2.513279e+06 3.727662e+01 8.670090e+08
2.474991e+06 4.139889e+01 8.436239e+08
2.428568e+06 4.583827e+01 8.156470e+08
2.366822e+06 5.122893e+01 7.790406e+08
2.297220e+06 5.693669e+01 7.386082e+08
2.219098e+06 6.327865e+01 6.943587e+08
2.136362e+06 7.025481e+01 6.488131e+08
2.050388e+06 7.818225e+01 6.029304e+08
1.969690e+06 8.674390e+01 5.612165e+08
1.893147e+06 9.657393e+01 5.228715e+08
1.827104e+06 1.073553e+02 4.906981e+08
1.771473e+06 1.194050e+02 4.642145e+08
1.726302e+06 1.327231e+02 4.431898e+08
1.689483e+06 1.476267e+02 4.263725e+08
1.659431e+06 1.641158e+02 4.128598e+08
1.633903e+06 1.825075e+02 4.015334e+08
1.611269e+06 2.031188e+02 3.916074e+08
1.590714e+06 2.259499e+02 3.826885e+08
1.571699e+06 2.510006e+02 3.745191e+08
1.553340e+06 2.792223e+02 3.667058e+08
1.534476e+06 3.128347e+02 3.587533e+08
1.517560e+06 3.477155e+02 3.516880e+08
1.501351e+06 3.857672e+02 3.449764e+08
1.484791e+06 4.301609e+02 3.381786e+08
1.469240e+06 4.777256e+02 3.318492e+08
1.454599e+06 5.284613e+02 3.259393e+08
1.439260e+06 5.887099e+02 3.197977e+08
1.424408e+06 6.553005e+02 3.138684e+08
1.410154e+06 7.282330e+02 3.081774e+08
1.395909e+06 8.106784e+02 3.025370e+08
1.382320e+06 8.994659e+02 2.972004e+08
1.368687e+06 1.000000e+03 2.918891e+08
1.368675e+06 1.000095e+03 2.918846e+08
1.368663e+06 1.000191e+03 2.918799e+08
1.368651e+06 1.000286e+03 2.918753e+08
1.368639e+06 1.000382e+03 2.918706e+08
1.368627e+06 1.000477e+03 2.918659e+08
1.368615e+06 1.000573e+03 2.918612e+08
1.368603e+06 1.000668e+03 2.918565e+08
1.368591e+06 1.000764e+03 2.918518e+08
1.368579e+06 1.000859e+03 2.918471e+08
1.368567e+06 1.000955e+03 2.918424e+08
1.368554e+06 1.001051e+03 2.918376e+08
1.368542e+06 1.001146e+03 2.918329e+08
1.368530e+06 1.001241e+03 2.918282e+08
1.368518e+06 1.001338e+03 2.918235e+08
1.368506e+06 1.001433e+03 2.918188e+08
1.368494e+06 1.001528e+03 2.918141e+08
1.368482e+06 1.001623e+03 2.918094e+08
1.368469e+06 1.001720e+03 2.918046e+08
1.368457e+06 1.001815e+03 2.917999e+08
1.368445e+06 1.001910e+03 2.917952e+08
1.368433e+06 1.002007e+03 2.917904e+08
1.368420e+06 1.002102e+03 2.917857e+08
1.368408e+06 1.002197e+03 2.917810e+08
1.368396e+06 1.002292e+03 2.917763e+08
1.368384e+06 1.002389e+03 2.917715e+08
1.368372e+06 1.002484e+03 2.917668e+08
1.368360e+06 1.002579e+03 2.917621e+08
1.368347e+06 1.002676e+03 2.917573e+08
1.368335e+06 1.002771e+03 2.917526e+08
1.368323e+06 1.002866e+03 2.917479e+08
1.368311e+06 1.002963e+03 2.917431e+08
1.368299e+06 1.003058e+03 2.917384e+08
1.368286e+06 1.003153e+03 2.917337e+08
1.368274e+06 1.003250e+03 2.917289e+08
1.368262e+06 1.003345e+03 2.917242e+08
1.368250e+06 1.003442e+03 2.917194e+08
1.368238e+06 1.003537e+03 2.917147e+08
1.368225e+06 1.003632e+03 2.917100e+08
1.368213e+06 1.003729e+03 2.917052e+08
1.368201e+06 1.003824e+03 2.917005e+08
1.368189e+06 1.003921e+03 2.916958e+08
1.368177e+06 1.004016e+03 2.916911e+08
1.368164e+06 1.004111e+03 2.916864e+08
1.368152e+06 1.004208e+03 2.916816e+08
1.368140e+06 1.004303e+03 2.916769e+08
1.368128e+06 1.004400e+03 2.916721e+08
1.368116e+06 1.004495e+03 2.916674e+08
1.368103e+06 1.004591e+03 2.916626e+08
1.368091e+06 1.004687e+03 2.916579e+08
1.368079e+06 1.004783e+03 2.916532e+08
1.368067e+06 1.004878e+03 2.916485e+08
1.368055e+06 1.004974e+03 2.916438e+08
1.368042e+06 1.005070e+03 2.916390e+08
1.368030e+06 1.005165e+03 2.916343e+08
1.368018e+06 1.005262e+03 2.916295e+08
1.368006e+06 1.005357e+03 2.916248e+08
1.367994e+06 1.005454e+03 2.916201e+08
1.367981e+06 1.005549e+03 2.916154e+08
1.367969e+06 1.005646e+03 2.916106e+08
1.367957e+06 1.005741e+03 2.916059e+08
1.367945e+06 1.005838e+03 2.916011e+08
1.367933e+06 1.005933e+03 2.915964e+08
1.367920e+06 1.006029e+03 2.915917e+08
1.367908e+06 1.006126e+03 2.915869e+08
1.367896e+06 1.006221e+03 2.915822e+08
1.367884e+06 1.006318e+03 2.915774e+08
1.367872e+06 1.006413e+03 2.915728e+08
1.367859e+06 1.006510e+03 2.915680e+08
1.367847e+06 1.006605e+03 2.915633e+08
1.367835e+06 1.006702e+03 2.915585e+08
1.367823e+06 1.006797e+03 2.915539e+08
1.367810e+06 1.006894e+03 2.915491e+08
1.367798e+06 1.006990e+03 2.915443e+08
1.367786e+06 1.007085e+03 2.915396e+08
1.367774e+06 1.007182e+03 2.915349e+08
1.367762e+06 1.007277e+03 2.915302e+08
1.367749e+06 1.007374e+03 2.915254e+08
1.367737e+06 1.007471e+03 2.915207e+08
1.367725e+06 1.007566e+03 2.915160e+08
1.367713e+06 1.007662e+03 2.915112e+08
1.367701e+06 1.007759e+03 2.915065e+08
1.367689e+06 1.007854e+03 2.915018e+08
1.367676e+06 1.007951e+03 2.914970e+08
1.367664e+06 1.008048e+03 2.914923e+08
1.367652e+06 1.008143e+03 2.914876e+08
1.367640e+06 1.008240e+03 2.914828e+08
1.367627e+06 1.008336e+03 2.914781e+08
1.367615e+06 1.008431e+03 2.914734e+08
1.367603e+06 1.008528e+03 2.914686e+08
1.367591e+06 1.008625e+03 2.914639e+08
1.367579e+06 1.008720e+03 2.914592e+08
1.367566e+06 1.008817e+03 2.914545e+08
1.367554e+06 1.008913e+03 2.914497e+08
1.367542e+06 1.009009e+03 2.914450e+08
1.367530e+06 1.009105e+03 2.914403e+08
1.367518e+06 1.009202e+03 2.914355e+08
1.367505e+06 1.009299e+03 2.914308e+08
1.367493e+06 1.009394e+03 2.914261e+08
1.367481e+06 1.009491e+03 2.914214e+08
1.367469e+06 1.009587e+03 2.914166e+08
1.367457e+06 1.009684e+03 2.914119e+08
1.367445e+06 1.009779e+03 2.914072e+08
1.367432e+06 1.009876e+03 2.914024e+08
1.367420e+06 1.009973e+03 2.913977e+08
1.367408e+06 1.010071e+03 2.913929e+08
1.367396e+06 1.010166e+03 2.913882e+08
1.367384e+06 1.010261e+03 2.913835e+08
1.367371e+06 1.010359e+03 2.913787e+08
1.367359e+06 1.010455e+03 2.913740e+08
1.367347e+06 1.010553e+03 2.913692e+08
1.367335e+06 1.010648e+03 2.913646e+08
1.367323e+06 1.010743e+03 2.913599e+08
1.367310e+06 1.010841e+03 2.913551e+08
1.367298e+06 1.010937e+03 2.913504e+08
1.367286e+06 1.011035e+03 2.913456e+08
1.367274e+06 1.011130e+03 2.913409e+08
1.367262e+06 1.011225e+03 2.913363e+08
1.367249e+06 1.011323e+03 2.913315e+08
1.367237e+06 1.011419e+03 2.913268e+08
1.367225e+06 1.011517e+03 2.913220e+08
1.367213e+06 1.011612e+03 2.913173e+08
1.367200e+06 1.011710e+03 2.913125e+08
1.367188e+06 1.011805e+03 2.913079e+08
1.367176e+06 1.011904e+03 2.913030e+08
1.367164e+06 1.011999e+03 2.912984e+08
1.367152e+06 1.012094e+03 2.912937e+08
1.367139e+06 1.012192e+03 2.912889e+08
1.367127e+06 1.012287e+03 2.912843e+08
1.367115e+06 1.012386e+03 2.912795e+08
1.367103e+06 1.012481e+03 2.912748e+08
1.367091e+06 1.012579e+03 2.912700e+08
1.367079e+06 1.012674e+03 2.912653e+08
1.367066e+06 1.012773e+03 2.912605e+08
1.367054e+06 1.012868e+03 2.912559e+08
1.367042e+06 1.012966e+03 2.912511e+08
1.367030e+06 1.013061e+03 2.912464e+08
1.367017e+06 1.013159e+03 2.912416e+08
1.367005e+06 1.013255e+03 2.912370e+08
1.366993e+06 1.013353e+03 2.912322e+08
1.366981e+06 1.013448e+03 2.912275e+08
1.366969e+06 1.013543e+03 2.912229e+08
1.366957e+06 1.013641e+03 2.912181e+08
1.366945e+06 1.013737e+03 2.912134e+08
1.366932e+06 1.013835e+03 2.912086e+08
1.366920e+06 1.013933e+03 2.912038e+08
1.366908e+06 1.014028e+03 2.911992e+08
1.366896e+06 1.014127e+03 2.911944e+08
1.366884e+06 1.014222e+03 2.911897e+08
1.366871e+06 1.014320e+03 2.911849e+08
1.366859e+06 1.014415e+03 2.911803e+08
1.366847e+06 1.014513e+03 2.911755e+08
1.366835e+06 1.014609e+03 2.911709e+08
1.366823e+06 1.014707e+03 2.911661e+08
1.366811e+06 1.014802e+03 2.911614e+08
1.366798e+06 1.014900e+03 2.911566e+08
1.366786e+06 1.014995e+03 2.911520e+08
1.366774e+06 1.015094e+03 2.911472e+08
1.366762e+06 1.015189e+03 2.911426e+08
1.366750e+06 1.015287e+03 2.911378e+08
1.366738e+06 1.015382e+03 2.911331e+08
1.366725e+06 1.015481e+03 2.911283e+08
1.366713e+06 1.015579e+03 2.911236e+08
1.366701e+06 1.015674e+03 2.911189e+08
1.366689e+06 1.015772e+03 2.911141e+08
1.366677e+06 1.015867e+03 2.911095e+08
1.366664e+06 1.015966e+03 2.911047e+08
1.366652e+06 1.016061e+03 2.911001e+08
1.366640e+06 1.016159e+03 2.910953e+08
1.366628e+06 1.016254e+03 2.910907e+08
1.366616e+06 1.016353e+03 2.910859e+08
1.366603e+06 1.016451e+03 2.910811e+08
1.366591e+06 1.016546e+03 2.910765e+08
1.366579e+06 1.016644e+03 2.910717e+08
1.366567e+06 1.016739e+03 2.910670e+08
1.366555e+06 1.016838e+03 2.910623e+08
1.366542e+06 1.016936e+03 2.910575e+08
1.366530e+06 1.017031e+03 2.910529e+08
1.366518e+06 1.017129e+03 2.910481e+08
1.366506e+06 1.017225e+03 2.910434e+08
1.366494e+06 1.017323e+03 2.910387e+08
1.366481e+06 1.017421e+03 2.910339e+08
1.366470e+06 1.017516e+03 2.910293e+08
1.366457e+06 1.017615e+03 2.910245e+08
1.366445e+06 1.017710e+03 2.910199e+08
1.366433e+06 1.017808e+03 2.910151e+08
1.366421e+06 1.017906e+03 2.910103e+08
1.366409e+06 1.018001e+03 2.910057e+08
1.366396e+06 1.018100e+03 2.910009e+08
1.366384e+06 1.018198e+03 2.909961e+08
1.366372e+06 1.018293e+03 2.909915e+08
1.366360e+06 1.018392e+03 2.909868e+08
1.366347e+06 1.018490e+03 2.909820e+08
1.366336e+06 1.018585e+03 2.909774e+08
1.366323e+06 1.018683e+03 2.909726e+08
1.366311e+06 1.018778e+03 2.909680e+08
1.366299e+06 1.018877e+03 2.909632e+08
1.366287e+06 1.018975e+03 2.909584e+08
1.366275e+06 1.019070e+03 2.909538e+08
1.366262e+06 1.019168e+03 2.909491e+08
1.366250e+06 1.019267e+03 2.909443e+08
1.366238e+06 1.019362e+03 2.909397e+08
1.366226e+06 1.019460e+03 2.909349e+08
1.366214e+06 1.019558e+03 2.909301e+08
1.366202e+06 1.019654e+03 2.909255e+08
1.366189e+06 1.019752e+03 2.909208e+08
1.366177e+06 1.019850e+03 2.909160e+08
1.366165e+06 1.019945e+03 2.909114e+08
1.366153e+06 1.020044e+03 2.909066e+08
1.366141e+06 1.020142e+03 2.909019e+08
1.366128e+06 1.020240e+03 2.908971e+08
1.366116e+06 1.020335e+03 2.908925e+08
1.366104e+06 1.020434e+03 2.908877e+08
1.366092e+06 1.020532e+03 2.908830e+08
1.366080e+06 1.020627e+03 2.908784e+08
1.366068e+06 1.020725e+03 2.908736e+08
1.366055e+06 1.020824e+03 2.908689e+08
1.366043e+06 1.020922e+03 2.908641e+08
1.366031e+06 1.021017e+03 2.908595e+08
1.366019e+06 1.021115e+03 2.908547e+08
1.366007e+06 1.021214e+03 2.908500e+08
1.365995e+06 1.021309e+03 2.908454e+08
1.365983e+06 1.021407e+03 2.908406e+08
1.365970e+06 1.021505e+03 2.908359e+08
1.365958e+06 1.021604e+03 2.908311e+08
1.365946e+06 1.021699e+03 2.908265e+08
1.365934e+06 1.021797e+03 2.908218e+08
1.365922e+06 1.021895e+03 2.908170e+08
1.365909e+06 1.021994e+03 2.908123e+08
1.365897e+06 1.022089e+03 2.908077e+08
1.365885e+06 1.022187e+03 2.908029e+08
1.365873e+06 1.022285e+03 2.907982e+08
1.365861e+06 1.022384e+03 2.907934e+08
1.365849e+06 1.022479e+03 2.907888e+08
1.365837e+06 1.022577e+03 2.907841e+08
1.365824e+06 1.022675e+03 2.907793e+08
1.365812e+06 1.022774e+03 2.907746e+08
1.365800e+06 1.022869e+03 2.907700e+08
1.365788e+06 1.022967e+03 2.907652e+08
1.365776e+06 1.023066e+03 2.907605e+08
1.365763e+06 1.023164e+03 2.907558e+08
1.365751e+06 1.023262e+03 2.907510e+08
1.365739e+06 1.023357e+03 2.907464e+08
1.365727e+06 1.023456e+03 2.907417e+08
1.365715e+06 1.023554e+03 2.907369e+08
1.365703e+06 1.023652e+03 2.907322e+08
1.365690e+06 1.023750e+03 2.907275e+08
1.365679e+06 1.023846e+03 2.907229e+08
1.365666e+06 1.023944e+03 2.907181e+08
1.365654e+06 1.024042e+03 2.907134e+08
1.365642e+06 1.024140e+03 2.907086e+08
1.365630e+06 1.024239e+03 2.907039e+08
1.365618e+06 1.024334e+03 2.906993e+08
1.365606e+06 1.024432e+03 2.906946e+08
1.365593e+06 1.024531e+03 2.906899e+08
1.365581e+06 1.024629e+03 2.906851e+08
1.365569e+06 1.024727e+03 2.906804e+08
1.365557e+06 1.024825e+03 2.906756e+08
1.365545e+06 1.024921e+03 2.906711e+08
1.365533e+06 1.025019e+03 2.906663e+08
1.365520e+06 1.025117e+03 2.906616e+08
1.365508e+06 1.025215e+03 2.906569e+08
1.365496e+06 1.025314e+03 2.906521e+08
1.365484e+06 1.025412e+03 2.906474e+08
1.365472e+06 1.025507e+03 2.906428e+08
1.365460e+06 1.025605e+03 2.906381e+08
1.365447e+06 1.025704e+03 2.906334e+08
1.365435e+06 1.025802e+03 2.906286e+08
1.365423e+06 1.025900e+03 2.906239e+08
1.365411e+06 1.025999e+03 2.906192e+08
1.365399e+06 1.026097e+03 2.906145e+08
1.365387e+06 1.026192e+03 2.906099e+08
1.365375e+06 1.026290e+03 2.906052e+08
1.365362e+06 1.026389e+03 2.906004e+08
1.365350e+06 1.026487e+03 2.905957e+08
1.365338e+06 1.026585e+03 2.905910e+08
1.365326e+06 1.026684e+03 2.905863e+08
1.365314e+06 1.026782e+03 2.905815e+08
1.365301e+06 1.026880e+03 2.905768e+08
1.365289e+06 1.026979e+03 2.905721e+08
1.365277e+06 1.027074e+03 2.905675e+08
1.365265e+06 1.027172e+03 2.905628e+08
1.365253e+06 1.027270e+03 2.905581e+08
1.365241e+06 1.027369e+03 2.905534e+08
1.365229e+06 1.027467e+03 2.905486e+08
1.365216e+06 1.027565e+03 2.905439e+08
1.365204e+06 1.027663e+03 2.905392e+08
1.365192e+06 1.027762e+03 2.905345e+08
1.365180e+06 1.027860e+03 2.905298e+08
1.365168e+06 1.027958e+03 2.905251e+08
1.365156e+06 1.028057e+03 2.905203e+08
1.365143e+06 1.028155e+03 2.905156e+08
1.365131e+06 1.028253e+03 2.905109e+08
1.365119e+06 1.028348e+03 2.905064e+08
1.365107e+06 1.028447e+03 2.905016e+08
1.365095e+06 1.028545e+03 2.904969e+08
1.365083e+06 1.028643e+03 2.904922e+08
1.365071e+06 1.028742e+03 2.904875e+08
1.365059e+06 1.028840e+03 2.904828e+08
1.365046e+06 1.028938e+03 2.904781e+08
1.365034e+06 1.029036e+03 2.904734e+08
1.365022e+06 1.029135e+03 2.904687e+08
1.365010e+06 1.029233e+03 2.904640e+08
1.364998e+06 1.029331e+03 2.904593e+08
1.364986e+06 1.029430e+03 2.904545e+08
1.364973e+06 1.029528e+03 2.904498e+08
1.364961e+06 1.029626e+03 2.904451e+08
1.364949e+06 1.029725e+03 2.904404e+08
1.364937e+06 1.029823e+03 2.904357e+08
1.364925e+06 1.029921e+03 2.904310e+08
1.364913e+06 1.030019e+03 2.904263e+08
1.364901e+06 1.030118e+03 2.904216e+08
1.364888e+06 1.030216e+03 2.904169e+08
1.364876e+06 1.030314e+03 2.904122e+08
1.364864e+06 1.030413e+03 2.904075e+08
1.364852e+06 1.030511e+03 2.904028e+08
1.364840e+06 1.030609e+03 2.903981e+08
1.364828e+06 1.030708e+03 2.903934e+08
1.364816e+06 1.030806e+03 2.903887e+08
1.364803e+06 1.030904e+03 2.903840e+08
1.364791e+06 1.031002e+03 2.903793e+08
1.364779e+06 1.031101e+03 2.903746e+08
1.364767e+06 1.031199e+03 2.903699e+08
1.364755e+06 1.031297e+03 2.903652e+08
1.364743e+06 1.031396e+03 2.903605e+08
1.364731e+06 1.031494e+03 2.903558e+08
1.364718e+06 1.031592e+03 2.903511e+08
1.364706e+06 1.031691e+03 2.903464e+08
1.364694e+06 1.031789e+03 2.903417e+08
1.364682e+06 1.031887e+03 2.903370e+08
1.364670e+06 1.031985e+03 2.903323e+08
1.364658e+06 1.032084e+03 2.903277e+08
1.364646e+06 1.032182e+03 2.903230e+08
1.364634e+06 1.032280e+03 2.903183e+08
1.364621e+06 1.032379e+03 2.903136e+08
1.364609e+06 1.032480e+03 2.903087e+08
1.364597e+06 1.032578e+03 2.903041e+08
1.364585e+06 1.032677e+03 2.902994e+08
1.364573e+06 1.032775e+03 2.902947e+08
1.364561e+06 1.032873e+03 2.902900e+08
1.364548e+06 1.032972e+03 2.902853e+08
1.364536e+06 1.033070e+03 2.902806e+08
1.364524e+06 1.033168e+03 2.902759e+08
1.364512e+06 1.033267e+03 2.902712e+08
1.364500e+06 1.033365e+03 2.902666e+08
1.364488e+06 1.033463e+03 2.902619e+08
1.364476e+06 1.033561e+03 2.902572e+08
1.364463e+06 1.033663e+03 2.902524e+08
1.364451e+06 1.033761e+03 2.902477e+08
1.364439e+06 1.033860e+03 2.902430e+08
1.364427e+06 1.033958e+03 2.902383e+08
1.364415e+06 1.034056e+03 2.902336e+08
1.364403e+06 1.034154e+03 2.902289e+08
1.364391e+06 1.034253e+03 2.902243e+08
1.364379e+06 1.034351e+03 2.902196e+08
1.364367e+06 1.034449e+03 2.902149e+08
1.364354e+06 1.034551e+03 2.902101e+08
1.364342e+06 1.034649e+03 2.902054e+08
1.364330e+06 1.034747e+03 2.902007e+08
1.364318e+06 1.034846e+03 2.901960e+08
1.364306e+06 1.034944e+03 2.901914e+08
1.364294e+06 1.035042e+03 2.901867e+08
1.364282e+06 1.035141e+03 2.901820e+08
1.364269e+06 1.035239e+03 2.901773e+08
1.364257e+06 1.035340e+03 2.901725e+08
1.364245e+06 1.035439e+03 2.901679e+08
1.364233e+06 1.035537e+03 2.901632e+08
1.364221e+06 1.035635e+03 2.901585e+08
1.364209e+06 1.035734e+03 2.901538e+08
1.364197e+06 1.035832e+03 2.901492e+08
1.364184e+06 1.035933e+03 2.901443e+08
1.364172e+06 1.036032e+03 2.901397e+08
1.364160e+06 1.036130e+03 2.901350e+08
1.364148e+06 1.036228e+03 2.901303e+08
1.364136e+06 1.036327e+03 2.901257e+08
1.364124e+06 1.036425e+03 2.901210e+08
1.364111e+06 1.036526e+03 2.901162e+08
1.364099e+06 1.036625e+03 2.901115e+08
1.364087e+06 1.036723e+03 2.901068e+08
1.364075e+06 1.036821e+03 2.901022e+08
1.364063e+06 1.036920e+03 2.900975e+08
1.364051e+06 1.037021e+03 2.900927e+08
1.364039e+06 1.037119e+03 2.900880e+08
1.364027e+06 1.037218e+03 2.900834e+08
1.364015e+06 1.037316e+03 2.900787e+08
1.364002e+06 1.037414e+03 2.900740e+08
1.363990e+06 1.037516e+03 2.900692e+08
1.363978e+06 1.037614e+03 2.900646e+08
1.363966e+06 1.037712e+03 2.900599e+08
1.363954e+06 1.037811e+03 2.900553e+08
1.363941e+06 1.037912e+03 2.900504e+08
1.363929e+06 1.038010e+03 2.900458e+08
1.363917e+06 1.038109e+03 2.900411e+08
1.363905e+06 1.038207e+03 2.900365e+08
1.363893e+06 1.038305e+03 2.900318e+08
1.363881e+06 1.038407e+03 2.900270e+08
1.363869e+06 1.038505e+03 2.900224e+08
1.363857e+06 1.038603e+03 2.900177e+08
1.363845e+06 1.038702e+03 2.900130e+08
1.363832e+06 1.038803e+03 2.900082e+08
1.363820e+06 1.038901e+03 2.900036e+08
1.363808e+06 1.039000e+03 2.899989e+08
1.363796e+06 1.039101e+03 2.899941e+08
1.363784e+06 1.039199e+03 2.899895e+08
1.363772e+06 1.039298e+03 2.899848e+08
1.363760e+06 1.039396e+03 2.899802e+08
1.363747e+06 1.039498e+03 2.899754e+08
1.363735e+06 1.039596e+03 2.899707e+08
1.363723e+06 1.039694e+03 2.899661e+08
1.363711e+06 1.039792e+03 2.899614e+08
1.363699e+06 1.039894e+03 2.899566e+08
1.363687e+06 1.039992e+03 2.899520e+08
1.363675e+06 1.040091e+03 2.899473e+08
1.363663e+06 1.040192e+03 2.899425e+08
1.363651e+06 1.040290e+03 2.899379e+08
1.363638e+06 1.040389e+03 2.899332e+08
1.363626e+06 1.040487e+03 2.899286e+08
1.363614e+06 1.040588e+03 2.899238e+08
1.363602e+06 1.040687e+03 2.899192e+08
1.363590e+06 1.040785e+03 2.899145e+08
1.363578e+06 1.040886e+03 2.899097e+08
1.363566e+06 1.040985e+03 2.899051e+08
1.363554e+06 1.041083e+03 2.899004e+08
1.363541e+06 1.041185e+03 2.898956e+08
1.363529e+06 1.041283e+03 2.898910e+08
1.363517e+06 1.041381e+03 2.898864e+08
1.363505e+06 1.041483e+03 2.898816e+08
1.363493e+06 1.041581e+03 2.898769e+08
1.363481e+06 1.041679e+03 2.898723e+08
1.363469e+06 1.041781e+03 2.898675e+08
1.363457e+06 1.041879e+03 2.898629e+08
1.363445e+06 1.041977e+03 2.898582e+08
1.363432e+06 1.042079e+03 2.898534e+08
1.363420e+06 1.042177e+03 2.898488e+08
1.363408e+06 1.042275e+03 2.898442e+08
1.363396e+06 1.042377e+03 2.898394e+08
1.363384e+06 1.042475e+03 2.898348e+08
1.363372e+06 1.042577e+03 2.898300e+08
1.363360e+06 1.042675e+03 2.898253e+08
1.363348e+06 1.042773e+03 2.898207e+08
1.363335e+06 1.042875e+03 2.898159e+08
1.363323e+06 1.042973e+03 2.898113e+08
1.363311e+06 1.043071e+03 2.898067e+08
1.363299e+06 1.043173e+03 2.898019e+08
1.363287e+06 1.043271e+03 2.897972e+08
1.363275e+06 1.043372e+03 2.897925e+08
1.363263e+06 1.043471e+03 2.897878e+08
1.363251e+06 1.043569e+03 2.897832e+08
1.363238e+06 1.043671e+03 2.897784e+08
1.363226e+06 1.043769e+03 2.897738e+08
1.363214e+06 1.043870e+03 2.897690e+08
1.363202e+06 1.043969e+03 2.897644e+08
1.363190e+06 1.044067e+03 2.897598e+08
1.363178e+06 1.044168e+03 2.897550e+08
1.363166e+06 1.044267e+03 2.897504e+08
1.363153e+06 1.044368e+03 2.897456e+08
1.363141e+06 1.044466e+03 2.897410e+08
1.363129e+06 1.044568e+03 2.897362e+08
1.363117e+06 1.044666e+03 2.897316e+08
1.363105e+06 1.044765e+03 2.897270e+08
1.363093e+06 1.044866e+03 2.897222e+08
1.363081e+06 1.044964e+03 2.897176e+08
1.363069e+06 1.045066e+03 2.897128e+08
1.363057e+06 1.045164e+03 2.897082e+08
1.363044e+06 1.045266e+03 2.897034e+08
1.363032e+06 1.045364e+03 2.896988e+08
1.363020e+06 1.045462e+03 2.896942e+08
1.363008e+06 1.045564e+03 2.896894e+08
1.362996e+06 1.045662e+03 2.896848e+08
1.362984e+06 1.045763e+03 2.896800e+08
1.362972e+06 1.045862e+03 2.896754e+08
1.362960e+06 1.045963e+03 2.896706e+08
1.362948e+06 1.046061e+03 2.896660e+08
1.362935e+06 1.046163e+03 2.896613e+08
1.362923e+06 1.046261e+03 2.896567e+08
1.362911e+06 1.046363e+03 2.896519e+08
1.362899e+06 1.046461e+03 2.896473e+08
1.362887e+06 1.046562e+03 2.896425e+08
1.362875e+06 1.046661e+03 2.896379e+08
1.362863e+06 1.046762e+03 2.896331e+08
1.362851e+06 1.046861e+03 2.896285e+08
1.362838e+06 1.046962e+03 2.896238e+08
1.362826e+06 1.047060e+03 2.896192e+08
1.362814e+06 1.047162e+03 2.896144e+08
1.362802e+06 1.047260e+03 2.896098e+08
1.362790e+06 1.047362e+03 2.896050e+08
1.362778e+06 1.047460e+03 2.896004e+08
1.362766e+06 1.047561e+03 2.895957e+08
1.362754e+06 1.047660e+03 2.895911e+08
1.362741e+06 1.047761e+03 2.895863e+08
1.362730e+06 1.047859e+03 2.895817e+08
1.362717e+06 1.047961e+03 2.895770e+08
1.362705e+06 1.048059e+03 2.895724e+08
1.362693e+06 1.048161e+03 2.895676e+08
1.362681e+06 1.048259e+03 2.895630e+08
1.362669e+06 1.048360e+03 2.895583e+08
1.362657e+06 1.048459e+03 2.895536e+08
1.362645e+06 1.048560e+03 2.895489e+08
1.362632e+06 1.048662e+03 2.895441e+08
1.362620e+06 1.048760e+03 2.895395e+08
1.362608e+06 1.048861e+03 2.895348e+08
1.362596e+06 1.048960e+03 2.895302e+08
1.362584e+06 1.049061e+03 2.895255e+08
1.362572e+06 1.049160e+03 2.895209e+08
1.362560e+06 1.049261e+03 2.895161e+08
1.362548e+06 1.049362e+03 2.895114e+08
1.362536e+06 1.049461e+03 2.895068e+08
1.362523e+06 1.049562e+03 2.895020e+08
1.362511e+06 1.049661e+03 2.894974e+08
1.362499e+06 1.049762e+03 2.894927e+08
1.362487e+06 1.049860e+03 2.894881e+08
1.362475e+06 1.049962e+03 2.894833e+08
1.362462e+06 1.050066e+03 2.894784e+08
1.362450e+06 1.050168e+03 2.894737e+08
1.362438e+06 1.050269e+03 2.894690e+08
1.362426e+06 1.050371e+03 2.894642e+08
1.362413e+06 1.050472e+03 2.894595e+08
1.362401e+06 1.050574e+03 2.894547e+08
1.362390e+06 1.050663e+03 2.894506e+08
1.362378e+06 1.050764e+03 2.894459e+08
1.362366e+06 1.050866e+03 2.894411e+08
1.362354e+06 1.050967e+03 2.894364e+08
1.362341e+06 1.051068e+03 2.894316e+08
1.362329e+06 1.051170e+03 2.894269e+08
1.362317e+06 1.051271e+03 2.894222e+08
1.362305e+06 1.051373e+03 2.894174e+08
1.362292e+06 1.051474e+03 2.894127e+08
1.362280e+06 1.051576e+03 2.894080e+08
1.362269e+06 1.051665e+03 2.894038e+08
1.362257e+06 1.051766e+03 2.893991e+08
1.362245e+06 1.051868e+03 2.893944e+08
1.362233e+06 1.051969e+03 2.893896e+08
1.362220e+06 1.052070e+03 2.893849e+08
1.362208e+06 1.052172e+03 2.893802e+08
1.362196e+06 1.052273e+03 2.893754e+08
1.362184e+06 1.052375e+03 2.893707e+08
1.362171e+06 1.052476e+03 2.893660e+08
1.362159e+06 1.052578e+03 2.893613e+08
1.362147e+06 1.052679e+03 2.893565e+08
1.362135e+06 1.052781e+03 2.893518e+08
1.362124e+06 1.052870e+03 2.893477e+08
1.362112e+06 1.052971e+03 2.893429e+08
1.362100e+06 1.053073e+03 2.893382e+08
1.362087e+06 1.053174e+03 2.893335e+08
1.362075e+06 1.053275e+03 2.893288e+08
1.362063e+06 1.053377e+03 2.893240e+08
1.362051e+06 1.053478e+03 2.893193e+08
1.362038e+06 1.053580e+03 2.893146e+08
1.362026e+06 1.053681e+03 2.893099e+08
1.362014e+06 1.053783e+03 2.893052e+08
1.362002e+06 1.053884e+03 2.893004e+08
1.361990e+06 1.053986e+03 2.892957e+08
1.361977e+06 1.054087e+03 2.892910e+08
1.361967e+06 1.054176e+03 2.892869e+08
1.361954e+06 1.054277e+03 2.892821e+08
1.361942e+06 1.054379e+03 2.892774e+08
1.361930e+06 1.054480e+03 2.892727e+08
1.361918e+06 1.054582e+03 2.892680e+08
1.361906e+06 1.054683e+03 2.892633e+08
1.361893e+06 1.054785e+03 2.892586e+08
1.361881e+06 1.054886e+03 2.892538e+08
1.361869e+06 1.054988e+03 2.892491e+08
1.361857e+06 1.055089e+03 2.892444e+08
1.361845e+06 1.055191e+03 2.892397e+08
1.361832e+06 1.055292e+03 2.892350e+08
1.361820e+06 1.055394e+03 2.892303e+08
1.361808e+06 1.055495e+03 2.892256e+08
1.361796e+06 1.055597e+03 2.892208e+08
1.361784e+06 1.055698e+03 2.892161e+08
1.361773e+06 1.055787e+03 2.892120e+08
1.361761e+06 1.055888e+03 2.892073e+08
1.361749e+06 1.055990e+03 2.892026e+08
1.361736e+06 1.056091e+03 2.891979e+08
1.361724e+06 1.056193e+03 2.891932e+08
1.361712e+06 1.056294e+03 2.891885e+08
1.361700e+06 1.056396e+03 2.891838e+08
1.361688e+06 1.056497e+03 2.891791e+08
1.361675e+06 1.056599e+03 2.891743e+08
1.361663e+06 1.056700e+03 2.891696e+08
1.361651e+06 1.056802e+03 2.891649e+08
1.361639e+06 1.056903e+03 2.891602e+08
1.361627e+06 1.057005e+03 2.891555e+08
1.361615e+06 1.057106e+03 2.891508e+08
1.361602e+06 1.057207e+03 2.891461e+08
1.361590e+06 1.057309e+03 2.891414e+08
1.361578e+06 1.057410e+03 2.891367e+08
1.361566e+06 1.057512e+03 2.891320e+08
1.361554e+06 1.057613e+03 2.891273e+08
1.361543e+06 1.057702e+03 2.891232e+08
1.361531e+06 1.057804e+03 2.891185e+08
1.361519e+06 1.057905e+03 2.891138e+08
1.361507e+06 1.058007e+03 2.891091e+08
1.361494e+06 1.058108e+03 2.891044e+08
1.361482e+06 1.058209e+03 2.890997e+08
1.361470e+06 1.058311e+03 2.890950e+08
1.361458e+06 1.058412e+03 2.890903e+08
1.361446e+06 1.058514e+03 2.890856e+08
1.361434e+06 1.058615e+03 2.890809e+08
1.361422e+06 1.058717e+03 2.890762e+08
1.361409e+06 1.058818e+03 2.890715e+08
1.361397e+06 1.058920e+03 2.890668e+08
1.361385e+06 1.059021e+03 2.890622e+08
1.361373e+06 1.059123e+03 2.890575e+08
1.361361e+06 1.059224e+03 2.890528e+08
1.361349e+06 1.059326e+03 2.890481e+08
1.361336e+06 1.059427e+03 2.890434e+08
1.361324e+06 1.059529e+03 2.890387e+08
1.361312e+06 1.059630e+03 2.890340e+08
1.361300e+06 1.059732e+03 2.890293e+08
1.361288e+06 1.059833e+03 2.890246e+08
1.361276e+06 1.059935e+03 2.890199e+08
1.361264e+06 1.060036e+03 2.890152e+08
1.361252e+06 1.060137e+03 2.890106e+08
1.361239e+06 1.060239e+03 2.890059e+08
1.361227e+06 1.060340e+03 2.890012e+08
1.361215e+06 1.060442e+03 2.889965e+08
1.361203e+06 1.060543e+03 2.889918e+08
1.361191e+06 1.060645e+03 2.889871e+08
1.361180e+06 1.060734e+03 2.889830e+08
1.361168e+06 1.060835e+03 2.889784e+08
1.361156e+06 1.060937e+03 2.889737e+08
1.361144e+06 1.061038e+03 2.889690e+08
1.361132e+06 1.061139e+03 2.889643e+08
1.361120e+06 1.061241e+03 2.889596e+08
1.361108e+06 1.061342e+03 2.889549e+08
1.361095e+06 1.061444e+03 2.889503e+08
1.361083e+06 1.061545e+03 2.889456e+08
1.361071e+06 1.061647e+03 2.889409e+08
1.361059e+06 1.061748e+03 2.889362e+08
1.361047e+06 1.061850e+03 2.889315e+08
1.361035e+06 1.061951e+03 2.889269e+08
1.361023e+06 1.062053e+03 2.889222e+08
1.361011e+06 1.062154e+03 2.889175e+08
1.360999e+06 1.062256e+03 2.889128e+08
1.360986e+06 1.062357e+03 2.889082e+08
1.360974e+06 1.062459e+03 2.889035e+08
1.360962e+06 1.062560e+03 2.888988e+08
1.360950e+06 1.062662e+03 2.888941e+08
1.360938e+06 1.062763e+03 2.888895e+08
1.360926e+06 1.062864e+03 2.888848e+08
1.360914e+06 1.062966e+03 2.888801e+08
1.360902e+06 1.063067e+03 2.888755e+08
1.360890e+06 1.063169e+03 2.888708e+08
1.360878e+06 1.063270e+03 2.888661e+08
1.360865e+06 1.063372e+03 2.888614e+08
1.360853e+06 1.063473e+03 2.888568e+08
1.360841e+06 1.063575e+03 2.888521e+08
1.360829e+06 1.063676e+03 2.888474e+08
1.360817e+06 1.063778e+03 2.888428e+08
1.360805e+06 1.063879e+03 2.888381e+08
1.360793e+06 1.063981e+03 2.888334e+08
1.360781e+06 1.064082e+03 2.888288e+08
1.360769e+06 1.064184e+03 2.888241e+08
1.360757e+06 1.064285e+03 2.888194e+08
1.360745e+06 1.064387e+03 2.888148e+08
1.360732e+06 1.064488e+03 2.888101e+08
1.360720e+06 1.064590e+03 2.888054e+08
1.360708e+06 1.064691e+03 2.888008e+08
1.360696e+06 1.064792e+03 2.887961e+08
1.360684e+06 1.064894e+03 2.887915e+08
1.360672e+06 1.064995e+03 2.887868e+08
1.360660e+06 1.065097e+03 2.887821e+08
1.360648e+06 1.065198e+03 2.887775e+08
1.360636e+06 1.065300e+03 2.887728e+08
1.360624e+06 1.065401e+03 2.887682e+08
1.360612e+06 1.065503e+03 2.887635e+08
1.360600e+06 1.065604e+03 2.887588e+08
1.360588e+06 1.065706e+03 2.887542e+08
1.360576e+06 1.065807e+03 2.887495e+08
1.360564e+06 1.065909e+03 2.887449e+08
1.360551e+06 1.066010e+03 2.887402e+08
1.360539e+06 1.066112e+03 2.887356e+08
1.360527e+06 1.066213e+03 2.887309e+08
1.360515e+06 1.066315e+03 2.887262e+08
1.360503e+06 1.066416e+03 2.887216e+08
1.360490e+06 1.066530e+03 2.887164e+08
1.360478e+06 1.066632e+03 2.887117e+08
1.360466e+06 1.066733e+03 2.887071e+08
1.360454e+06 1.066835e+03 2.887024e+08
1.360441e+06 1.066936e+03 2.886977e+08
1.360429e+06 1.067037e+03 2.886931e+08
1.360417e+06 1.067139e+03 2.886884e+08
1.360405e+06 1.067240e+03 2.886838e+08
1.360393e+06 1.067342e+03 2.886791e+08
1.360381e+06 1.067443e+03 2.886745e+08
1.360369e+06 1.067545e+03 2.886699e+08
1.360357e+06 1.067646e+03 2.886652e+08
1.360345e+06 1.067748e+03 2.886606e+08
1.360333e+06 1.067849e+03 2.886559e+08
1.360321e+06 1.067951e+03 2.886513e+08
1.360309e+06 1.068052e+03 2.886466e+08
1.360297e+06 1.068154e+03 2.886420e+08
1.360285e+06 1.068255e+03 2.886373e+08
1.360273e+06 1.068357e+03 2.886327e+08
1.360261e+06 1.068458e+03 2.886280e+08
1.360249e+06 1.068560e+03 2.886234e+08
1.360237e+06 1.068661e+03 2.886188e+08
1.360225e+06 1.068763e+03 2.886141e+08
1.360213e+06 1.068864e+03 2.886095e+08
1.360201e+06 1.068965e+03 2.886048e+08
1.360189e+06 1.069067e+03 2.886002e+08
1.360177e+06 1.069168e+03 2.885956e+08
1.360165e+06 1.069270e+03 2.885909e+08
1.360153e+06 1.069371e+03 2.885863e+08
1.360141e+06 1.069473e+03 2.885816e+08
1.360127e+06 1.069587e+03 2.885764e+08
1.360115e+06 1.069688e+03 2.885718e+08
1.360103e+06 1.069790e+03 2.885672e+08
1.360091e+06 1.069891e+03 2.885625e+08
1.360079e+06 1.069993e+03 2.885579e+08
1.360067e+06 1.070094e+03 2.885532e+08
1.360055e+06 1.070196e+03 2.885486e+08
1.360043e+06 1.070297e+03 2.885440e+08
1.360031e+06 1.070399e+03 2.885393e+08
1.360019e+06 1.070500e+03 2.885347e+08
1.360007e+06 1.070602e+03 2.885301e+08
1.359995e+06 1.070703e+03 2.885254e+08
1.359983e+06 1.070805e+03 2.885208e+08
1.359971e+06 1.070906e+03 2.885162e+08
1.359959e+06 1.071008e+03 2.885116e+08
1.359947e+06 1.071109e+03 2.885069e+08
1.359935e+06 1.071211e+03 2.885023e+08
1.359923e+06 1.071312e+03 2.884977e+08
1.359911e+06 1.071413e+03 2.884930e+08
1.359898e+06 1.071528e+03 2.884878e+08
1.359886e+06 1.071629e+03 2.884832e+08
1.359874e+06 1.071731e+03 2.884786e+08
1.359862e+06 1.071832e+03 2.884740e+08
1.359850e+06 1.071933e+03 2.884693e+08
1.359838e+06 1.072035e+03 2.884647e+08
1.359826e+06 1.072136e+03 2.884601e+08
1.359814e+06 1.072238e+03 2.884555e+08
1.359802e+06 1.072339e+03 2.884508e+08
1.359790e+06 1.072441e+03 2.884462e+08
1.359778e+06 1.072542e+03 2.884416e+08
1.359766e+06 1.072644e+03 2.884370e+08
1.359754e+06 1.072745e+03 2.884324e+08
1.359742e+06 1.072847e+03 2.884277e+08
1.359730e+06 1.072948e+03 2.884231e+08
1.359718e+06 1.073050e+03 2.884185e+08
1.359705e+06 1.073164e+03 2.884133e+08
1.359693e+06 1.073265e+03 2.884087e+08
1.359681e+06 1.073367e+03 2.884041e+08
1.359669e+06 1.073468e+03 2.883994e+08
1.359657e+06 1.073570e+03 2.883948e+08
1.359645e+06 1.073671e+03 2.883902e+08
1.359633e+06 1.073773e+03 2.883856e+08
1.359621e+06 1.073874e+03 2.883810e+08
1.359609e+06 1.073976e+03 2.883764e+08
1.359597e+06 1.074077e+03 2.883718e+08
1.359585e+06 1.074179e+03 2.883671e+08
1.359573e+06 1.074280e+03 2.883625e+08
1.359561e+06 1.074381e+03 2.883579e+08
1.359548e+06 1.074496e+03 2.883527e+08
1.359536e+06 1.074597e+03 2.883481e+08
1.359524e+06 1.074699e+03 2.883435e+08
1.359512e+06 1.074800e+03 2.883389e+08
1.359500e+06 1.074902e+03 2.883343e+08
1.359488e+06 1.075003e+03 2.883297e+08
1.359476e+06 1.075104e+03 2.883251e+08
1.359464e+06 1.075206e+03 2.883205e+08
1.359452e+06 1.075307e+03 2.883159e+08
1.359440e+06 1.075409e+03 2.883112e+08
1.359428e+06 1.075510e+03 2.883066e+08
1.359415e+06 1.075625e+03 2.883015e+08
1.359403e+06 1.075726e+03 2.882968e+08
1.359391e+06 1.075827e+03 2.882922e+08
1.359379e+06 1.075929e+03 2.882876e+08
1.359367e+06 1.076030e+03 2.882830e+08
1.359355e+06 1.076132e+03 2.882784e+08
1.359343e+06 1.076233e+03 2.882738e+08
1.359331e+06 1.076335e+03 2.882692e+08
1.359319e+06 1.076436e+03 2.882646e+08
1.359307e+06 1.076538e+03 2.882600e+08
1.359295e+06 1.076639e+03 2.882554e+08
1.359282e+06 1.076753e+03 2.882502e+08
1.359270e+06 1.076855e+03 2.882456e+08
1.359258e+06 1.076956e+03 2.882411e+08
1.359246e+06 1.077058e+03 2.882365e+08
1.359234e+06 1.077159e+03 2.882319e+08
1.359222e+06 1.077261e+03 2.882273e+08
1.359210e+06 1.077362e+03 2.882227e+08
1.359199e+06 1.077464e+03 2.882181e+08
1.359187e+06 1.077565e+03 2.882135e+08
1.359175e+06 1.077667e+03 2.882089e+08
1.359161e+06 1.077781e+03 2.882037e+08
1.359149e+06 1.077882e+03 2.881991e+08
1.359138e+06 1.077984e+03 2.881945e+08
1.359126e+06 1.078085e+03 2.881899e+08
1.359114e+06 1.078187e+03 2.881853e+08
1.359102e+06 1.078288e+03 2.881807e+08
1.359090e+06 1.078390e+03 2.881761e+08
1.359078e+06 1.078491e+03 2.881716e+08
1.359066e+06 1.078593e+03 2.881670e+08
1.359053e+06 1.078707e+03 2.881618e+08
1.359041e+06 1.078808e+03 2.881572e+08
1.359029e+06 1.078910e+03 2.881526e+08
1.359017e+06 1.079011e+03 2.881480e+08
1.359005e+06 1.079113e+03 2.881434e+08
1.358993e+06 1.079214e+03 2.881389e+08
1.358981e+06 1.079316e+03 2.881343e+08
1.358969e+06 1.079417e+03 2.881297e+08
1.358956e+06 1.079531e+03 2.881245e+08
1.358944e+06 1.079633e+03 2.881199e+08
1.358932e+06 1.079734e+03 2.881154e+08
1.358920e+06 1.079836e+03 2.881108e+08
1.358909e+06 1.079937e+03 2.881062e+08
1.358897e+06 1.080039e+03 2.881016e+08
1.358885e+06 1.080140e+03 2.880970e+08
1.358873e+06 1.080241e+03 2.880924e+08
1.358860e+06 1.080356e+03 2.880873e+08
1.358848e+06 1.080457e+03 2.880827e+08
1.358836e+06 1.080559e+03 2.880781e+08
1.358824e+06 1.080660e+03 2.880735e+08
1.358812e+06 1.080761e+03 2.880690e+08
1.358800e+06 1.080863e+03 2.880644e+08
1.358788e+06 1.080964e+03 2.880598e+08
1.358776e+06 1.081066e+03 2.880552e+08
1.358763e+06 1.081180e+03 2.880501e+08
1.358751e+06 1.081282e+03 2.880455e+08
1.358739e+06 1.081383e+03 2.880409e+08
1.358727e+06 1.081484e+03 2.880363e+08
1.358716e+06 1.081586e+03 2.880318e+08
1.358704e+06 1.081687e+03 2.880272e+08
1.358692e+06 1.081789e+03 2.880226e+08
1.358680e+06 1.081890e+03 2.880180e+08
1.358667e+06 1.082005e+03 2.880129e+08
1.358655e+06 1.082106e+03 2.880083e+08
1.358643e+06 1.082207e+03 2.880038e+08
1.358631e+06 1.082309e+03 2.879992e+08
1.358619e+06 1.082410e+03 2.879946e+08
1.358607e+06 1.082512e+03 2.879900e+08
1.358596e+06 1.082613e+03 2.879855e+08
1.358582e+06 1.082728e+03 2.879803e+08
1.358570e+06 1.082829e+03 2.879758e+08
1.358559e+06 1.082930e+03 2.879712e+08
1.358547e+06 1.083032e+03 2.879666e+08
1.358535e+06 1.083133e+03 2.879621e+08
1.358523e+06 1.083235e+03 2.879575e+08
1.358511e+06 1.083336e+03 2.879529e+08
1.358498e+06 1.083450e+03 2.879478e+08
1.358486e+06 1.083552e+03 2.879432e+08
1.358474e+06 1.083653e+03 2.879387e+08
1.358462e+06 1.083755e+03 2.879341e+08
1.358451e+06 1.083856e+03 2.879295e+08
1.358439e+06 1.083958e+03 2.879250e+08
1.358425e+06 1.084072e+03 2.879198e+08
1.358414e+06 1.084173e+03 2.879153e+08
1.358402e+06 1.084275e+03 2.879107e+08
1.358390e+06 1.084376e+03 2.879061e+08
1.358378e+06 1.084478e+03 2.879016e+08
1.358366e+06 1.084579e+03 2.878970e+08
1.358354e+06 1.084681e+03 2.878925e+08
1.358341e+06 1.084795e+03 2.878873e+08
1.358329e+06 1.084896e+03 2.878828e+08
1.358317e+06 1.084998e+03 2.878782e+08
1.358306e+06 1.085099e+03 2.878737e+08
1.358294e+06 1.085201e+03 2.878691e+08
1.358282e+06 1.085302e+03 2.878645e+08
1.358269e+06 1.085416e+03 2.878594e+08
1.358257e+06 1.085518e+03 2.878549e+08
1.358245e+06 1.085619e+03 2.878503e+08
1.358233e+06 1.085721e+03 2.878458e+08
1.358221e+06 1.085822e+03 2.878412e+08
1.358210e+06 1.085924e+03 2.878366e+08
1.358196e+06 1.086038e+03 2.878315e+08
1.358185e+06 1.086139e+03 2.878270e+08
1.358173e+06 1.086241e+03 2.878224e+08
1.358161e+06 1.086342e+03 2.878179e+08
1.358149e+06 1.086444e+03 2.878133e+08
1.358137e+06 1.086545e+03 2.878088e+08
1.358124e+06 1.086660e+03 2.878037e+08
1.358112e+06 1.086761e+03 2.877991e+08
1.358100e+06 1.086862e+03 2.877946e+08
1.358089e+06 1.086964e+03 2.877900e+08
1.358077e+06 1.087065e+03 2.877855e+08
1.358064e+06 1.087180e+03 2.877803e+08
1.358052e+06 1.087281e+03 2.877758e+08
1.358040e+06 1.087383e+03 2.877713e+08
1.358028e+06 1.087484e+03 2.877667e+08
1.358016e+06 1.087585e+03 2.877622e+08
1.358005e+06 1.087687e+03 2.877576e+08
1.357991e+06 1.087801e+03 2.877525e+08
1.357980e+06 1.087903e+03 2.877480e+08
1.357968e+06 1.088004e+03 2.877434e+08
1.357956e+06 1.088105e+03 2.877389e+08
1.357944e+06 1.088207e+03 2.877343e+08
1.357931e+06 1.088321e+03 2.877292e+08
1.357919e+06 1.088423e+03 2.877247e+08
1.357907e+06 1.088524e+03 2.877201e+08
1.357896e+06 1.088626e+03 2.877156e+08
1.357884e+06 1.088727e+03 2.877111e+08
1.357872e+06 1.088828e+03 2.877065e+08
1.357859e+06 1.088943e+03 2.877014e+08
1.357847e+06 1.089044e+03 2.876969e+08
1.357835e+06 1.089146e+03 2.876923e+08
1.357824e+06 1.089247e+03 2.876878e+08
1.357812e+06 1.089349e+03 2.876833e+08
1.357799e+06 1.089463e+03 2.876782e+08
1.357787e+06 1.089564e+03 2.876736e+08
1.357775e+06 1.089666e+03 2.876691e+08
1.357763e+06 1.089767e+03 2.876646e+08
1.357751e+06 1.089869e+03 2.876600e+08
1.357738e+06 1.089983e+03 2.876549e+08
1.357726e+06 1.090084e+03 2.876504e+08
1.357715e+06 1.090186e+03 2.876459e+08
1.357703e+06 1.090287e+03 2.876413e+08
1.357691e+06 1.090389e+03 2.876368e+08
1.357678e+06 1.090503e+03 2.876317e+08
1.357666e+06 1.090604e+03 2.876272e+08
1.357654e+06 1.090706e+03 2.876226e+08
1.357643e+06 1.090807e+03 2.876181e+08
1.357631e+06 1.090909e+03 2.876136e+08
1.357618e+06 1.091023e+03 2.876085e+08
1.357606e+06 1.091124e+03 2.876040e+08
1.357594e+06 1.091226e+03 2.875994e+08
1.357583e+06 1.091327e+03 2.875949e+08
1.357571e+06 1.091429e+03 2.875904e+08
1.357558e+06 1.091543e+03 2.875853e+08
1.357546e+06 1.091644e+03 2.875808e+08
1.357534e+06 1.091746e+03 2.875762e+08
1.357522e+06 1.091847e+03 2.875717e+08
1.357509e+06 1.091961e+03 2.875666e+08
1.357497e+06 1.092063e+03 2.875621e+08
1.357486e+06 1.092164e+03 2.875576e+08
1.357474e+06 1.092266e+03 2.875531e+08
1.357462e+06 1.092367e+03 2.875485e+08
1.357449e+06 1.092481e+03 2.875435e+08
1.357437e+06 1.092583e+03 2.875389e+08
1.357426e+06 1.092684e+03 2.875344e+08
1.357414e+06 1.092786e+03 2.875299e+08
1.357402e+06 1.092887e+03 2.875254e+08
1.357389e+06 1.093001e+03 2.875203e+08
1.357377e+06 1.093103e+03 2.875158e+08
1.357365e+06 1.093204e+03 2.875113e+08
1.357354e+06 1.093306e+03 2.875067e+08
1.357341e+06 1.093420e+03 2.875017e+08
1.357329e+06 1.093522e+03 2.874972e+08
1.357317e+06 1.093623e+03 2.874926e+08
1.357305e+06 1.093724e+03 2.874881e+08
1.357294e+06 1.093826e+03 2.874836e+08
1.357281e+06 1.093940e+03 2.874785e+08
1.357269e+06 1.094042e+03 2.874740e+08
1.357257e+06 1.094143e+03 2.874695e+08
1.357245e+06 1.094244e+03 2.874650e+08
1.357232e+06 1.094359e+03 2.874599e+08
1.357221e+06 1.094460e+03 2.874554e+08
1.357209e+06 1.094562e+03 2.874509e+08
1.357197e+06 1.094663e+03 2.874464e+08
1.357184e+06 1.094777e+03 2.874413e+08
1.357172e+06 1.094879e+03 2.874368e+08
1.357161e+06 1.094980e+03 2.874323e+08
1.357149e+06 1.095082e+03 2.874278e+08
1.357137e+06 1.095183e+03 2.874233e+08
1.357124e+06 1.095297e+03 2.874182e+08
1.357112e+06 1.095399e+03 2.874137e+08
1.357101e+06 1.095500e+03 2.874092e+08
1.357089e+06 1.095602e+03 2.874047e+08
1.357076e+06 1.095716e+03 2.873996e+08
1.357064e+06 1.095817e+03 2.873951e+08
1.357052e+06 1.095919e+03 2.873906e+08
1.357041e+06 1.096020e+03 2.873861e+08
1.357028e+06 1.096134e+03 2.873811e+08
1.357016e+06 1.096236e+03 2.873765e+08
1.357004e+06 1.096337e+03 2.873720e+08
1.356993e+06 1.096439e+03 2.873675e+08
1.356979e+06 1.096553e+03 2.873625e+08
1.356968e+06 1.096654e+03 2.873580e+08
1.356956e+06 1.096756e+03 2.873535e+08
1.356944e+06 1.096857e+03 2.873490e+08
1.356931e+06 1.096972e+03 2.873439e+08
1.356920e+06 1.097073e+03 2.873394e+08
1.356908e+06 1.097174e+03 2.873349e+08
1.356896e+06 1.097276e+03 2.873304e+08
1.356883e+06 1.097390e+03 2.873254e+08
1.356871e+06 1.097492e+03 2.873209e+08
1.356860e+06 1.097593e+03 2.873164e+08
1.356848e+06 1.097695e+03 2.873119e+08
1.356835e+06 1.097809e+03 2.873068e+08
1.356823e+06 1.097910e+03 2.873023e+08
1.356812e+06 1.098012e+03 2.872978e+08
1.356800e+06 1.098113e+03 2.872934e+08
1.356787e+06 1.098227e+03 2.872883e+08
1.356775e+06 1.098329e+03 2.872838e+08
1.356763e+06 1.098430e+03 2.872793e+08
1.356750e+06 1.098544e+03 2.872743e+08
1.356739e+06 1.098646e+03 2.872698e+08
1.356727e+06 1.098747e+03 2.872653e+08
1.356715e+06 1.098849e+03 2.872608e+08
1.356702e+06 1.098963e+03 2.872557e+08
1.356691e+06 1.099064e+03 2.872513e+08
1.356679e+06 1.099166e+03 2.872468e+08
1.356667e+06 1.099267e+03 2.872423e+08
1.356654e+06 1.099381e+03 2.872372e+08
1.356643e+06 1.099483e+03 2.872327e+08
1.356631e+06 1.099584e+03 2.872283e+08
1.356619e+06 1.099686e+03 2.872238e+08
1.356606e+06 1.099800e+03 2.872187e+08
1.356595e+06 1.099902e+03 2.872142e+08
1.356583e+06 1.100003e+03 2.872098e+08
1.355481e+06 1.109516e+03 2.867855e+08
1.354763e+06 1.115858e+03 2.865091e+08
1.353694e+06 1.125371e+03 2.860980e+08
1.352987e+06 1.131713e+03 2.858261e+08
1.351934e+06 1.141226e+03 2.854216e+08
1.351237e+06 1.147568e+03 2.851540e+08
1.350200e+06 1.157081e+03 2.847560e+08
1.349173e+06 1.166594e+03 2.843618e+08
1.348493e+06 1.172936e+03 2.841012e+08
1.347481e+06 1.182448e+03 2.837134e+08
1.346811e+06 1.188790e+03 2.834569e+08
1.345814e+06 1.198303e+03 2.830752e+08
1.344826e+06 1.207816e+03 2.826971e+08
1.344172e+06 1.214158e+03 2.824471e+08
1.343198e+06 1.223671e+03 2.820749e+08
1.342232e+06 1.233184e+03 2.817062e+08
1.341593e+06 1.239526e+03 2.814622e+08
1.340642e+06 1.249039e+03 2.810991e+08
1.339698e+06 1.258552e+03 2.807393e+08
1.338763e+06 1.268065e+03 2.803827e+08
1.337835e+06 1.277578e+03 2.800293e+08
1.337221e+06 1.283920e+03 2.797955e+08
1.336306e+06 1.293433e+03 2.794472e+08
1.335398e+06 1.302946e+03 2.791021e+08
1.334498e+06 1.312459e+03 2.787599e+08
1.333605e+06 1.321972e+03 2.784207e+08
1.332720e+06 1.331484e+03 2.780844e+08
1.331841e+06 1.340997e+03 2.777509e+08
1.330969e+06 1.350510e+03 2.774203e+08
1.330105e+06 1.360023e+03 2.770924e+08
1.329246e+06 1.369536e+03 2.767672e+08
1.328395e+06 1.379049e+03 2.764448e+08
1.327550e+06 1.388562e+03 2.761249e+08
1.326711e+06 1.398075e+03 2.758077e+08
1.325879e+06 1.407588e+03 2.754931e+08
1.325053e+06 1.417101e+03 2.751809e+08
1.324234e+06 1.426614e+03 2.748712e+08
1.323420e+06 1.436127e+03 2.745640e+08
1.322344e+06 1.448811e+03 2.741582e+08
1.321544e+06 1.458324e+03 2.738565e+08
1.320750e+06 1.467837e+03 2.735572e+08
1.319962e+06 1.477350e+03 2.732602e+08
1.318919e+06 1.490033e+03 2.728677e+08
1.318144e+06 1.499546e+03 2.725759e+08
1.317096e+06 1.512230e+03 2.721817e+08
1.316333e+06 1.521743e+03 2.718948e+08
1.315574e+06 1.531256e+03 2.716100e+08
1.314821e+06 1.540769e+03 2.713271e+08
1.313329e+06 1.559795e+03 2.707673e+08
1.312591e+06 1.569308e+03 2.704903e+08
1.311857e+06 1.578821e+03 2.702153e+08
1.311128e+06 1.588334e+03 2.699423e+08
1.310405e+06 1.597847e+03 2.696712e+08
1.309685e+06 1.607360e+03 2.694020e+08
1.308261e+06 1.626386e+03 2.688693e+08
1.307556e+06 1.635898e+03 2.686057e+08
1.306855e+06 1.645411e+03 2.683439e+08
1.306159e+06 1.654924e+03 2.680839e+08
1.305468e+06 1.664437e+03 2.678257e+08
1.304097e+06 1.683463e+03 2.673144e+08
1.303419e+06 1.692976e+03 2.670614e+08
1.302744e+06 1.702489e+03 2.668100e+08
1.302074e+06 1.712002e+03 2.665603e+08
1.300746e+06 1.731028e+03 2.660658e+08
1.300088e+06 1.740541e+03 2.658211e+08
1.299434e+06 1.750054e+03 2.655779e+08
1.298138e+06 1.769080e+03 2.650961e+08
1.297495e+06 1.778593e+03 2.648575e+08
1.296857e+06 1.788105e+03 2.646204e+08
1.296222e+06 1.797618e+03 2.643848e+08
1.294964e+06 1.816644e+03 2.639181e+08
1.294340e+06 1.826157e+03 2.636869e+08
1.293720e+06 1.835670e+03 2.634571e+08
1.292491e+06 1.854696e+03 2.630018e+08
1.291881e+06 1.864209e+03 2.627761e+08
1.290672e+06 1.883235e+03 2.623290e+08
1.290073e+06 1.892748e+03 2.621074e+08
1.289477e+06 1.902261e+03 2.618871e+08
1.288295e+06 1.921287e+03 2.614504e+08
1.287708e+06 1.930800e+03 2.612340e+08
1.286545e+06 1.949825e+03 2.608048e+08
1.285968e+06 1.959338e+03 2.605921e+08
1.285395e+06 1.968851e+03 2.603806e+08
1.284256e+06 1.987877e+03 2.599612e+08
1.283691e+06 1.997390e+03 2.597533e+08
1.282183e+06 2.022758e+03 2.591982e+08
1.281260e+06 2.038613e+03 2.588591e+08
1.280345e+06 2.054468e+03 2.585228e+08
1.279438e+06 2.070323e+03 2.581895e+08
1.278538e+06 2.086178e+03 2.578592e+08
1.277645e+06 2.102032e+03 2.575318e+08
1.276760e+06 2.117887e+03 2.572073e+08
1.275883e+06 2.133742e+03 2.568857e+08
1.275012e+06 2.149597e+03 2.565669e+08
1.274148e+06 2.165452e+03 2.562508e+08
1.273292e+06 2.181307e+03 2.559375e+08
1.272442e+06 2.197162e+03 2.556268e+08
1.271599e+06 2.213017e+03 2.553187e+08
1.270763e+06 2.228872e+03 2.550133e+08
1.269933e+06 2.244726e+03 2.547104e+08
1.269109e+06 2.260581e+03 2.544100e+08
1.268292e+06 2.276436e+03 2.541121e+08
1.267481e+06 2.292291e+03 2.538166e+08
1.266677e+06 2.308146e+03 2.535235e+08
1.265878e+06 2.324001e+03 2.532328e+08
1.265086e+06 2.339856e+03 2.529444e+08
1.264299e+06 2.355711e+03 2.526583e+08
1.263518e+06 2.371566e+03 2.523745e+08
1.262743e+06 2.387421e+03 2.520928e+08
1.261973e+06 2.403275e+03 2.518134e+08
1.261209e+06 2.419130e+03 2.515361e+08
1.260451e+06 2.434985e+03 2.512609e+08
1.259697e+06 2.450840e+03 2.509878e+08
1.258950e+06 2.466695e+03 2.507168e+08
1.258207e+06 2.482550e+03 2.504479e+08
1.257470e+06 2.498405e+03 2.501809e+08
1.256738e+06 2.514260e+03 2.499159e+08
1.256010e+06 2.530115e+03 2.496529e+08
1.255288e+06 2.545970e+03 2.493918e+08
1.254571e+06 2.561824e+03 2.491326e+08
1.253858e+06 2.577679e+03 2.488752e+08
1.253151e+06 2.593534e+03 2.486197e+08
1.252448e+06 2.609389e+03 2.483661e+08
1.251749e+06 2.625244e+03 2.481142e+08
1.250367e+06 2.656954e+03 2.476158e+08
1.249682e+06 2.672809e+03 2.473692e+08
1.249002e+06 2.688664e+03 2.471243e+08
1.248326e+06 2.704518e+03 2.468811e+08
1.247655e+06 2.720373e+03 2.466395e+08
1.246325e+06 2.752083e+03 2.461613e+08
1.245666e+06 2.767938e+03 2.459247e+08
1.245011e+06 2.783793e+03 2.456896e+08
1.244360e+06 2.799648e+03 2.454560e+08
1.243714e+06 2.815503e+03 2.452240e+08
1.242433e+06 2.847213e+03 2.447646e+08
1.241798e+06 2.863067e+03 2.445371e+08
1.241167e+06 2.878922e+03 2.443111e+08
1.239916e+06 2.910632e+03 2.438633e+08
1.239296e+06 2.926487e+03 2.436416e+08
1.238680e+06 2.942342e+03 2.434213e+08
1.238067e+06 2.958197e+03 2.432023e+08
1.236853e+06 2.989907e+03 2.427686e+08
1.236252e+06 3.005761e+03 2.425538e+08
1.235653e+06 3.021616e+03 2.423403e+08
1.234467e+06 3.053326e+03 2.419172e+08
1.233879e+06 3.069181e+03 2.417076e+08
1.233294e+06 3.085036e+03 2.414992e+08
1.232135e+06 3.116746e+03 2.410862e+08
1.231560e+06 3.132601e+03 2.408815e+08
1.230419e+06 3.164310e+03 2.404758e+08
1.229853e+06 3.180165e+03 2.402747e+08
1.229291e+06 3.196020e+03 2.400747e+08
1.228174e+06 3.227730e+03 2.396783e+08
1.227621e+06 3.243585e+03 2.394817e+08
1.226522e+06 3.275295e+03 2.390920e+08
1.225977e+06 3.291150e+03 2.388988e+08
1.224896e+06 3.322859e+03 2.385155e+08
1.224359e+06 3.338714e+03 2.383255e+08
1.223826e+06 3.354569e+03 2.381365e+08
1.222766e+06 3.386279e+03 2.377616e+08
1.222241e+06 3.402134e+03 2.375756e+08
1.221197e+06 3.433844e+03 2.372068e+08
1.220679e+06 3.449699e+03 2.370239e+08
1.219652e+06 3.481408e+03 2.366609e+08
1.218634e+06 3.513118e+03 2.363017e+08
1.218129e+06 3.528973e+03 2.361235e+08
1.217126e+06 3.560683e+03 2.357699e+08
1.216628e+06 3.576538e+03 2.355945e+08
1.215639e+06 3.608248e+03 2.352463e+08
1.215148e+06 3.624102e+03 2.350736e+08
1.214174e+06 3.655812e+03 2.347307e+08
1.213208e+06 3.687522e+03 2.343912e+08
1.212729e+06 3.703377e+03 2.342228e+08
1.211777e+06 3.735087e+03 2.338883e+08
1.210834e+06 3.766797e+03 2.335572e+08
1.210365e+06 3.782651e+03 2.333928e+08
1.209435e+06 3.814361e+03 2.330664e+08
1.208512e+06 3.846071e+03 2.327432e+08
1.208054e+06 3.861926e+03 2.325827e+08
1.207144e+06 3.893636e+03 2.322641e+08
1.206242e+06 3.925345e+03 2.319484e+08
1.205794e+06 3.941200e+03 2.317917e+08
1.204904e+06 3.972910e+03 2.314804e+08
1.204021e+06 4.004620e+03 2.311719e+08
1.203146e+06 4.036330e+03 2.308663e+08
1.202278e+06 4.068040e+03 2.305635e+08
1.201847e+06 4.083894e+03 2.304131e+08
1.200990e+06 4.115604e+03 2.301143e+08
1.200140e+06 4.147314e+03 2.298181e+08
1.199297e+06 4.179024e+03 2.295246e+08
1.198462e+06 4.210734e+03 2.292336e+08
1.197632e+06 4.242443e+03 2.289451e+08
1.197220e+06 4.258298e+03 2.288018e+08
1.196401e+06 4.290008e+03 2.285171e+08
1.195588e+06 4.321718e+03 2.282347e+08
1.194782e+06 4.353428e+03 2.279548e+08
1.193982e+06 4.385137e+03 2.276772e+08
1.193188e+06 4.416847e+03 2.274019e+08
1.192401e+06 4.448557e+03 2.271288e+08
1.191619e+06 4.480267e+03 2.268580e+08
1.190843e+06 4.511977e+03 2.265893e+08
1.190073e+06 4.543686e+03 2.263228e+08
1.189309e+06 4.575396e+03 2.260585e+08
1.188550e+06 4.607106e+03 2.257962e+08
1.187797e+06 4.638816e+03 2.255361e+08
1.187050e+06 4.670526e+03 2.252779e+08
1.186308e+06 4.702235e+03 2.250218e+08
1.185571e+06 4.733945e+03 2.247677e+08
1.184840e+06 4.765655e+03 2.245155e+08
1.184114e+06 4.797365e+03 2.242652e+08
1.183034e+06 4.844929e+03 2.238934e+08
1.182321e+06 4.876639e+03 2.236478e+08
1.181612e+06 4.908349e+03 2.234041e+08
1.180909e+06 4.940059e+03 2.231621e+08
1.180210e+06 4.971769e+03 2.229220e+08
1.179516e+06 5.003478e+03 2.226836e+08
1.178484e+06 5.051043e+03 2.223292e+08
1.177802e+06 5.082753e+03 2.220951e+08
1.177124e+06 5.114463e+03 2.218627e+08
1.176452e+06 5.146172e+03 2.216320e+08
1.175451e+06 5.193737e+03 2.212890e+08
1.174789e+06 5.225447e+03 2.210624e+08
1.174131e+06 5.257157e+03 2.208373e+08
1.173153e+06 5.304721e+03 2.205027e+08
1.172506e+06 5.336431e+03 2.202815e+08
1.171863e+06 5.368141e+03 2.200618e+08
1.170906e+06 5.415706e+03 2.197350e+08
1.170273e+06 5.447415e+03 2.195190e+08
1.169331e+06 5.494980e+03 2.191977e+08
1.168708e+06 5.526690e+03 2.189852e+08
1.168089e+06 5.558400e+03 2.187741e+08
1.167167e+06 5.605964e+03 2.184601e+08
1.166557e+06 5.637674e+03 2.182525e+08
1.165649e+06 5.685239e+03 2.179435e+08
1.165048e+06 5.716949e+03 2.177391e+08
1.164154e+06 5.764513e+03 2.174350e+08
1.163562e+06 5.796223e+03 2.172338e+08
1.162680e+06 5.843788e+03 2.169345e+08
1.161806e+06 5.891353e+03 2.166378e+08
1.161227e+06 5.923062e+03 2.164416e+08
1.160366e+06 5.970627e+03 2.161495e+08
1.159511e+06 6.018192e+03 2.158601e+08
1.158946e+06 6.049902e+03 2.156685e+08
1.158103e+06 6.097466e+03 2.153834e+08
1.157268e+06 6.145031e+03 2.151008e+08
1.156715e+06 6.176741e+03 2.149138e+08
1.155891e+06 6.224305e+03 2.146353e+08
1.155073e+06 6.271870e+03 2.143593e+08
1.154262e+06 6.319435e+03 2.140856e+08
1.153725e+06 6.351145e+03 2.139044e+08
1.152925e+06 6.398709e+03 2.136346e+08
1.152132e+06 6.446274e+03 2.133671e+08
1.151344e+06 6.493839e+03 2.131019e+08
1.150563e+06 6.541403e+03 2.128388e+08
1.149787e+06 6.588968e+03 2.125779e+08
1.149018e+06 6.636533e+03 2.123192e+08
1.148508e+06 6.668242e+03 2.121479e+08
1.147748e+06 6.715807e+03 2.118926e+08
1.146994e+06 6.763372e+03 2.116394e+08
1.146246e+06 6.810937e+03 2.113882e+08
1.145503e+06 6.858501e+03 2.111391e+08
1.144766e+06 6.906066e+03 2.108918e+08
1.143791e+06 6.969485e+03 2.105652e+08
1.143066e+06 7.017050e+03 2.103225e+08
1.142346e+06 7.064615e+03 2.100816e+08
1.141631e+06 7.112180e+03 2.098425e+08
1.140922e+06 7.159744e+03 2.096053e+08
1.140217e+06 7.207309e+03 2.093698e+08
1.139517e+06 7.254874e+03 2.091361e+08
1.138592e+06 7.318293e+03 2.088272e+08
1.137904e+06 7.365858e+03 2.085976e+08
1.137220e+06 7.413423e+03 2.083696e+08
1.136541e+06 7.460987e+03 2.081432e+08
1.135642e+06 7.524407e+03 2.078440e+08
1.134974e+06 7.571972e+03 2.076215e+08
1.134310e+06 7.619536e+03 2.074006e+08
1.133431e+06 7.682956e+03 2.071084e+08
1.132777e+06 7.730521e+03 2.068910e+08
1.131912e+06 7.793940e+03 2.066036e+08
1.131268e+06 7.841505e+03 2.063898e+08
1.130416e+06 7.904924e+03 2.061069e+08
1.129781e+06 7.952489e+03 2.058965e+08
1.128941e+06 8.015909e+03 2.056181e+08
1.128316e+06 8.063473e+03 2.054109e+08
1.127488e+06 8.126893e+03 2.051368e+08
1.126872e+06 8.174458e+03 2.049328e+08
1.126056e+06 8.237877e+03 2.046629e+08
1.125246e+06 8.301297e+03 2.043954e+08
1.124644e+06 8.348861e+03 2.041963e+08
1.123846e+06 8.412281e+03 2.039327e+08
1.123054e+06 8.475701e+03 2.036714e+08
1.122464e+06 8.523265e+03 2.034769e+08
1.121683e+06 8.586685e+03 2.032194e+08
1.120908e+06 8.650104e+03 2.029641e+08
1.120140e+06 8.713524e+03 2.027109e+08
1.119376e+06 8.776944e+03 2.024597e+08
1.118619e+06 8.840363e+03 2.022105e+08
1.117867e+06 8.903783e+03 2.019634e+08
1.117122e+06 8.967202e+03 2.017183e+08
1.116566e+06 9.014767e+03 2.015358e+08
1.115830e+06 9.078187e+03 2.012941e+08
1.114917e+06 9.157461e+03 2.009946e+08
1.114193e+06 9.220881e+03 2.007572e+08
1.113474e+06 9.284300e+03 2.005215e+08
1.112760e+06 9.347720e+03 2.002877e+08
1.112051e+06 9.411139e+03 2.000557e+08
1.111347e+06 9.474559e+03 1.998254e+08
1.110649e+06 9.537979e+03 1.995969e+08
1.109799e+06 9.617253e+03 1.993134e+08
1.109129e+06 9.680673e+03 1.990884e+08
1.108465e+06 9.744092e+03 1.988650e+08
1.107804e+06 9.807512e+03 1.986433e+08
1.106985e+06 9.886786e+03 1.983684e+08
1.106335e+06 9.950206e+03 1.981502e+08
1.105461e+06 1.003582e+04 1.978574e+08
1.104789e+06 1.010241e+04 1.976321e+08
1.104121e+06 1.016900e+04 1.974085e+08
1.103458e+06 1.023559e+04 1.971866e+08
1.102799e+06 1.030218e+04 1.969663e+08
1.101927e+06 1.039097e+04 1.966750e+08
1.101279e+06 1.045756e+04 1.964584e+08
1.100635e+06 1.052415e+04 1.962433e+08
1.099783e+06 1.061294e+04 1.959589e+08
1.099148e+06 1.067953e+04 1.957474e+08
1.098518e+06 1.074612e+04 1.955373e+08
1.097684e+06 1.083491e+04 1.952595e+08
1.097063e+06 1.090150e+04 1.950528e+08
1.096242e+06 1.099029e+04 1.947795e+08
1.095630e+06 1.105688e+04 1.945760e+08
1.094820e+06 1.114567e+04 1.943069e+08
1.094218e+06 1.121226e+04 1.941067e+08
1.093420e+06 1.130104e+04 1.938417e+08
1.092825e+06 1.136763e+04 1.936446e+08
1.092039e+06 1.145642e+04 1.933836e+08
1.091453e+06 1.152301e+04 1.931895e+08
1.090677e+06 1.161180e+04 1.929325e+08
1.089907e+06 1.170059e+04 1.926777e+08
1.089334e+06 1.176718e+04 1.924880e+08
1.088575e+06 1.185596e+04 1.922370e+08
1.087822e+06 1.194475e+04 1.919880e+08
1.087074e+06 1.203354e+04 1.917411e+08
1.086333e+06 1.212233e+04 1.914963e+08
1.085780e+06 1.218892e+04 1.913139e+08
1.085048e+06 1.227770e+04 1.910725e+08
1.084321e+06 1.236649e+04 1.908331e+08
1.083600e+06 1.245528e+04 1.905956e+08
1.082884e+06 1.254407e+04 1.903599e+08
1.082174e+06 1.263285e+04 1.901261e+08
1.081468e+06 1.272164e+04 1.898941e+08
1.080768e+06 1.281043e+04 1.896640e+08
1.080073e+06 1.289922e+04 1.894355e+08
1.079382e+06 1.298800e+04 1.892089e+08
1.078696e+06 1.307679e+04 1.889839e+08
1.078016e+06 1.316558e+04 1.887607e+08
1.077171e+06 1.327656e+04 1.884840e+08
1.076501e+06 1.336535e+04 1.882645e+08
1.075835e+06 1.345414e+04 1.880466e+08
1.075174e+06 1.354293e+04 1.878302e+08
1.074354e+06 1.365391e+04 1.875621e+08
1.073702e+06 1.374270e+04 1.873492e+08
1.073055e+06 1.383148e+04 1.871380e+08
1.072253e+06 1.394247e+04 1.868760e+08
1.071615e+06 1.403126e+04 1.866680e+08
1.070982e+06 1.412004e+04 1.864615e+08
1.070196e+06 1.423103e+04 1.862054e+08
1.069572e+06 1.431982e+04 1.860022e+08
1.068797e+06 1.443080e+04 1.857500e+08
1.068028e+06 1.454178e+04 1.855000e+08
1.067418e+06 1.463057e+04 1.853015e+08
1.066660e+06 1.474156e+04 1.850553e+08
1.066058e+06 1.483034e+04 1.848598e+08
1.065310e+06 1.494133e+04 1.846172e+08
1.064569e+06 1.505231e+04 1.843767e+08
1.063833e+06 1.516330e+04 1.841381e+08
1.063248e+06 1.525208e+04 1.839487e+08
1.062522e+06 1.536307e+04 1.837136e+08
1.061801e+06 1.547405e+04 1.834803e+08
1.061086e+06 1.558504e+04 1.832489e+08
1.060375e+06 1.569602e+04 1.830193e+08
1.059670e+06 1.580700e+04 1.827915e+08
1.058970e+06 1.591799e+04 1.825655e+08
1.058275e+06 1.602897e+04 1.823411e+08
1.057584e+06 1.613996e+04 1.821185e+08
1.056899e+06 1.625094e+04 1.818976e+08
1.056218e+06 1.636193e+04 1.816783e+08
1.055407e+06 1.649511e+04 1.814173e+08
1.054737e+06 1.660609e+04 1.812016e+08
1.054071e+06 1.671708e+04 1.809875e+08
1.053409e+06 1.682806e+04 1.807749e+08
1.052621e+06 1.696124e+04 1.805218e+08
1.051969e+06 1.707223e+04 1.803125e+08
1.051322e+06 1.718321e+04 1.801048e+08
1.050550e+06 1.731639e+04 1.798574e+08
1.049912e+06 1.742737e+04 1.796529e+08
1.049151e+06 1.756056e+04 1.794093e+08
1.048397e+06 1.769374e+04 1.791678e+08
1.047772e+06 1.780472e+04 1.789680e+08
1.047028e+06 1.793790e+04 1.787300e+08
1.046412e+06 1.804889e+04 1.785332e+08
1.045677e+06 1.818207e+04 1.782988e+08
1.044949e+06 1.831525e+04 1.780662e+08
1.044225e+06 1.844843e+04 1.778355e+08
1.043507e+06 1.858161e+04 1.776066e+08
1.042913e+06 1.869260e+04 1.774172e+08
1.042204e+06 1.882578e+04 1.771915e+08
1.041500e+06 1.895896e+04 1.769676e+08
1.040801e+06 1.909214e+04 1.767454e+08
1.040107e+06 1.922532e+04 1.765248e+08
1.039418e+06 1.935850e+04 1.763060e+08
1.038621e+06 1.951388e+04 1.760527e+08
1.037942e+06 1.964706e+04 1.758374e+08
1.037268e+06 1.978024e+04 1.756236e+08
1.036598e+06 1.991342e+04 1.754114e+08
1.035822e+06 2.006880e+04 1.751658e+08
1.035162e+06 2.020198e+04 1.749569e+08
1.034507e+06 2.033516e+04 1.747495e+08
1.033747e+06 2.049054e+04 1.745094e+08
1.033101e+06 2.062372e+04 1.743052e+08
1.032352e+06 2.077910e+04 1.740688e+08
1.031715e+06 2.091228e+04 1.738676e+08
1.030976e+06 2.106766e+04 1.736347e+08
1.030243e+06 2.122304e+04 1.734036e+08
1.029619e+06 2.135622e+04 1.732070e+08
1.028896e+06 2.151160e+04 1.729793e+08
1.028178e+06 2.166697e+04 1.727533e+08
1.027465e+06 2.182235e+04 1.725291e+08
1.026757e+06 2.197773e+04 1.723067e+08
1.026054e+06 2.213311e+04 1.720859e+08
1.025356e+06 2.228849e+04 1.718668e+08
1.024663e+06 2.244386e+04 1.716493e+08
1.023974e+06 2.259924e+04 1.714335e+08
1.023290e+06 2.275462e+04 1.712192e+08
1.022611e+06 2.291000e+04 1.710065e+08
1.021841e+06 2.308757e+04 1.707653e+08
1.021171e+06 2.324295e+04 1.705559e+08
1.020506e+06 2.339833e+04 1.703480e+08
1.019751e+06 2.357590e+04 1.701123e+08
1.019096e+06 2.373128e+04 1.699075e+08
1.018351e+06 2.390886e+04 1.696752e+08
1.017704e+06 2.406423e+04 1.694735e+08
1.016970e+06 2.424181e+04 1.692447e+08
1.016241e+06 2.441938e+04 1.690177e+08
1.015608e+06 2.457476e+04 1.688205e+08
1.014888e+06 2.475234e+04 1.685967e+08
1.014174e+06 2.492991e+04 1.683747e+08
1.013465e+06 2.510749e+04 1.681544e+08
1.012761e+06 2.528506e+04 1.679357e+08
1.012062e+06 2.546264e+04 1.677187e+08
1.011367e+06 2.564021e+04 1.675033e+08
1.010677e+06 2.581779e+04 1.672894e+08
1.009992e+06 2.599536e+04 1.670772e+08
1.009312e+06 2.617294e+04 1.668665e+08
1.008551e+06 2.637271e+04 1.666312e+08
1.007880e+06 2.655028e+04 1.664237e+08
1.007214e+06 2.672786e+04 1.662177e+08
1.006469e+06 2.692763e+04 1.659876e+08
1.005811e+06 2.710520e+04 1.657846e+08
1.005076e+06 2.730498e+04 1.655579e+08
1.004347e+06 2.750475e+04 1.653330e+08
1.003702e+06 2.768232e+04 1.651345e+08
1.002982e+06 2.788209e+04 1.649128e+08
1.002267e+06 2.808186e+04 1.646928e+08
1.001557e+06 2.828164e+04 1.644744e+08
1.000852e+06 2.848141e+04 1.642577e+08
1.000152e+06 2.868118e+04 1.640426e+08
9.994561e+05 2.888095e+04 1.638290e+08
9.987651e+05 2.908072e+04 1.636170e+08
9.980786e+05 2.928050e+04 1.634065e+08
9.973211e+05 2.950246e+04 1.631744e+08
9.966440e+05 2.970224e+04 1.629671e+08
9.959713e+05 2.990201e+04 1.627612e+08
9.952290e+05 3.012398e+04 1.625342e+08
9.945653e+05 3.032375e+04 1.623314e+08
9.938329e+05 3.054572e+04 1.621076e+08
9.931056e+05 3.076768e+04 1.618856e+08
9.924554e+05 3.096746e+04 1.616872e+08
9.917377e+05 3.118942e+04 1.614684e+08
9.910248e+05 3.141139e+04 1.612512e+08
9.903167e+05 3.163336e+04 1.610355e+08
9.896134e+05 3.185533e+04 1.608215e+08
9.889148e+05 3.207730e+04 1.606090e+08
9.882208e+05 3.229927e+04 1.603981e+08
9.874626e+05 3.254343e+04 1.601678e+08
9.867781e+05 3.276540e+04 1.599600e+08
9.860980e+05 3.298737e+04 1.597536e+08
9.853549e+05 3.323154e+04 1.595283e+08
9.846838e+05 3.345350e+04 1.593250e+08
9.839505e+05 3.369767e+04 1.591029e+08
9.832223e+05 3.394183e+04 1.588825e+08
9.825646e+05 3.416380e+04 1.586836e+08
9.818457e+05 3.440797e+04 1.584664e+08
9.811317e+05 3.465213e+04 1.582507e+08
9.804225e+05 3.489630e+04 1.580366e+08
9.797179e+05 3.514046e+04 1.578240e+08
9.790179e+05 3.538463e+04 1.576130e+08
9.783225e+05 3.562880e+04 1.574035e+08
9.775690e+05 3.589516e+04 1.571766e+08
9.768829e+05 3.613932e+04 1.569701e+08
9.761394e+05 3.640569e+04 1.567465e+08
9.754623e+05 3.664985e+04 1.565430e+08
9.747285e+05 3.691621e+04 1.563227e+08
9.740602e+05 3.716038e+04 1.561221e+08
9.733359e+05 3.742674e+04 1.559048e+08
9.726164e+05 3.769310e+04 1.556891e+08
9.719016e+05 3.795947e+04 1.554749e+08
9.711914e+05 3.822583e+04 1.552623e+08
9.704858e+05 3.849219e+04 1.550512e+08
9.697848e+05 3.875855e+04 1.548416e+08
9.690304e+05 3.904711e+04 1.546162e+08
9.683386e+05 3.931347e+04 1.544096e+08
9.676516e+05 3.957984e+04 1.542046e+08
9.669122e+05 3.986839e+04 1.539840e+08
9.661778e+05 4.015695e+04 1.537652e+08
9.655043e+05 4.042332e+04 1.535646e+08
9.647794e+05 4.071188e+04 1.533488e+08
9.640592e+05 4.100043e+04 1.531345e+08
9.633436e+05 4.128899e+04 1.529218e+08
9.626326e+05 4.157755e+04 1.527106e+08
9.619262e+05 4.186611e+04 1.525008e+08
9.611704e+05 4.217687e+04 1.522766e+08
9.604732e+05 4.246543e+04 1.520699e+08
9.597803e+05 4.275399e+04 1.518646e+08
9.590389e+05 4.306474e+04 1.516450e+08
9.583024e+05 4.337550e+04 1.514271e+08
9.576229e+05 4.366406e+04 1.512261e+08
9.568956e+05 4.397481e+04 1.510112e+08
9.561730e+05 4.428557e+04 1.507978e+08
9.554551e+05 4.459632e+04 1.505859e+08
9.547417e+05 4.490708e+04 1.503754e+08
9.539823e+05 4.524003e+04 1.501516e+08
9.532781e+05 4.555079e+04 1.499442e+08
9.525783e+05 4.586155e+04 1.497381e+08
9.518333e+05 4.619450e+04 1.495190e+08
9.510931e+05 4.652745e+04 1.493014e+08
9.504066e+05 4.683821e+04 1.490997e+08
9.496756e+05 4.717116e+04 1.488850e+08
9.489492e+05 4.750411e+04 1.486719e+08
9.482273e+05 4.783707e+04 1.484603e+08
9.475099e+05 4.817002e+04 1.482501e+08
9.467497e+05 4.852517e+04 1.480274e+08
9.460414e+05 4.885812e+04 1.478202e+08
9.453375e+05 4.919107e+04 1.476143e+08
9.445914e+05 4.954622e+04 1.473963e+08
9.438500e+05 4.990137e+04 1.471798e+08
9.431457e+05 5.024067e+04 1.469743e+08
9.423808e+05 5.061167e+04 1.467512e+08
9.416792e+05 5.095414e+04 1.465467e+08
9.409239e+05 5.132514e+04 1.463267e+08
9.402310e+05 5.166761e+04 1.461251e+08
9.394849e+05 5.203861e+04 1.459081e+08
9.387435e+05 5.240962e+04 1.456926e+08
9.380067e+05 5.278062e+04 1.454786e+08
9.372745e+05 5.315163e+04 1.452660e+08
9.365468e+05 5.352263e+04 1.450549e+08
9.358235e+05 5.389364e+04 1.448453e+08
9.351046e+05 5.426464e+04 1.446370e+08
9.343352e+05 5.466418e+04 1.444143e+08
9.336251e+05 5.503519e+04 1.442089e+08
9.328652e+05 5.543473e+04 1.439893e+08
9.321100e+05 5.583427e+04 1.437711e+08
9.314130e+05 5.620528e+04 1.435699e+08
9.306669e+05 5.660482e+04 1.433547e+08
9.299253e+05 5.700437e+04 1.431409e+08
9.291883e+05 5.740391e+04 1.429286e+08
9.284557e+05 5.780345e+04 1.427177e+08
9.276757e+05 5.823154e+04 1.424933e+08
9.269521e+05 5.863108e+04 1.422853e+08
9.262328e+05 5.903062e+04 1.420787e+08
9.254668e+05 5.945870e+04 1.418588e+08
9.247055e+05 5.988679e+04 1.416404e+08
9.239992e+05 6.028633e+04 1.414379e+08
9.232468e+05 6.071441e+04 1.412224e+08
9.224991e+05 6.114249e+04 1.410083e+08
9.217560e+05 6.157058e+04 1.407958e+08
9.210174e+05 6.199866e+04 1.405846e+08
9.202344e+05 6.245528e+04 1.403610e+08
9.195049e+05 6.288336e+04 1.401527e+08
9.187314e+05 6.333998e+04 1.399321e+08
9.180106e+05 6.376806e+04 1.397266e+08
9.172462e+05 6.422469e+04 1.395089e+08
9.164864e+05 6.468131e+04 1.392926e+08
9.157311e+05 6.513793e+04 1.390778e+08
9.149803e+05 6.559455e+04 1.388644e+08
9.142339e+05 6.605117e+04 1.386524e+08
9.134919e+05 6.650779e+04 1.384418e+08
9.127081e+05 6.699295e+04 1.382195e+08
9.119748e+05 6.744957e+04 1.380116e+08
9.112002e+05 6.793473e+04 1.377923e+08
9.104754e+05 6.839135e+04 1.375871e+08
9.097097e+05 6.887651e+04 1.373706e+08
9.089484e+05 6.936167e+04 1.371555e+08
9.081916e+05 6.984683e+04 1.369417e+08
9.073951e+05 7.036053e+04 1.367170e+08
9.066471e+05 7.084569e+04 1.365061e+08
9.059034e+05 7.133085e+04 1.362965e+08
9.051204e+05 7.184455e+04 1.360760e+08
9.043420e+05 7.235825e+04 1.358571e+08
9.035682e+05 7.287195e+04 1.356395e+08
9.027989e+05 7.338564e+04 1.354234e+08
9.020339e+05 7.389934e+04 1.352086e+08
9.012733e+05 7.441304e+04 1.349953e+08
9.005170e+05 7.492674e+04 1.347833e+08
8.997233e+05 7.546898e+04 1.345609e+08
8.989756e+05 7.598268e+04 1.343517e+08
8.981908e+05 7.652491e+04 1.341322e+08
8.974105e+05 7.706715e+04 1.339141e+08
8.966347e+05 7.760939e+04 1.336974e+08
8.958632e+05 7.815163e+04 1.334822e+08
8.950960e+05 7.869386e+04 1.332682e+08
8.942929e+05 7.926464e+04 1.330445e+08
8.935344e+05 7.980688e+04 1.328333e+08
8.927403e+05 8.037765e+04 1.326124e+08
8.919507e+05 8.094843e+04 1.323929e+08
8.911656e+05 8.151921e+04 1.321748e+08
8.903848e+05 8.208998e+04 1.319581e+08
8.896083e+05 8.266076e+04 1.317427e+08
8.888361e+05 8.323154e+04 1.315287e+08
8.880297e+05 8.383085e+04 1.313054e+08
8.872660e+05 8.440163e+04 1.310941e+08
8.864685e+05 8.500094e+04 1.308736e+08
8.856754e+05 8.560026e+04 1.306544e+08
8.848867e+05 8.619957e+04 1.304367e+08
8.840650e+05 8.682743e+04 1.302100e+08
8.832849e+05 8.742674e+04 1.299950e+08
8.824722e+05 8.805459e+04 1.297712e+08
8.817007e+05 8.865391e+04 1.295589e+08
8.808967e+05 8.928176e+04 1.293378e+08
8.800971e+05 8.990962e+04 1.291181e+08
8.793018e+05 9.053747e+04 1.288997e+08
8.784749e+05 9.119386e+04 1.286729e+08
8.776883e+05 9.182172e+04 1.284573e+08
8.768705e+05 9.247811e+04 1.282333e+08
8.760571e+05 9.313450e+04 1.280107e+08
8.752834e+05 9.376236e+04 1.277991e+08
8.744438e+05 9.444729e+04 1.275697e+08
8.736435e+05 9.510368e+04 1.273512e+08
8.728474e+05 9.576007e+04 1.271340e+08
8.720211e+05 9.644501e+04 1.269088e+08
8.711993e+05 9.712994e+04 1.266850e+08
8.703818e+05 9.781487e+04 1.264625e+08
8.695686e+05 9.849980e+04 1.262414e+08
8.687596e+05 9.918473e+04 1.260216e+08
8.679587e+05 9.986966e+04 1.258031e+08
8.671350e+05 1.005831e+05 1.255768e+08
8.663339e+05 1.012807e+05 1.253569e+08
8.655008e+05 1.020101e+05 1.251284e+08
8.646720e+05 1.027394e+05 1.249012e+08
8.638833e+05 1.034370e+05 1.246853e+08
8.630629e+05 1.041663e+05 1.244608e+08
8.622468e+05 1.048957e+05 1.242377e+08
8.613996e+05 1.056567e+05 1.240063e+08
8.605918e+05 1.063860e+05 1.237859e+08
8.597532e+05 1.071471e+05 1.235572e+08
8.589189e+05 1.079081e+05 1.233299e+08
8.581233e+05 1.086374e+05 1.231134e+08
8.572629e+05 1.094302e+05 1.228794e+08
8.564411e+05 1.101912e+05 1.226561e+08
8.556234e+05 1.109522e+05 1.224341e+08
8.547758e+05 1.117450e+05 1.222042e+08
8.539326e+05 1.125377e+05 1.219757e+08
8.530935e+05 1.133305e+05 1.217485e+08
8.522586e+05 1.141232e+05 1.215226e+08
8.514278e+05 1.149160e+05 1.212980e+08
8.505681e+05 1.157404e+05 1.210659e+08
8.497454e+05 1.165332e+05 1.208439e+08
8.488941e+05 1.173576e+05 1.206144e+08
8.480470e+05 1.181821e+05 1.203862e+08
8.472040e+05 1.190065e+05 1.201594e+08
8.463329e+05 1.198627e+05 1.199252e+08
8.454981e+05 1.206871e+05 1.197010e+08
8.446354e+05 1.215433e+05 1.194694e+08
8.437769e+05 1.223995e+05 1.192393e+08
8.429224e+05 1.232556e+05 1.190104e+08
8.420407e+05 1.241435e+05 1.187744e+08
8.411945e+05 1.249997e+05 1.185481e+08
8.403211e+05 1.258875e+05 1.183148e+08
8.394519e+05 1.267754e+05 1.180828e+08
8.385868e+05 1.276633e+05 1.178522e+08
8.377258e+05 1.285512e+05 1.176228e+08
8.368382e+05 1.294708e+05 1.173866e+08
8.359550e+05 1.303903e+05 1.171517e+08
8.350760e+05 1.313099e+05 1.169182e+08
8.342012e+05 1.322295e+05 1.166860e+08
8.333304e+05 1.331491e+05 1.164552e+08
8.324339e+05 1.341004e+05 1.162177e+08
8.315712e+05 1.350200e+05 1.159894e+08
8.306828e+05 1.359713e+05 1.157545e+08
8.297985e+05 1.369226e+05 1.155209e+08
8.288890e+05 1.379056e+05 1.152809e+08
8.280128e+05 1.388569e+05 1.150499e+08
8.271115e+05 1.398399e+05 1.148125e+08
8.262143e+05 1.408229e+05 1.145764e+08
8.253211e+05 1.418059e+05 1.143416e+08
8.244032e+05 1.428206e+05 1.141006e+08
8.234896e+05 1.438353e+05 1.138609e+08
8.225801e+05 1.448500e+05 1.136226e+08
8.216747e+05 1.458647e+05 1.133855e+08
8.207733e+05 1.468794e+05 1.131497e+08
8.198479e+05 1.479259e+05 1.129079e+08
8.189545e+05 1.489406e+05 1.126747e+08
8.180372e+05 1.499870e+05 1.124355e+08
8.170964e+05 1.510651e+05 1.121903e+08
8.161872e+05 1.521115e+05 1.119537e+08
8.152546e+05 1.531897e+05 1.117112e+08
8.143260e+05 1.542678e+05 1.114701e+08
8.134015e+05 1.553459e+05 1.112302e+08
8.124540e+05 1.564558e+05 1.109846e+08
8.115375e+05 1.575339e+05 1.107473e+08
8.105981e+05 1.586438e+05 1.105043e+08
8.096360e+05 1.597853e+05 1.102557e+08
8.087047e+05 1.608952e+05 1.100153e+08
8.077508e+05 1.620367e+05 1.097693e+08
8.068009e+05 1.631783e+05 1.095247e+08
8.058551e+05 1.643198e+05 1.092813e+08
8.049132e+05 1.654614e+05 1.090392e+08
8.039493e+05 1.666346e+05 1.087917e+08
8.029894e+05 1.678079e+05 1.085455e+08
8.020335e+05 1.689812e+05 1.083006e+08
8.010560e+05 1.701861e+05 1.080504e+08
8.000824e+05 1.713911e+05 1.078015e+08
7.991129e+05 1.725961e+05 1.075539e+08
7.981474e+05 1.738010e+05 1.073075e+08
7.971858e+05 1.750060e+05 1.070625e+08
7.962029e+05 1.762427e+05 1.068123e+08
7.952242e+05 1.774794e+05 1.065635e+08
7.942248e+05 1.787478e+05 1.063096e+08
7.932542e+05 1.799845e+05 1.060634e+08
7.922628e+05 1.812528e+05 1.058121e+08
7.912508e+05 1.825529e+05 1.055559e+08
7.902674e+05 1.838213e+05 1.053073e+08
7.892635e+05 1.851214e+05 1.050537e+08
7.882635e+05 1.864215e+05 1.048015e+08
7.872677e+05 1.877216e+05 1.045505e+08
7.862516e+05 1.890535e+05 1.042947e+08
7.852395e+05 1.903853e+05 1.040403e+08
7.842314e+05 1.917171e+05 1.037872e+08
7.832035e+05 1.930806e+05 1.035293e+08
7.822034e+05 1.944124e+05 1.032787e+08
7.811598e+05 1.958076e+05 1.030176e+08
7.801440e+05 1.971712e+05 1.027637e+08
7.791085e+05 1.985664e+05 1.025051e+08
7.780770e+05 1.999616e+05 1.022479e+08
7.770495e+05 2.013569e+05 1.019920e+08
7.760026e+05 2.027838e+05 1.017316e+08
7.749598e+05 2.042107e+05 1.014725e+08
7.739210e+05 2.056377e+05 1.012147e+08
7.728632e+05 2.070963e+05 1.009525e+08
7.718093e+05 2.085550e+05 1.006916e+08
7.707595e+05 2.100136e+05 1.004320e+08
