1.118964e+07 3.170979e-07 1.233751e+10
1.117069e+07 6.341958e-07 1.230039e+10
1.115231e+07 9.512938e-07 1.226447e+10
1.113449e+07 1.268392e-06 1.222966e+10
1.111719e+07 1.585490e-06 1.219591e+10
1.110038e+07 1.902588e-06 1.216315e+10
1.108404e+07 2.219685e-06 1.213134e+10
1.106814e+07 2.536783e-06 1.210044e+10
1.105267e+07 2.853881e-06 1.207040e+10
1.103760e+07 3.170979e-06 1.204116e+10
1.102291e+07 3.488077e-06 1.201270e+10
1.100858e+07 3.805175e-06 1.198497e+10
1.099460e+07 4.122273e-06 1.195793e+10
1.098095e+07 4.439371e-06 1.193156e+10
1.096762e+07 4.756469e-06 1.190582e+10
1.095458e+07 5.073567e-06 1.188069e+10
1.094184e+07 5.390665e-06 1.185614e+10
1.092937e+07 5.707763e-06 1.183214e+10
1.091716e+07 6.024860e-06 1.180867e+10
1.090521e+07 6.341958e-06 1.178571e+10
1.089351e+07 6.659056e-06 1.176323e+10
1.088203e+07 6.976154e-06 1.174122e+10
1.087078e+07 7.293252e-06 1.171966e+10
1.085975e+07 7.610350e-06 1.169853e+10
1.084893e+07 7.927448e-06 1.167782e+10
1.083831e+07 8.244546e-06 1.165751e+10
1.082788e+07 8.561644e-06 1.163758e+10
1.081764e+07 8.878742e-06 1.161802e+10
1.080757e+07 9.195840e-06 1.159883e+10
1.079769e+07 9.512938e-06 1.157998e+10
1.078797e+07 9.830036e-06 1.156146e+10
1.077841e+07 1.014713e-05 1.154327e+10
1.076901e+07 1.046423e-05 1.152539e+10
1.075977e+07 1.078133e-05 1.150781e+10
1.075067e+07 1.109843e-05 1.149052e+10
1.074172e+07 1.141553e-05 1.147352e+10
1.073290e+07 1.173262e-05 1.145679e+10
1.072422e+07 1.204972e-05 1.144033e+10
1.071567e+07 1.236682e-05 1.142413e+10
1.070725e+07 1.268392e-05 1.140818e+10
1.069895e+07 1.300101e-05 1.139247e+10
1.069078e+07 1.331811e-05 1.137700e+10
1.068272e+07 1.363521e-05 1.136176e+10
1.067477e+07 1.395231e-05 1.134674e+10
1.066693e+07 1.426941e-05 1.133194e+10
1.065920e+07 1.458650e-05 1.131735e+10
1.065157e+07 1.490360e-05 1.130297e+10
1.064405e+07 1.522070e-05 1.128878e+10
1.063663e+07 1.553780e-05 1.127480e+10
1.062930e+07 1.585490e-05 1.126100e+10
1.062207e+07 1.617199e-05 1.124738e+10
1.061493e+07 1.648909e-05 1.123395e+10
1.060787e+07 1.680619e-05 1.122069e+10
1.060091e+07 1.712329e-05 1.120760e+10
1.059403e+07 1.744039e-05 1.119468e+10
1.058724e+07 1.775748e-05 1.118192e+10
1.058052e+07 1.807458e-05 1.116933e+10
1.057389e+07 1.839168e-05 1.115688e+10
1.056733e+07 1.870878e-05 1.114459e+10
1.056085e+07 1.902588e-05 1.113245e+10
1.055445e+07 1.934297e-05 1.112045e+10
1.054811e+07 1.966007e-05 1.110860e+10
1.054185e+07 1.997717e-05 1.109688e+10
1.053566e+07 2.029427e-05 1.108529e+10
1.052953e+07 2.061136e-05 1.107384e+10
1.052346e+07 2.092846e-05 1.106250e+10
1.051746e+07 2.124556e-05 1.105129e+10
1.051152e+07 2.156266e-05 1.104020e+10
1.050564e+07 2.187976e-05 1.102923e+10
1.049982e+07 2.219685e-05 1.101837e+10
1.049405e+07 2.251395e-05 1.100762e+10
1.048835e+07 2.283105e-05 1.099698e+10
1.048270e+07 2.314815e-05 1.098646e+10
1.047710e+07 2.346525e-05 1.097604e+10
1.047156e+07 2.378234e-05 1.096572e+10
1.046607e+07 2.409944e-05 1.095550e+10
1.046063e+07 2.441654e-05 1.094539e+10
1.045524e+07 2.473364e-05 1.093538e+10
1.044991e+07 2.505074e-05 1.092546e+10
1.044462e+07 2.536783e-05 1.091563e+10
1.043938e+07 2.568493e-05 1.090590e+10
1.043418e+07 2.600203e-05 1.089626e+10
1.042904e+07 2.631913e-05 1.088671e+10
1.042394e+07 2.663623e-05 1.087725e+10
1.041888e+07 2.695332e-05 1.086788e+10
1.041387e+07 2.727042e-05 1.085859e+10
1.037528e+07 2.980720e-05 1.078719e+10
1.032616e+07 3.329528e-05 1.069660e+10
1.028104e+07 3.678336e-05 1.061368e+10
1.023208e+07 4.090563e-05 1.052401e+10
1.018052e+07 4.566210e-05 1.042996e+10
1.013042e+07 5.073567e-05 1.033891e+10
1.007907e+07 5.644343e-05 1.024596e+10
1.002720e+07 6.278539e-05 1.015245e+10
9.975273e+06 6.976154e-05 1.005920e+10
9.923366e+06 7.737189e-05 9.966363e+09
9.868031e+06 8.625063e-05 9.867813e+09
9.813972e+06 9.576357e-05 9.771949e+09
9.758152e+06 1.065449e-04 9.673392e+09
9.701459e+06 1.185946e-04 9.573740e+09
9.645822e+06 1.315956e-04 9.476385e+09
9.587590e+06 1.464992e-04 9.374955e+09
9.528891e+06 1.629883e-04 9.273194e+09
9.470185e+06 1.810629e-04 9.171908e+09
9.409456e+06 2.013572e-04 9.067643e+09
9.346601e+06 2.241882e-04 8.960278e+09
9.283259e+06 2.492390e-04 8.852647e+09
9.218527e+06 2.771436e-04 8.743243e+09
9.152418e+06 3.082192e-04 8.632125e+09
9.084536e+06 3.427829e-04 8.518674e+09
9.015034e+06 3.811517e-04 8.403198e+09
8.942958e+06 4.239599e-04 8.284172e+09
8.868070e+06 4.715246e-04 8.161291e+09
8.790257e+06 5.244800e-04 8.034462e+09
8.709946e+06 5.831431e-04 7.904472e+09
8.625889e+06 6.487823e-04 7.769413e+09
8.538778e+06 7.213978e-04 7.630524e+09
8.447356e+06 8.022577e-04 7.485939e+09
8.351292e+06 8.923135e-04 7.335319e+09
8.250696e+06 9.925165e-04 7.179029e+09
8.122908e+06 1.126966e-03 6.982619e+09
8.009954e+06 1.253805e-03 6.810996e+09
7.903118e+06 1.380644e-03 6.650390e+09
7.777532e+06 1.539193e-03 6.463744e+09
7.659833e+06 1.697742e-03 6.290932e+09
7.527408e+06 1.888001e-03 6.098951e+09
7.383626e+06 2.109970e-03 5.893458e+09
7.250045e+06 2.331938e-03 5.705310e+09
7.108404e+06 2.585616e-03 5.508731e+09
6.945785e+06 2.902714e-03 5.286763e+09
6.797131e+06 3.219812e-03 5.087359e+09
6.647570e+06 3.568620e-03 4.890117e+09
6.487011e+06 3.980847e-03 4.682173e+09
6.330867e+06 4.424784e-03 4.483745e+09
6.179787e+06 4.900431e-03 4.295341e+09
6.025808e+06 5.439498e-03 4.106970e+09
5.864207e+06 6.073694e-03 3.913259e+09
5.713486e+06 6.739599e-03 3.736292e+09
5.560618e+06 7.500634e-03 3.560471e+09
5.414354e+06 8.325089e-03 3.395726e+09
5.265760e+06 9.276383e-03 3.231863e+09
5.122101e+06 1.032281e-02 3.076806e+09
4.969636e+06 1.159120e-02 2.915892e+09
4.837808e+06 1.285959e-02 2.779816e+09
4.695655e+06 1.444508e-02 2.636279e+09
4.573455e+06 1.603057e-02 2.515560e+09
4.467053e+06 1.761606e-02 2.412467e+09
4.355940e+06 1.951865e-02 2.306830e+09
4.244325e+06 2.173833e-02 2.202805e+09
4.135463e+06 2.427511e-02 2.103374e+09
4.042079e+06 2.681190e-02 2.019686e+09
3.942336e+06 2.998288e-02 1.931911e+09
3.849285e+06 3.347095e-02 1.851557e+09
3.769907e+06 3.695903e-02 1.784193e+09
3.689568e+06 4.108130e-02 1.717130e+09
3.611045e+06 4.583777e-02 1.652673e+09
3.540104e+06 5.091134e-02 1.595369e+09
3.472335e+06 5.661910e-02 1.541456e+09
3.408698e+06 6.296106e-02 1.491570e+09
3.349417e+06 6.993721e-02 1.445746e+09
3.292492e+06 7.786466e-02 1.402335e+09
3.240705e+06 8.642631e-02 1.363345e+09
3.190629e+06 9.625634e-02 1.326102e+09
3.134105e+06 1.095745e-01 1.284607e+09
3.100233e+06 1.190874e-01 1.260018e+09
3.052969e+06 1.349423e-01 1.226010e+09
3.021466e+06 1.476262e-01 1.203569e+09
2.988096e+06 1.634811e-01 1.179995e+09
2.954930e+06 1.825070e-01 1.156769e+09
2.923380e+06 2.047038e-01 1.134863e+09
2.897593e+06 2.269007e-01 1.117094e+09
2.873450e+06 2.522685e-01 1.100570e+09
2.851453e+06 2.808073e-01 1.085609e+09
2.833666e+06 3.093461e-01 1.073577e+09
2.816263e+06 3.442269e-01 1.061862e+09
2.800283e+06 3.854496e-01 1.051154e+09
2.787940e+06 4.266724e-01 1.042916e+09
2.776955e+06 4.742371e-01 1.035608e+09
2.767506e+06 5.281437e-01 1.029340e+09
2.759558e+06 5.883923e-01 1.024081e+09
2.753216e+06 6.518119e-01 1.019893e+09
2.747640e+06 7.247444e-01 1.016216e+09
2.742792e+06 8.071899e-01 1.013025e+09
2.738681e+06 8.959773e-01 1.010323e+09
2.734883e+06 9.974486e-01 1.007828e+09
2.730495e+06 1.127459e+00 1.004950e+09
2.726936e+06 1.254298e+00 1.002618e+09
2.723892e+06 1.381137e+00 1.000626e+09
2.720617e+06 1.539686e+00 9.984836e+08
2.717746e+06 1.698235e+00 9.966079e+08
2.714675e+06 1.888494e+00 9.946032e+08
2.711463e+06 2.110462e+00 9.925082e+08
2.708554e+06 2.332431e+00 9.906124e+08
2.705167e+06 2.617819e+00 9.884068e+08
2.702093e+06 2.903207e+00 9.864075e+08
2.698975e+06 3.220305e+00 9.843812e+08
2.695831e+06 3.569113e+00 9.823393e+08
2.692427e+06 3.981340e+00 9.801314e+08
2.689066e+06 4.425277e+00 9.779534e+08
2.685538e+06 4.932634e+00 9.756694e+08
2.682087e+06 5.471700e+00 9.734373e+08
2.678521e+06 6.074186e+00 9.711335e+08
2.674704e+06 6.771802e+00 9.686700e+08
2.670850e+06 7.532837e+00 9.661848e+08
2.666972e+06 8.357291e+00 9.636881e+08
2.662803e+06 9.308585e+00 9.610063e+08
2.656029e+06 1.064040e+01 9.566563e+08
2.652292e+06 1.159169e+01 9.542604e+08
2.647596e+06 1.286008e+01 9.512529e+08
2.641881e+06 1.444557e+01 9.475988e+08
2.636162e+06 1.603106e+01 9.439485e+08
2.630296e+06 1.761655e+01 9.402104e+08
2.621602e+06 1.983624e+01 9.346826e+08
2.612115e+06 2.205592e+01 9.286668e+08
2.601600e+06 2.427561e+01 9.220191e+08
2.586301e+06 2.712949e+01 9.123840e+08
2.568795e+06 2.998337e+01 9.014135e+08
2.544229e+06 3.347145e+01 8.861172e+08
2.513279e+06 3.727662e+01 8.670090e+08
2.474991e+06 4.139889e+01 8.436239e+08
2.428568e+06 4.583827e+01 8.156470e+08
2.366822e+06 5.122893e+01 7.790406e+08
2.297220e+06 5.693669e+01 7.386082e+08
2.219098e+06 6.327865e+01 6.943587e+08
2.136362e+06 7.025481e+01 6.488131e+08
2.050388e+06 7.818225e+01 6.029304e+08
1.969690e+06 8.674390e+01 5.612165e+08
1.893147e+06 9.657393e+01 5.228715e+08
1.827104e+06 1.073553e+02 4.906981e+08
1.771473e+06 1.194050e+02 4.642145e+08
1.726302e+06 1.327231e+02 4.431898e+08
1.689483e+06 1.476267e+02 4.263725e+08
1.659431e+06 1.641158e+02 4.128598e+08
1.633903e+06 1.825075e+02 4.015334e+08
1.611269e+06 2.031188e+02 3.916074e+08
1.590714e+06 2.259499e+02 3.826885e+08
1.571699e+06 2.510006e+02 3.745191e+08
1.553340e+06 2.792223e+02 3.667058e+08
1.534476e+06 3.128347e+02 3.587533e+08
1.517560e+06 3.477155e+02 3.516880e+08
1.501351e+06 3.857672e+02 3.449764e+08
1.484791e+06 4.301609e+02 3.381786e+08
1.469240e+06 4.777256e+02 3.318492e+08
1.454599e+06 5.284613e+02 3.259393e+08
1.439260e+06 5.887099e+02 3.197977e+08
1.424408e+06 6.553005e+02 3.138684e+08
1.410154e+06 7.282330e+02 3.081774e+08
1.395909e+06 8.106784e+02 3.025370e+08
1.382320e+06 8.994659e+02 2.972004e+08
1.368687e+06 1.000000e+03 2.918891e+08
1.368675e+06 1.000095e+03 2.918846e+08
1.368663e+06 1.000191e+03 2.918799e+08
1.368652e+06 1.000286e+03 2.918754e+08
1.368641e+06 1.000382e+03 2.918713e+08
1.368633e+06 1.000477e+03 2.918682e+08
1.368628e+06 1.000573e+03 2.918661e+08
1.368626e+06 1.000668e+03 2.918654e+08
1.368627e+06 1.000764e+03 2.918659e+08
1.368632e+06 1.000859e+03 2.918676e+08
1.368639e+06 1.000955e+03 2.918705e+08
1.368649e+06 1.001051e+03 2.918743e+08
1.368661e+06 1.001146e+03 2.918790e+08
1.368675e+06 1.001241e+03 2.918844e+08
1.368691e+06 1.001338e+03 2.918906e+08
1.368708e+06 1.001433e+03 2.918971e+08
1.368726e+06 1.001528e+03 2.919041e+08
1.368745e+06 1.001623e+03 2.919115e+08
1.368765e+06 1.001720e+03 2.919192e+08
1.368785e+06 1.001815e+03 2.919271e+08
1.368806e+06 1.001910e+03 2.919351e+08
1.368827e+06 1.002007e+03 2.919433e+08
1.368848e+06 1.002102e+03 2.919515e+08
1.368869e+06 1.002197e+03 2.919598e+08
1.368890e+06 1.002292e+03 2.919680e+08
1.368912e+06 1.002389e+03 2.919763e+08
1.368933e+06 1.002484e+03 2.919845e+08
1.368954e+06 1.002579e+03 2.919926e+08
1.368975e+06 1.002676e+03 2.920008e+08
1.368995e+06 1.002771e+03 2.920088e+08
1.369016e+06 1.002866e+03 2.920166e+08
1.369036e+06 1.002963e+03 2.920245e+08
1.369056e+06 1.003058e+03 2.920321e+08
1.369075e+06 1.003153e+03 2.920397e+08
1.369094e+06 1.003250e+03 2.920472e+08
1.369113e+06 1.003345e+03 2.920544e+08
1.369132e+06 1.003442e+03 2.920617e+08
1.369150e+06 1.003537e+03 2.920687e+08
1.369168e+06 1.003632e+03 2.920756e+08
1.369185e+06 1.003729e+03 2.920824e+08
1.369202e+06 1.003824e+03 2.920890e+08
1.369219e+06 1.003921e+03 2.920956e+08
1.369236e+06 1.004016e+03 2.921020e+08
1.369252e+06 1.004111e+03 2.921082e+08
1.369268e+06 1.004208e+03 2.921144e+08
1.369283e+06 1.004303e+03 2.921203e+08
1.369298e+06 1.004400e+03 2.921262e+08
1.369313e+06 1.004495e+03 2.921319e+08
1.369327e+06 1.004591e+03 2.921376e+08
1.369341e+06 1.004687e+03 2.921430e+08
1.369355e+06 1.004783e+03 2.921484e+08
1.369369e+06 1.004878e+03 2.921536e+08
1.369382e+06 1.004974e+03 2.921587e+08
1.369395e+06 1.005070e+03 2.921638e+08
1.369407e+06 1.005165e+03 2.921686e+08
1.369420e+06 1.005262e+03 2.921734e+08
1.369432e+06 1.005357e+03 2.921781e+08
1.369444e+06 1.005454e+03 2.921827e+08
1.369455e+06 1.005549e+03 2.921871e+08
1.369466e+06 1.005646e+03 2.921915e+08
1.369477e+06 1.005741e+03 2.921957e+08
1.369488e+06 1.005838e+03 2.921999e+08
1.369498e+06 1.005933e+03 2.922039e+08
1.369508e+06 1.006029e+03 2.922078e+08
1.369518e+06 1.006126e+03 2.922117e+08
1.369528e+06 1.006221e+03 2.922155e+08
1.369537e+06 1.006318e+03 2.922191e+08
1.369547e+06 1.006413e+03 2.922227e+08
1.369556e+06 1.006510e+03 2.922262e+08
1.369564e+06 1.006605e+03 2.922295e+08
1.369573e+06 1.006702e+03 2.922329e+08
1.369581e+06 1.006797e+03 2.922361e+08
1.369589e+06 1.006894e+03 2.922392e+08
1.369597e+06 1.006990e+03 2.922423e+08
1.369605e+06 1.007085e+03 2.922453e+08
1.369612e+06 1.007182e+03 2.922482e+08
1.369619e+06 1.007277e+03 2.922510e+08
1.369627e+06 1.007374e+03 2.922537e+08
1.369633e+06 1.007471e+03 2.922564e+08
1.369640e+06 1.007566e+03 2.922590e+08
1.369647e+06 1.007662e+03 2.922615e+08
1.369653e+06 1.007759e+03 2.922640e+08
1.369659e+06 1.007854e+03 2.922663e+08
1.369665e+06 1.007951e+03 2.922687e+08
1.369671e+06 1.008048e+03 2.922709e+08
1.369676e+06 1.008143e+03 2.922731e+08
1.369682e+06 1.008240e+03 2.922752e+08
1.369687e+06 1.008336e+03 2.922772e+08
1.369692e+06 1.008431e+03 2.922792e+08
1.369697e+06 1.008528e+03 2.922811e+08
1.369702e+06 1.008625e+03 2.922830e+08
1.369707e+06 1.008720e+03 2.922848e+08
1.369711e+06 1.008817e+03 2.922865e+08
1.369715e+06 1.008913e+03 2.922882e+08
1.369719e+06 1.009009e+03 2.922898e+08
1.369724e+06 1.009105e+03 2.922914e+08
1.369727e+06 1.009202e+03 2.922929e+08
1.369731e+06 1.009299e+03 2.922943e+08
1.369735e+06 1.009394e+03 2.922957e+08
1.369738e+06 1.009491e+03 2.922971e+08
1.369741e+06 1.009587e+03 2.922983e+08
1.369745e+06 1.009684e+03 2.922996e+08
1.369748e+06 1.009779e+03 2.923008e+08
1.369751e+06 1.009876e+03 2.923019e+08
1.369753e+06 1.009973e+03 2.923030e+08
1.369756e+06 1.010071e+03 2.923040e+08
1.369759e+06 1.010166e+03 2.923050e+08
1.369761e+06 1.010261e+03 2.923059e+08
1.369763e+06 1.010359e+03 2.923068e+08
1.369765e+06 1.010455e+03 2.923076e+08
1.369767e+06 1.010553e+03 2.923084e+08
1.369769e+06 1.010648e+03 2.923092e+08
1.369771e+06 1.010743e+03 2.923099e+08
1.369773e+06 1.010841e+03 2.923105e+08
1.369774e+06 1.010937e+03 2.923111e+08
1.369776e+06 1.011035e+03 2.923117e+08
1.369777e+06 1.011130e+03 2.923122e+08
1.369778e+06 1.011225e+03 2.923127e+08
1.369780e+06 1.011323e+03 2.923132e+08
1.369781e+06 1.011419e+03 2.923135e+08
1.369782e+06 1.011517e+03 2.923139e+08
1.369782e+06 1.011612e+03 2.923142e+08
1.369783e+06 1.011710e+03 2.923145e+08
1.369784e+06 1.011805e+03 2.923147e+08
1.369784e+06 1.011904e+03 2.923149e+08
1.369785e+06 1.011999e+03 2.923151e+08
1.369785e+06 1.012094e+03 2.923152e+08
1.369785e+06 1.012192e+03 2.923153e+08
1.369785e+06 1.012287e+03 2.923154e+08
1.369785e+06 1.012386e+03 2.923154e+08
1.369785e+06 1.012481e+03 2.923153e+08
1.369785e+06 1.012579e+03 2.923153e+08
1.369785e+06 1.012674e+03 2.923152e+08
1.369785e+06 1.012773e+03 2.923151e+08
1.369784e+06 1.012868e+03 2.923149e+08
1.369784e+06 1.012966e+03 2.923147e+08
1.369783e+06 1.013061e+03 2.923145e+08
1.369782e+06 1.013159e+03 2.923142e+08
1.369782e+06 1.013255e+03 2.923139e+08
1.369781e+06 1.013353e+03 2.923135e+08
1.369780e+06 1.013448e+03 2.923132e+08
1.369779e+06 1.013543e+03 2.923128e+08
1.369778e+06 1.013641e+03 2.923124e+08
1.369776e+06 1.013737e+03 2.923119e+08
1.369775e+06 1.013835e+03 2.923114e+08
1.369774e+06 1.013933e+03 2.923109e+08
1.369772e+06 1.014028e+03 2.923103e+08
1.369771e+06 1.014127e+03 2.923097e+08
1.369769e+06 1.014222e+03 2.923091e+08
1.369768e+06 1.014320e+03 2.923085e+08
1.369766e+06 1.014415e+03 2.923078e+08
1.369764e+06 1.014513e+03 2.923071e+08
1.369762e+06 1.014609e+03 2.923064e+08
1.369760e+06 1.014707e+03 2.923056e+08
1.369758e+06 1.014802e+03 2.923048e+08
1.369756e+06 1.014900e+03 2.923040e+08
1.369754e+06 1.014995e+03 2.923032e+08
1.369752e+06 1.015094e+03 2.923023e+08
1.369749e+06 1.015189e+03 2.923014e+08
1.369747e+06 1.015287e+03 2.923005e+08
1.369745e+06 1.015382e+03 2.922995e+08
1.369742e+06 1.015481e+03 2.922985e+08
1.369739e+06 1.015579e+03 2.922975e+08
1.369737e+06 1.015674e+03 2.922965e+08
1.369734e+06 1.015772e+03 2.922955e+08
1.369731e+06 1.015867e+03 2.922944e+08
1.369728e+06 1.015966e+03 2.922933e+08
1.369726e+06 1.016061e+03 2.922922e+08
1.369723e+06 1.016159e+03 2.922910e+08
1.369720e+06 1.016254e+03 2.922898e+08
1.369716e+06 1.016353e+03 2.922886e+08
1.369713e+06 1.016451e+03 2.922874e+08
1.369710e+06 1.016546e+03 2.922861e+08
1.369707e+06 1.016644e+03 2.922849e+08
1.369703e+06 1.016739e+03 2.922836e+08
1.369700e+06 1.016838e+03 2.922822e+08
1.369697e+06 1.016936e+03 2.922809e+08
1.369693e+06 1.017031e+03 2.922795e+08
1.369689e+06 1.017129e+03 2.922781e+08
1.369686e+06 1.017225e+03 2.922768e+08
1.369682e+06 1.017323e+03 2.922753e+08
1.369678e+06 1.017421e+03 2.922738e+08
1.369675e+06 1.017516e+03 2.922724e+08
1.369671e+06 1.017615e+03 2.922709e+08
1.369667e+06 1.017710e+03 2.922694e+08
1.369663e+06 1.017808e+03 2.922678e+08
1.369659e+06 1.017906e+03 2.922662e+08
1.369655e+06 1.018001e+03 2.922647e+08
1.369651e+06 1.018100e+03 2.922631e+08
1.369646e+06 1.018198e+03 2.922614e+08
1.369642e+06 1.018293e+03 2.922598e+08
1.369638e+06 1.018392e+03 2.922581e+08
1.369633e+06 1.018490e+03 2.922564e+08
1.369629e+06 1.018585e+03 2.922547e+08
1.369625e+06 1.018683e+03 2.922530e+08
1.369620e+06 1.018778e+03 2.922513e+08
1.369616e+06 1.018877e+03 2.922495e+08
1.369611e+06 1.018975e+03 2.922477e+08
1.369607e+06 1.019070e+03 2.922459e+08
1.369602e+06 1.019168e+03 2.922441e+08
1.369597e+06 1.019267e+03 2.922422e+08
1.369592e+06 1.019362e+03 2.922404e+08
1.369587e+06 1.019460e+03 2.922385e+08
1.369582e+06 1.019558e+03 2.922366e+08
1.369578e+06 1.019654e+03 2.922347e+08
1.369573e+06 1.019752e+03 2.922328e+08
1.369568e+06 1.019850e+03 2.922308e+08
1.369563e+06 1.019945e+03 2.922289e+08
1.369557e+06 1.020044e+03 2.922269e+08
1.369552e+06 1.020142e+03 2.922249e+08
1.369547e+06 1.020240e+03 2.922228e+08
1.369542e+06 1.020335e+03 2.922208e+08
1.369537e+06 1.020434e+03 2.922188e+08
1.369531e+06 1.020532e+03 2.922167e+08
1.369526e+06 1.020627e+03 2.922146e+08
1.369520e+06 1.020725e+03 2.922125e+08
1.369515e+06 1.020824e+03 2.922104e+08
1.369509e+06 1.020922e+03 2.922082e+08
1.369504e+06 1.021017e+03 2.922061e+08
1.369498e+06 1.021115e+03 2.922039e+08
1.369493e+06 1.021214e+03 2.922017e+08
1.369487e+06 1.021309e+03 2.921996e+08
1.369481e+06 1.021407e+03 2.921973e+08
1.369475e+06 1.021505e+03 2.921951e+08
1.369470e+06 1.021604e+03 2.921928e+08
1.369464e+06 1.021699e+03 2.921906e+08
1.369458e+06 1.021797e+03 2.921883e+08
1.369452e+06 1.021895e+03 2.921860e+08
1.369446e+06 1.021994e+03 2.921837e+08
1.369440e+06 1.022089e+03 2.921814e+08
1.369434e+06 1.022187e+03 2.921790e+08
1.369428e+06 1.022285e+03 2.921767e+08
1.369422e+06 1.022384e+03 2.921743e+08
1.369416e+06 1.022479e+03 2.921719e+08
1.369410e+06 1.022577e+03 2.921695e+08
1.369403e+06 1.022675e+03 2.921671e+08
1.369397e+06 1.022774e+03 2.921646e+08
1.369391e+06 1.022869e+03 2.921623e+08
1.369385e+06 1.022967e+03 2.921598e+08
1.369378e+06 1.023066e+03 2.921573e+08
1.369372e+06 1.023164e+03 2.921548e+08
1.369365e+06 1.023262e+03 2.921523e+08
1.369359e+06 1.023357e+03 2.921498e+08
1.369352e+06 1.023456e+03 2.921473e+08
1.369346e+06 1.023554e+03 2.921447e+08
1.369339e+06 1.023652e+03 2.921422e+08
1.369332e+06 1.023750e+03 2.921396e+08
1.369326e+06 1.023846e+03 2.921371e+08
1.369319e+06 1.023944e+03 2.921345e+08
1.369313e+06 1.024042e+03 2.921318e+08
1.369306e+06 1.024140e+03 2.921292e+08
1.369299e+06 1.024239e+03 2.921266e+08
1.369292e+06 1.024334e+03 2.921240e+08
1.369285e+06 1.024432e+03 2.921213e+08
1.369279e+06 1.024531e+03 2.921186e+08
1.369272e+06 1.024629e+03 2.921159e+08
1.369265e+06 1.024727e+03 2.921132e+08
1.369258e+06 1.024825e+03 2.921105e+08
1.369251e+06 1.024921e+03 2.921078e+08
1.369244e+06 1.025019e+03 2.921051e+08
1.369237e+06 1.025117e+03 2.921023e+08
1.369229e+06 1.025215e+03 2.920996e+08
1.369222e+06 1.025314e+03 2.920968e+08
1.369215e+06 1.025412e+03 2.920940e+08
1.369208e+06 1.025507e+03 2.920913e+08
1.369201e+06 1.025605e+03 2.920885e+08
1.369194e+06 1.025704e+03 2.920856e+08
1.369186e+06 1.025802e+03 2.920828e+08
1.369179e+06 1.025900e+03 2.920799e+08
1.369172e+06 1.025999e+03 2.920771e+08
1.369164e+06 1.026097e+03 2.920742e+08
1.369157e+06 1.026192e+03 2.920714e+08
1.369149e+06 1.026290e+03 2.920685e+08
1.369142e+06 1.026389e+03 2.920656e+08
1.369134e+06 1.026487e+03 2.920627e+08
1.369127e+06 1.026585e+03 2.920598e+08
1.369119e+06 1.026684e+03 2.920568e+08
1.369112e+06 1.026782e+03 2.920539e+08
1.369104e+06 1.026880e+03 2.920509e+08
1.369096e+06 1.026979e+03 2.920480e+08
1.369089e+06 1.027074e+03 2.920451e+08
1.369081e+06 1.027172e+03 2.920421e+08
1.369074e+06 1.027270e+03 2.920391e+08
1.369066e+06 1.027369e+03 2.920361e+08
1.369058e+06 1.027467e+03 2.920331e+08
1.369050e+06 1.027565e+03 2.920300e+08
1.369042e+06 1.027663e+03 2.920270e+08
1.369035e+06 1.027762e+03 2.920240e+08
1.369027e+06 1.027860e+03 2.920209e+08
1.369019e+06 1.027958e+03 2.920178e+08
1.369011e+06 1.028057e+03 2.920147e+08
1.369003e+06 1.028155e+03 2.920117e+08
1.368995e+06 1.028253e+03 2.920086e+08
1.368987e+06 1.028348e+03 2.920056e+08
1.368979e+06 1.028447e+03 2.920024e+08
1.368971e+06 1.028545e+03 2.919993e+08
1.368963e+06 1.028643e+03 2.919962e+08
1.368955e+06 1.028742e+03 2.919930e+08
1.368947e+06 1.028840e+03 2.919899e+08
1.368939e+06 1.028938e+03 2.919867e+08
1.368930e+06 1.029036e+03 2.919835e+08
1.368922e+06 1.029135e+03 2.919804e+08
1.368914e+06 1.029233e+03 2.919772e+08
1.368906e+06 1.029331e+03 2.919740e+08
1.368898e+06 1.029430e+03 2.919708e+08
1.368889e+06 1.029528e+03 2.919676e+08
1.368881e+06 1.029626e+03 2.919643e+08
1.368873e+06 1.029725e+03 2.919611e+08
1.368864e+06 1.029823e+03 2.919579e+08
1.368856e+06 1.029921e+03 2.919546e+08
1.368848e+06 1.030019e+03 2.919514e+08
1.368839e+06 1.030118e+03 2.919481e+08
1.368831e+06 1.030216e+03 2.919448e+08
1.368822e+06 1.030314e+03 2.919415e+08
1.368814e+06 1.030413e+03 2.919382e+08
1.368805e+06 1.030511e+03 2.919349e+08
1.368797e+06 1.030609e+03 2.919316e+08
1.368788e+06 1.030708e+03 2.919283e+08
1.368780e+06 1.030806e+03 2.919250e+08
1.368771e+06 1.030904e+03 2.919217e+08
1.368762e+06 1.031002e+03 2.919183e+08
1.368754e+06 1.031101e+03 2.919150e+08
1.368745e+06 1.031199e+03 2.919116e+08
1.368736e+06 1.031297e+03 2.919083e+08
1.368728e+06 1.031396e+03 2.919049e+08
1.368719e+06 1.031494e+03 2.919015e+08
1.368710e+06 1.031592e+03 2.918981e+08
1.368702e+06 1.031691e+03 2.918948e+08
1.368693e+06 1.031789e+03 2.918914e+08
1.368684e+06 1.031887e+03 2.918880e+08
1.368675e+06 1.031985e+03 2.918845e+08
1.368666e+06 1.032084e+03 2.918811e+08
1.368658e+06 1.032182e+03 2.918777e+08
1.368649e+06 1.032280e+03 2.918743e+08
1.368640e+06 1.032379e+03 2.918708e+08
1.368631e+06 1.032480e+03 2.918673e+08
1.368622e+06 1.032578e+03 2.918638e+08
1.368613e+06 1.032677e+03 2.918603e+08
1.368604e+06 1.032775e+03 2.918569e+08
1.368595e+06 1.032873e+03 2.918534e+08
1.368586e+06 1.032972e+03 2.918499e+08
1.368577e+06 1.033070e+03 2.918464e+08
1.368568e+06 1.033168e+03 2.918429e+08
1.368559e+06 1.033267e+03 2.918394e+08
1.368550e+06 1.033365e+03 2.918359e+08
1.368541e+06 1.033463e+03 2.918324e+08
1.368532e+06 1.033561e+03 2.918289e+08
1.368522e+06 1.033663e+03 2.918252e+08
1.368513e+06 1.033761e+03 2.918217e+08
1.368504e+06 1.033860e+03 2.918182e+08
1.368495e+06 1.033958e+03 2.918146e+08
1.368486e+06 1.034056e+03 2.918110e+08
1.368477e+06 1.034154e+03 2.918075e+08
1.368468e+06 1.034253e+03 2.918039e+08
1.368458e+06 1.034351e+03 2.918003e+08
1.368449e+06 1.034449e+03 2.917968e+08
1.368440e+06 1.034551e+03 2.917931e+08
1.368430e+06 1.034649e+03 2.917895e+08
1.368421e+06 1.034747e+03 2.917859e+08
1.368412e+06 1.034846e+03 2.917823e+08
1.368402e+06 1.034944e+03 2.917787e+08
1.368393e+06 1.035042e+03 2.917751e+08
1.368384e+06 1.035141e+03 2.917714e+08
1.368374e+06 1.035239e+03 2.917678e+08
1.368365e+06 1.035340e+03 2.917641e+08
1.368355e+06 1.035439e+03 2.917604e+08
1.368346e+06 1.035537e+03 2.917568e+08
1.368337e+06 1.035635e+03 2.917531e+08
1.368327e+06 1.035734e+03 2.917495e+08
1.368318e+06 1.035832e+03 2.917458e+08
1.368308e+06 1.035933e+03 2.917420e+08
1.368298e+06 1.036032e+03 2.917384e+08
1.368289e+06 1.036130e+03 2.917347e+08
1.368280e+06 1.036228e+03 2.917310e+08
1.368270e+06 1.036327e+03 2.917273e+08
1.368260e+06 1.036425e+03 2.917236e+08
1.368251e+06 1.036526e+03 2.917198e+08
1.368241e+06 1.036625e+03 2.917161e+08
1.368232e+06 1.036723e+03 2.917124e+08
1.368222e+06 1.036821e+03 2.917087e+08
1.368212e+06 1.036920e+03 2.917050e+08
1.368202e+06 1.037021e+03 2.917011e+08
1.368193e+06 1.037119e+03 2.916974e+08
1.368183e+06 1.037218e+03 2.916937e+08
1.368174e+06 1.037316e+03 2.916899e+08
1.368164e+06 1.037414e+03 2.916862e+08
1.368154e+06 1.037516e+03 2.916823e+08
1.368144e+06 1.037614e+03 2.916785e+08
1.368135e+06 1.037712e+03 2.916748e+08
1.368125e+06 1.037811e+03 2.916710e+08
1.368115e+06 1.037912e+03 2.916671e+08
1.368105e+06 1.038010e+03 2.916634e+08
1.368095e+06 1.038109e+03 2.916596e+08
1.368086e+06 1.038207e+03 2.916558e+08
1.368076e+06 1.038305e+03 2.916520e+08
1.368066e+06 1.038407e+03 2.916481e+08
1.368056e+06 1.038505e+03 2.916443e+08
1.368046e+06 1.038603e+03 2.916405e+08
1.368036e+06 1.038702e+03 2.916367e+08
1.368026e+06 1.038803e+03 2.916328e+08
1.368016e+06 1.038901e+03 2.916290e+08
1.368007e+06 1.039000e+03 2.916251e+08
1.367996e+06 1.039101e+03 2.916212e+08
1.367987e+06 1.039199e+03 2.916174e+08
1.367977e+06 1.039298e+03 2.916135e+08
1.367967e+06 1.039396e+03 2.916097e+08
1.367957e+06 1.039498e+03 2.916057e+08
1.367947e+06 1.039596e+03 2.916019e+08
1.367937e+06 1.039694e+03 2.915980e+08
1.367927e+06 1.039792e+03 2.915942e+08
1.367917e+06 1.039894e+03 2.915902e+08
1.367907e+06 1.039992e+03 2.915864e+08
1.367897e+06 1.040091e+03 2.915825e+08
1.367886e+06 1.040192e+03 2.915785e+08
1.367876e+06 1.040290e+03 2.915746e+08
1.367866e+06 1.040389e+03 2.915707e+08
1.367856e+06 1.040487e+03 2.915669e+08
1.367846e+06 1.040588e+03 2.915629e+08
1.367836e+06 1.040687e+03 2.915590e+08
1.367826e+06 1.040785e+03 2.915551e+08
1.367816e+06 1.040886e+03 2.915511e+08
1.367806e+06 1.040985e+03 2.915472e+08
1.367795e+06 1.041083e+03 2.915433e+08
1.367785e+06 1.041185e+03 2.915392e+08
1.367775e+06 1.041283e+03 2.915353e+08
1.367765e+06 1.041381e+03 2.915314e+08
1.367754e+06 1.041483e+03 2.915274e+08
1.367744e+06 1.041581e+03 2.915234e+08
1.367734e+06 1.041679e+03 2.915195e+08
1.367724e+06 1.041781e+03 2.915154e+08
1.367714e+06 1.041879e+03 2.915115e+08
1.367703e+06 1.041977e+03 2.915076e+08
1.367693e+06 1.042079e+03 2.915035e+08
1.367683e+06 1.042177e+03 2.914996e+08
1.367673e+06 1.042275e+03 2.914956e+08
1.367662e+06 1.042377e+03 2.914915e+08
1.367652e+06 1.042475e+03 2.914876e+08
1.367641e+06 1.042577e+03 2.914835e+08
1.367631e+06 1.042675e+03 2.914795e+08
1.367621e+06 1.042773e+03 2.914756e+08
1.367610e+06 1.042875e+03 2.914715e+08
1.367600e+06 1.042973e+03 2.914675e+08
1.367590e+06 1.043071e+03 2.914635e+08
1.367579e+06 1.043173e+03 2.914594e+08
1.367569e+06 1.043271e+03 2.914555e+08
1.367558e+06 1.043372e+03 2.914514e+08
1.367548e+06 1.043471e+03 2.914474e+08
1.367538e+06 1.043569e+03 2.914434e+08
1.367527e+06 1.043671e+03 2.914393e+08
1.367517e+06 1.043769e+03 2.914353e+08
1.367506e+06 1.043870e+03 2.914311e+08
1.367496e+06 1.043969e+03 2.914271e+08
1.367486e+06 1.044067e+03 2.914231e+08
1.367475e+06 1.044168e+03 2.914190e+08
1.367465e+06 1.044267e+03 2.914150e+08
1.367454e+06 1.044368e+03 2.914108e+08
1.367444e+06 1.044466e+03 2.914068e+08
1.367433e+06 1.044568e+03 2.914027e+08
1.367423e+06 1.044666e+03 2.913986e+08
1.367412e+06 1.044765e+03 2.913946e+08
1.367401e+06 1.044866e+03 2.913905e+08
1.367391e+06 1.044964e+03 2.913864e+08
1.367380e+06 1.045066e+03 2.913823e+08
1.367370e+06 1.045164e+03 2.913782e+08
1.367359e+06 1.045266e+03 2.913741e+08
1.367349e+06 1.045364e+03 2.913700e+08
1.367338e+06 1.045462e+03 2.913660e+08
1.367327e+06 1.045564e+03 2.913618e+08
1.367317e+06 1.045662e+03 2.913577e+08
1.367306e+06 1.045763e+03 2.913536e+08
1.367296e+06 1.045862e+03 2.913495e+08
1.367285e+06 1.045963e+03 2.913453e+08
1.367274e+06 1.046061e+03 2.913413e+08
1.367264e+06 1.046163e+03 2.913371e+08
1.367253e+06 1.046261e+03 2.913330e+08
1.367242e+06 1.046363e+03 2.913288e+08
1.367232e+06 1.046461e+03 2.913247e+08
1.367221e+06 1.046562e+03 2.913205e+08
1.367211e+06 1.046661e+03 2.913165e+08
1.367200e+06 1.046762e+03 2.913122e+08
1.367189e+06 1.046861e+03 2.913082e+08
1.367178e+06 1.046962e+03 2.913039e+08
1.367168e+06 1.047060e+03 2.912999e+08
1.367157e+06 1.047162e+03 2.912956e+08
1.367146e+06 1.047260e+03 2.912916e+08
1.367135e+06 1.047362e+03 2.912873e+08
1.367125e+06 1.047460e+03 2.912832e+08
1.367114e+06 1.047561e+03 2.912790e+08
1.367103e+06 1.047660e+03 2.912749e+08
1.367092e+06 1.047761e+03 2.912707e+08
1.367082e+06 1.047859e+03 2.912666e+08
1.367071e+06 1.047961e+03 2.912623e+08
1.367060e+06 1.048059e+03 2.912582e+08
1.367049e+06 1.048161e+03 2.912540e+08
1.367039e+06 1.048259e+03 2.912499e+08
1.367028e+06 1.048360e+03 2.912456e+08
1.367017e+06 1.048459e+03 2.912415e+08
1.367006e+06 1.048560e+03 2.912373e+08
1.366995e+06 1.048662e+03 2.912330e+08
1.366985e+06 1.048760e+03 2.912289e+08
1.366974e+06 1.048861e+03 2.912246e+08
1.366963e+06 1.048960e+03 2.912205e+08
1.366952e+06 1.049061e+03 2.912162e+08
1.366941e+06 1.049160e+03 2.912121e+08
1.366930e+06 1.049261e+03 2.912078e+08
1.366919e+06 1.049362e+03 2.912036e+08
1.366909e+06 1.049461e+03 2.911994e+08
1.366898e+06 1.049562e+03 2.911951e+08
1.366887e+06 1.049661e+03 2.911910e+08
1.366876e+06 1.049762e+03 2.911867e+08
1.366865e+06 1.049860e+03 2.911826e+08
1.366854e+06 1.049962e+03 2.911783e+08
1.366843e+06 1.050066e+03 2.911739e+08
1.366832e+06 1.050168e+03 2.911696e+08
1.366821e+06 1.050269e+03 2.911653e+08
1.366809e+06 1.050371e+03 2.911610e+08
1.366798e+06 1.050472e+03 2.911567e+08
1.366787e+06 1.050574e+03 2.911524e+08
1.366778e+06 1.050663e+03 2.911487e+08
1.366767e+06 1.050764e+03 2.911444e+08
1.366755e+06 1.050866e+03 2.911401e+08
1.366744e+06 1.050967e+03 2.911358e+08
1.366733e+06 1.051068e+03 2.911315e+08
1.366722e+06 1.051170e+03 2.911272e+08
1.366711e+06 1.051271e+03 2.911229e+08
1.366700e+06 1.051373e+03 2.911186e+08
1.366689e+06 1.051474e+03 2.911142e+08
1.366678e+06 1.051576e+03 2.911099e+08
1.366668e+06 1.051665e+03 2.911062e+08
1.366657e+06 1.051766e+03 2.911018e+08
1.366646e+06 1.051868e+03 2.910975e+08
1.366635e+06 1.051969e+03 2.910932e+08
1.366623e+06 1.052070e+03 2.910889e+08
1.366612e+06 1.052172e+03 2.910846e+08
1.366601e+06 1.052273e+03 2.910803e+08
1.366590e+06 1.052375e+03 2.910759e+08
1.366579e+06 1.052476e+03 2.910716e+08
1.366568e+06 1.052578e+03 2.910673e+08
1.366556e+06 1.052679e+03 2.910629e+08
1.366545e+06 1.052781e+03 2.910586e+08
1.366535e+06 1.052870e+03 2.910548e+08
1.366524e+06 1.052971e+03 2.910505e+08
1.366513e+06 1.053073e+03 2.910462e+08
1.366502e+06 1.053174e+03 2.910418e+08
1.366491e+06 1.053275e+03 2.910375e+08
1.366480e+06 1.053377e+03 2.910331e+08
1.366468e+06 1.053478e+03 2.910288e+08
1.366457e+06 1.053580e+03 2.910245e+08
1.366446e+06 1.053681e+03 2.910201e+08
1.366435e+06 1.053783e+03 2.910158e+08
1.366423e+06 1.053884e+03 2.910114e+08
1.366412e+06 1.053986e+03 2.910071e+08
1.366401e+06 1.054087e+03 2.910027e+08
1.366391e+06 1.054176e+03 2.909989e+08
1.366380e+06 1.054277e+03 2.909946e+08
1.366369e+06 1.054379e+03 2.909902e+08
1.366358e+06 1.054480e+03 2.909859e+08
1.366346e+06 1.054582e+03 2.909815e+08
1.366335e+06 1.054683e+03 2.909772e+08
1.366324e+06 1.054785e+03 2.909728e+08
1.366313e+06 1.054886e+03 2.909684e+08
1.366301e+06 1.054988e+03 2.909641e+08
1.366290e+06 1.055089e+03 2.909597e+08
1.366279e+06 1.055191e+03 2.909554e+08
1.366267e+06 1.055292e+03 2.909510e+08
1.366256e+06 1.055394e+03 2.909466e+08
1.366245e+06 1.055495e+03 2.909423e+08
1.366234e+06 1.055597e+03 2.909379e+08
1.366222e+06 1.055698e+03 2.909335e+08
1.366213e+06 1.055787e+03 2.909297e+08
1.366201e+06 1.055888e+03 2.909253e+08
1.366190e+06 1.055990e+03 2.909210e+08
1.366179e+06 1.056091e+03 2.909166e+08
1.366167e+06 1.056193e+03 2.909122e+08
1.366156e+06 1.056294e+03 2.909078e+08
1.366145e+06 1.056396e+03 2.909035e+08
1.366133e+06 1.056497e+03 2.908991e+08
1.366122e+06 1.056599e+03 2.908947e+08
1.366111e+06 1.056700e+03 2.908903e+08
1.366100e+06 1.056802e+03 2.908859e+08
1.366088e+06 1.056903e+03 2.908815e+08
1.366077e+06 1.057005e+03 2.908772e+08
1.366066e+06 1.057106e+03 2.908728e+08
1.366054e+06 1.057207e+03 2.908684e+08
1.366043e+06 1.057309e+03 2.908640e+08
1.366032e+06 1.057410e+03 2.908596e+08
1.366020e+06 1.057512e+03 2.908552e+08
1.366009e+06 1.057613e+03 2.908508e+08
1.365999e+06 1.057702e+03 2.908470e+08
1.365988e+06 1.057804e+03 2.908426e+08
1.365976e+06 1.057905e+03 2.908382e+08
1.365965e+06 1.058007e+03 2.908338e+08
1.365954e+06 1.058108e+03 2.908294e+08
1.365942e+06 1.058209e+03 2.908250e+08
1.365931e+06 1.058311e+03 2.908206e+08
1.365920e+06 1.058412e+03 2.908162e+08
1.365908e+06 1.058514e+03 2.908118e+08
1.365897e+06 1.058615e+03 2.908074e+08
1.365886e+06 1.058717e+03 2.908030e+08
1.365874e+06 1.058818e+03 2.907986e+08
1.365863e+06 1.058920e+03 2.907942e+08
1.365851e+06 1.059021e+03 2.907898e+08
1.365840e+06 1.059123e+03 2.907854e+08
1.365829e+06 1.059224e+03 2.907810e+08
1.365817e+06 1.059326e+03 2.907766e+08
1.365806e+06 1.059427e+03 2.907722e+08
1.365795e+06 1.059529e+03 2.907678e+08
1.365783e+06 1.059630e+03 2.907634e+08
1.365772e+06 1.059732e+03 2.907590e+08
1.365760e+06 1.059833e+03 2.907546e+08
1.365749e+06 1.059935e+03 2.907502e+08
1.365738e+06 1.060036e+03 2.907458e+08
1.365726e+06 1.060137e+03 2.907414e+08
1.365715e+06 1.060239e+03 2.907369e+08
1.365704e+06 1.060340e+03 2.907325e+08
1.365692e+06 1.060442e+03 2.907281e+08
1.365681e+06 1.060543e+03 2.907237e+08
1.365669e+06 1.060645e+03 2.907193e+08
1.365659e+06 1.060734e+03 2.907154e+08
1.365648e+06 1.060835e+03 2.907110e+08
1.365637e+06 1.060937e+03 2.907066e+08
1.365625e+06 1.061038e+03 2.907022e+08
1.365614e+06 1.061139e+03 2.906977e+08
1.365602e+06 1.061241e+03 2.906933e+08
1.365591e+06 1.061342e+03 2.906889e+08
1.365579e+06 1.061444e+03 2.906845e+08
1.365568e+06 1.061545e+03 2.906801e+08
1.365557e+06 1.061647e+03 2.906756e+08
1.365545e+06 1.061748e+03 2.906712e+08
1.365534e+06 1.061850e+03 2.906668e+08
1.365522e+06 1.061951e+03 2.906624e+08
1.365511e+06 1.062053e+03 2.906580e+08
1.365500e+06 1.062154e+03 2.906535e+08
1.365488e+06 1.062256e+03 2.906491e+08
1.365477e+06 1.062357e+03 2.906447e+08
1.365465e+06 1.062459e+03 2.906403e+08
1.365454e+06 1.062560e+03 2.906358e+08
1.365442e+06 1.062662e+03 2.906314e+08
1.365431e+06 1.062763e+03 2.906270e+08
1.365419e+06 1.062864e+03 2.906225e+08
1.365408e+06 1.062966e+03 2.906181e+08
1.365397e+06 1.063067e+03 2.906137e+08
1.365385e+06 1.063169e+03 2.906092e+08
1.365374e+06 1.063270e+03 2.906048e+08
1.365362e+06 1.063372e+03 2.906004e+08
1.365351e+06 1.063473e+03 2.905960e+08
1.365339e+06 1.063575e+03 2.905915e+08
1.365328e+06 1.063676e+03 2.905871e+08
1.365316e+06 1.063778e+03 2.905827e+08
1.365305e+06 1.063879e+03 2.905782e+08
1.365294e+06 1.063981e+03 2.905738e+08
1.365282e+06 1.064082e+03 2.905694e+08
1.365271e+06 1.064184e+03 2.905649e+08
1.365259e+06 1.064285e+03 2.905605e+08
1.365248e+06 1.064387e+03 2.905560e+08
1.365236e+06 1.064488e+03 2.905516e+08
1.365225e+06 1.064590e+03 2.905472e+08
1.365213e+06 1.064691e+03 2.905427e+08
1.365202e+06 1.064792e+03 2.905383e+08
1.365190e+06 1.064894e+03 2.905339e+08
1.365179e+06 1.064995e+03 2.905294e+08
1.365168e+06 1.065097e+03 2.905250e+08
1.365156e+06 1.065198e+03 2.905205e+08
1.365145e+06 1.065300e+03 2.905161e+08
1.365133e+06 1.065401e+03 2.905117e+08
1.365122e+06 1.065503e+03 2.905072e+08
1.365110e+06 1.065604e+03 2.905028e+08
1.365099e+06 1.065706e+03 2.904983e+08
1.365087e+06 1.065807e+03 2.904939e+08
1.365076e+06 1.065909e+03 2.904894e+08
1.365064e+06 1.066010e+03 2.904850e+08
1.365053e+06 1.066112e+03 2.904806e+08
1.365041e+06 1.066213e+03 2.904761e+08
1.365030e+06 1.066315e+03 2.904717e+08
1.365018e+06 1.066416e+03 2.904672e+08
1.365005e+06 1.066530e+03 2.904622e+08
1.364994e+06 1.066632e+03 2.904578e+08
1.364983e+06 1.066733e+03 2.904533e+08
1.364971e+06 1.066835e+03 2.904489e+08
1.364960e+06 1.066936e+03 2.904444e+08
1.364948e+06 1.067037e+03 2.904400e+08
1.364937e+06 1.067139e+03 2.904356e+08
1.364925e+06 1.067240e+03 2.904311e+08
1.364914e+06 1.067342e+03 2.904267e+08
1.364902e+06 1.067443e+03 2.904222e+08
1.364891e+06 1.067545e+03 2.904178e+08
1.364879e+06 1.067646e+03 2.904133e+08
1.364868e+06 1.067748e+03 2.904089e+08
1.364856e+06 1.067849e+03 2.904044e+08
1.364845e+06 1.067951e+03 2.904000e+08
1.364833e+06 1.068052e+03 2.903955e+08
1.364822e+06 1.068154e+03 2.903911e+08
1.364810e+06 1.068255e+03 2.903866e+08
1.364799e+06 1.068357e+03 2.903822e+08
1.364787e+06 1.068458e+03 2.903777e+08
1.364776e+06 1.068560e+03 2.903733e+08
1.364764e+06 1.068661e+03 2.903688e+08
1.364753e+06 1.068763e+03 2.903644e+08
1.364741e+06 1.068864e+03 2.903599e+08
1.364730e+06 1.068965e+03 2.903555e+08
1.364718e+06 1.069067e+03 2.903510e+08
1.364707e+06 1.069168e+03 2.903466e+08
1.364695e+06 1.069270e+03 2.903421e+08
1.364684e+06 1.069371e+03 2.903377e+08
1.364672e+06 1.069473e+03 2.903332e+08
1.364659e+06 1.069587e+03 2.903282e+08
1.364648e+06 1.069688e+03 2.903238e+08
1.364636e+06 1.069790e+03 2.903193e+08
1.364625e+06 1.069891e+03 2.903149e+08
1.364613e+06 1.069993e+03 2.903104e+08
1.364602e+06 1.070094e+03 2.903060e+08
1.364590e+06 1.070196e+03 2.903015e+08
1.364579e+06 1.070297e+03 2.902971e+08
1.364567e+06 1.070399e+03 2.902926e+08
1.364556e+06 1.070500e+03 2.902881e+08
1.364544e+06 1.070602e+03 2.902837e+08
1.364533e+06 1.070703e+03 2.902792e+08
1.364521e+06 1.070805e+03 2.902748e+08
1.364510e+06 1.070906e+03 2.902703e+08
1.364498e+06 1.071008e+03 2.902659e+08
1.364487e+06 1.071109e+03 2.902614e+08
1.364475e+06 1.071211e+03 2.902570e+08
1.364464e+06 1.071312e+03 2.902525e+08
1.364452e+06 1.071413e+03 2.902481e+08
1.364439e+06 1.071528e+03 2.902431e+08
1.364428e+06 1.071629e+03 2.902386e+08
1.364416e+06 1.071731e+03 2.902341e+08
1.364405e+06 1.071832e+03 2.902297e+08
1.364393e+06 1.071933e+03 2.902252e+08
1.364382e+06 1.072035e+03 2.902208e+08
1.364370e+06 1.072136e+03 2.902163e+08
1.364359e+06 1.072238e+03 2.902119e+08
1.364347e+06 1.072339e+03 2.902074e+08
1.364336e+06 1.072441e+03 2.902030e+08
1.364324e+06 1.072542e+03 2.901985e+08
1.364313e+06 1.072644e+03 2.901941e+08
1.364301e+06 1.072745e+03 2.901896e+08
1.364290e+06 1.072847e+03 2.901851e+08
1.364278e+06 1.072948e+03 2.901807e+08
1.364267e+06 1.073050e+03 2.901762e+08
1.364254e+06 1.073164e+03 2.901712e+08
1.364242e+06 1.073265e+03 2.901668e+08
1.364231e+06 1.073367e+03 2.901623e+08
1.364219e+06 1.073468e+03 2.901579e+08
1.364208e+06 1.073570e+03 2.901534e+08
1.364196e+06 1.073671e+03 2.901489e+08
1.364185e+06 1.073773e+03 2.901445e+08
1.364173e+06 1.073874e+03 2.901400e+08
1.364162e+06 1.073976e+03 2.901356e+08
1.364150e+06 1.074077e+03 2.901311e+08
1.364138e+06 1.074179e+03 2.901267e+08
1.364127e+06 1.074280e+03 2.901222e+08
1.364115e+06 1.074381e+03 2.901178e+08
1.364102e+06 1.074496e+03 2.901127e+08
1.364091e+06 1.074597e+03 2.901083e+08
1.364079e+06 1.074699e+03 2.901038e+08
1.364068e+06 1.074800e+03 2.900994e+08
1.364056e+06 1.074902e+03 2.900949e+08
1.364045e+06 1.075003e+03 2.900905e+08
1.364033e+06 1.075104e+03 2.900860e+08
1.364022e+06 1.075206e+03 2.900816e+08
1.364010e+06 1.075307e+03 2.900771e+08
1.363999e+06 1.075409e+03 2.900727e+08
1.363987e+06 1.075510e+03 2.900682e+08
1.363974e+06 1.075625e+03 2.900632e+08
1.363963e+06 1.075726e+03 2.900587e+08
1.363951e+06 1.075827e+03 2.900543e+08
1.363940e+06 1.075929e+03 2.900498e+08
1.363928e+06 1.076030e+03 2.900454e+08
1.363917e+06 1.076132e+03 2.900409e+08
1.363905e+06 1.076233e+03 2.900365e+08
1.363894e+06 1.076335e+03 2.900320e+08
1.363882e+06 1.076436e+03 2.900276e+08
1.363871e+06 1.076538e+03 2.900231e+08
1.363859e+06 1.076639e+03 2.900186e+08
1.363846e+06 1.076753e+03 2.900136e+08
1.363835e+06 1.076855e+03 2.900092e+08
1.363823e+06 1.076956e+03 2.900047e+08
1.363812e+06 1.077058e+03 2.900003e+08
1.363800e+06 1.077159e+03 2.899958e+08
1.363789e+06 1.077261e+03 2.899914e+08
1.363777e+06 1.077362e+03 2.899869e+08
1.363766e+06 1.077464e+03 2.899825e+08
1.363754e+06 1.077565e+03 2.899780e+08
1.363743e+06 1.077667e+03 2.899735e+08
1.363730e+06 1.077781e+03 2.899685e+08
1.363718e+06 1.077882e+03 2.899641e+08
1.363707e+06 1.077984e+03 2.899596e+08
1.363695e+06 1.078085e+03 2.899552e+08
1.363684e+06 1.078187e+03 2.899507e+08
1.363672e+06 1.078288e+03 2.899463e+08
1.363661e+06 1.078390e+03 2.899418e+08
1.363649e+06 1.078491e+03 2.899374e+08
1.363638e+06 1.078593e+03 2.899329e+08
1.363625e+06 1.078707e+03 2.899279e+08
1.363613e+06 1.078808e+03 2.899235e+08
1.363602e+06 1.078910e+03 2.899190e+08
1.363590e+06 1.079011e+03 2.899146e+08
1.363579e+06 1.079113e+03 2.899101e+08
1.363567e+06 1.079214e+03 2.899057e+08
1.363556e+06 1.079316e+03 2.899012e+08
1.363544e+06 1.079417e+03 2.898968e+08
1.363531e+06 1.079531e+03 2.898917e+08
1.363520e+06 1.079633e+03 2.898873e+08
1.363508e+06 1.079734e+03 2.898828e+08
1.363497e+06 1.079836e+03 2.898784e+08
1.363485e+06 1.079937e+03 2.898739e+08
1.363474e+06 1.080039e+03 2.898695e+08
1.363462e+06 1.080140e+03 2.898650e+08
1.363451e+06 1.080241e+03 2.898606e+08
1.363438e+06 1.080356e+03 2.898556e+08
1.363426e+06 1.080457e+03 2.898511e+08
1.363415e+06 1.080559e+03 2.898467e+08
1.363403e+06 1.080660e+03 2.898422e+08
1.363392e+06 1.080761e+03 2.898378e+08
1.363380e+06 1.080863e+03 2.898333e+08
1.363369e+06 1.080964e+03 2.898289e+08
1.363357e+06 1.081066e+03 2.898244e+08
1.363344e+06 1.081180e+03 2.898194e+08
1.363333e+06 1.081282e+03 2.898150e+08
1.363321e+06 1.081383e+03 2.898105e+08
1.363310e+06 1.081484e+03 2.898061e+08
1.363298e+06 1.081586e+03 2.898017e+08
1.363287e+06 1.081687e+03 2.897972e+08
1.363275e+06 1.081789e+03 2.897928e+08
1.363264e+06 1.081890e+03 2.897883e+08
1.363251e+06 1.082005e+03 2.897833e+08
1.363239e+06 1.082106e+03 2.897789e+08
1.363228e+06 1.082207e+03 2.897744e+08
1.363216e+06 1.082309e+03 2.897700e+08
1.363205e+06 1.082410e+03 2.897655e+08
1.363193e+06 1.082512e+03 2.897611e+08
1.363182e+06 1.082613e+03 2.897566e+08
1.363169e+06 1.082728e+03 2.897516e+08
1.363157e+06 1.082829e+03 2.897472e+08
1.363146e+06 1.082930e+03 2.897427e+08
1.363134e+06 1.083032e+03 2.897383e+08
1.363123e+06 1.083133e+03 2.897339e+08
1.363111e+06 1.083235e+03 2.897294e+08
1.363100e+06 1.083336e+03 2.897250e+08
1.363087e+06 1.083450e+03 2.897200e+08
1.363076e+06 1.083552e+03 2.897155e+08
1.363064e+06 1.083653e+03 2.897111e+08
1.363053e+06 1.083755e+03 2.897066e+08
1.363041e+06 1.083856e+03 2.897022e+08
1.363030e+06 1.083958e+03 2.896978e+08
1.363017e+06 1.084072e+03 2.896928e+08
1.363005e+06 1.084173e+03 2.896883e+08
1.362994e+06 1.084275e+03 2.896839e+08
1.362982e+06 1.084376e+03 2.896794e+08
1.362971e+06 1.084478e+03 2.896750e+08
1.362959e+06 1.084579e+03 2.896706e+08
1.362948e+06 1.084681e+03 2.896661e+08
1.362935e+06 1.084795e+03 2.896611e+08
1.362923e+06 1.084896e+03 2.896567e+08
1.362912e+06 1.084998e+03 2.896522e+08
1.362900e+06 1.085099e+03 2.896478e+08
1.362889e+06 1.085201e+03 2.896434e+08
1.362877e+06 1.085302e+03 2.896389e+08
1.362865e+06 1.085416e+03 2.896339e+08
1.362853e+06 1.085518e+03 2.896295e+08
1.362842e+06 1.085619e+03 2.896251e+08
1.362830e+06 1.085721e+03 2.896206e+08
1.362819e+06 1.085822e+03 2.896162e+08
1.362807e+06 1.085924e+03 2.896117e+08
1.362794e+06 1.086038e+03 2.896067e+08
1.362783e+06 1.086139e+03 2.896023e+08
1.362771e+06 1.086241e+03 2.895979e+08
1.362760e+06 1.086342e+03 2.895934e+08
1.362748e+06 1.086444e+03 2.895890e+08
1.362737e+06 1.086545e+03 2.895846e+08
1.362724e+06 1.086660e+03 2.895796e+08
1.362713e+06 1.086761e+03 2.895751e+08
1.362701e+06 1.086862e+03 2.895707e+08
1.362690e+06 1.086964e+03 2.895663e+08
1.362678e+06 1.087065e+03 2.895618e+08
1.362665e+06 1.087180e+03 2.895569e+08
1.362654e+06 1.087281e+03 2.895524e+08
1.362642e+06 1.087383e+03 2.895480e+08
1.362631e+06 1.087484e+03 2.895436e+08
1.362619e+06 1.087585e+03 2.895391e+08
1.362608e+06 1.087687e+03 2.895347e+08
1.362595e+06 1.087801e+03 2.895297e+08
1.362583e+06 1.087903e+03 2.895253e+08
1.362572e+06 1.088004e+03 2.895208e+08
1.362561e+06 1.088105e+03 2.895164e+08
1.362549e+06 1.088207e+03 2.895120e+08
1.362536e+06 1.088321e+03 2.895070e+08
1.362525e+06 1.088423e+03 2.895026e+08
1.362513e+06 1.088524e+03 2.894981e+08
1.362502e+06 1.088626e+03 2.894937e+08
1.362490e+06 1.088727e+03 2.894893e+08
1.362479e+06 1.088828e+03 2.894848e+08
1.362466e+06 1.088943e+03 2.894799e+08
1.362455e+06 1.089044e+03 2.894754e+08
1.362443e+06 1.089146e+03 2.894710e+08
1.362432e+06 1.089247e+03 2.894666e+08
1.362420e+06 1.089349e+03 2.894621e+08
1.362407e+06 1.089463e+03 2.894572e+08
1.362396e+06 1.089564e+03 2.894527e+08
1.362384e+06 1.089666e+03 2.894483e+08
1.362373e+06 1.089767e+03 2.894439e+08
1.362362e+06 1.089869e+03 2.894395e+08
1.362349e+06 1.089983e+03 2.894345e+08
1.362337e+06 1.090084e+03 2.894301e+08
1.362326e+06 1.090186e+03 2.894256e+08
1.362314e+06 1.090287e+03 2.894212e+08
1.362303e+06 1.090389e+03 2.894168e+08
1.362290e+06 1.090503e+03 2.894118e+08
1.362279e+06 1.090604e+03 2.894074e+08
1.362267e+06 1.090706e+03 2.894030e+08
1.362256e+06 1.090807e+03 2.893985e+08
1.362244e+06 1.090909e+03 2.893941e+08
1.362231e+06 1.091023e+03 2.893891e+08
1.362220e+06 1.091124e+03 2.893847e+08
1.362208e+06 1.091226e+03 2.893803e+08
1.362197e+06 1.091327e+03 2.893759e+08
1.362186e+06 1.091429e+03 2.893715e+08
1.362173e+06 1.091543e+03 2.893665e+08
1.362161e+06 1.091644e+03 2.893621e+08
1.362150e+06 1.091746e+03 2.893576e+08
1.362138e+06 1.091847e+03 2.893532e+08
1.362126e+06 1.091961e+03 2.893483e+08
1.362114e+06 1.092063e+03 2.893438e+08
1.362103e+06 1.092164e+03 2.893394e+08
1.362091e+06 1.092266e+03 2.893350e+08
1.362080e+06 1.092367e+03 2.893306e+08
1.362067e+06 1.092481e+03 2.893256e+08
1.362056e+06 1.092583e+03 2.893212e+08
1.362044e+06 1.092684e+03 2.893168e+08
1.362033e+06 1.092786e+03 2.893124e+08
1.362021e+06 1.092887e+03 2.893079e+08
1.362008e+06 1.093001e+03 2.893030e+08
1.361997e+06 1.093103e+03 2.892986e+08
1.361986e+06 1.093204e+03 2.892941e+08
1.361974e+06 1.093306e+03 2.892897e+08
1.361961e+06 1.093420e+03 2.892848e+08
1.361950e+06 1.093522e+03 2.892804e+08
1.361938e+06 1.093623e+03 2.892759e+08
1.361927e+06 1.093724e+03 2.892715e+08
1.361916e+06 1.093826e+03 2.892671e+08
1.361903e+06 1.093940e+03 2.892622e+08
1.361891e+06 1.094042e+03 2.892577e+08
1.361880e+06 1.094143e+03 2.892533e+08
1.361868e+06 1.094244e+03 2.892489e+08
1.361856e+06 1.094359e+03 2.892440e+08
1.361844e+06 1.094460e+03 2.892395e+08
1.361833e+06 1.094562e+03 2.892351e+08
1.361821e+06 1.094663e+03 2.892307e+08
1.361809e+06 1.094777e+03 2.892258e+08
1.361797e+06 1.094879e+03 2.892214e+08
1.361786e+06 1.094980e+03 2.892169e+08
1.361774e+06 1.095082e+03 2.892125e+08
1.361763e+06 1.095183e+03 2.892081e+08
1.361750e+06 1.095297e+03 2.892032e+08
1.361739e+06 1.095399e+03 2.891988e+08
1.361727e+06 1.095500e+03 2.891944e+08
1.361716e+06 1.095602e+03 2.891900e+08
1.361703e+06 1.095716e+03 2.891850e+08
1.361692e+06 1.095817e+03 2.891806e+08
1.361680e+06 1.095919e+03 2.891762e+08
1.361669e+06 1.096020e+03 2.891718e+08
1.361656e+06 1.096134e+03 2.891668e+08
1.361645e+06 1.096236e+03 2.891624e+08
1.361633e+06 1.096337e+03 2.891580e+08
1.361622e+06 1.096439e+03 2.891536e+08
1.361609e+06 1.096553e+03 2.891487e+08
1.361598e+06 1.096654e+03 2.891443e+08
1.361586e+06 1.096756e+03 2.891399e+08
1.361575e+06 1.096857e+03 2.891355e+08
1.361562e+06 1.096972e+03 2.891305e+08
1.361551e+06 1.097073e+03 2.891261e+08
1.361539e+06 1.097174e+03 2.891217e+08
1.361528e+06 1.097276e+03 2.891173e+08
1.361515e+06 1.097390e+03 2.891124e+08
1.361504e+06 1.097492e+03 2.891080e+08
1.361492e+06 1.097593e+03 2.891036e+08
1.361481e+06 1.097695e+03 2.890992e+08
1.361468e+06 1.097809e+03 2.890942e+08
1.361457e+06 1.097910e+03 2.890898e+08
1.361445e+06 1.098012e+03 2.890854e+08
1.361434e+06 1.098113e+03 2.890810e+08
1.361421e+06 1.098227e+03 2.890761e+08
1.361410e+06 1.098329e+03 2.890717e+08
1.361398e+06 1.098430e+03 2.890673e+08
1.361386e+06 1.098544e+03 2.890623e+08
1.361374e+06 1.098646e+03 2.890579e+08
1.361363e+06 1.098747e+03 2.890535e+08
1.361351e+06 1.098849e+03 2.890492e+08
1.361339e+06 1.098963e+03 2.890442e+08
1.361327e+06 1.099064e+03 2.890398e+08
1.361316e+06 1.099166e+03 2.890354e+08
1.361305e+06 1.099267e+03 2.890310e+08
1.361292e+06 1.099381e+03 2.890261e+08
1.361280e+06 1.099483e+03 2.890217e+08
1.361269e+06 1.099584e+03 2.890173e+08
1.361258e+06 1.099686e+03 2.890129e+08
1.361245e+06 1.099800e+03 2.890080e+08
1.361233e+06 1.099902e+03 2.890036e+08
1.361222e+06 1.100003e+03 2.889992e+08
1.360145e+06 1.109516e+03 2.885833e+08
1.359443e+06 1.115858e+03 2.883122e+08
1.358397e+06 1.125371e+03 2.879088e+08
1.357705e+06 1.131713e+03 2.876419e+08
1.356674e+06 1.141226e+03 2.872448e+08
1.355992e+06 1.147568e+03 2.869821e+08
1.354977e+06 1.157081e+03 2.865913e+08
1.353971e+06 1.166594e+03 2.862043e+08
1.353305e+06 1.172936e+03 2.859484e+08
1.352314e+06 1.182448e+03 2.855677e+08
1.351659e+06 1.188790e+03 2.853159e+08
1.350683e+06 1.198303e+03 2.849412e+08
1.349716e+06 1.207816e+03 2.845701e+08
1.349076e+06 1.214158e+03 2.843246e+08
1.348123e+06 1.223671e+03 2.839593e+08
1.347178e+06 1.233184e+03 2.835974e+08
1.346553e+06 1.239526e+03 2.833580e+08
1.345622e+06 1.249039e+03 2.830016e+08
1.344698e+06 1.258552e+03 2.826485e+08
1.343783e+06 1.268065e+03 2.822986e+08
1.342876e+06 1.277578e+03 2.819518e+08
1.342275e+06 1.283920e+03 2.817224e+08
1.341380e+06 1.293433e+03 2.813807e+08
1.340492e+06 1.302946e+03 2.810421e+08
1.339612e+06 1.312459e+03 2.807064e+08
1.338739e+06 1.321972e+03 2.803737e+08
1.337873e+06 1.331484e+03 2.800438e+08
1.337014e+06 1.340997e+03 2.797167e+08
1.336162e+06 1.350510e+03 2.793924e+08
1.335316e+06 1.360023e+03 2.790709e+08
1.334477e+06 1.369536e+03 2.787520e+08
1.333645e+06 1.379049e+03 2.784358e+08
1.332819e+06 1.388562e+03 2.781222e+08
1.332000e+06 1.398075e+03 2.778112e+08
1.331187e+06 1.407588e+03 2.775027e+08
1.330380e+06 1.417101e+03 2.771967e+08
1.329579e+06 1.426614e+03 2.768932e+08
1.328784e+06 1.436127e+03 2.765920e+08
1.327733e+06 1.448811e+03 2.761943e+08
1.326952e+06 1.458324e+03 2.758987e+08
1.326176e+06 1.467837e+03 2.756054e+08
1.325407e+06 1.477350e+03 2.753144e+08
1.324389e+06 1.490033e+03 2.749298e+08
1.323632e+06 1.499546e+03 2.746440e+08
1.322608e+06 1.512230e+03 2.742577e+08
1.321863e+06 1.521743e+03 2.739767e+08
1.321123e+06 1.531256e+03 2.736977e+08
1.320388e+06 1.540769e+03 2.734207e+08
1.318932e+06 1.559795e+03 2.728725e+08
1.318212e+06 1.569308e+03 2.726014e+08
1.317496e+06 1.578821e+03 2.723322e+08
1.316785e+06 1.588334e+03 2.720649e+08
1.316079e+06 1.597847e+03 2.717996e+08
1.315378e+06 1.607360e+03 2.715361e+08
1.313989e+06 1.626386e+03 2.710148e+08
1.313302e+06 1.635898e+03 2.707569e+08
1.312619e+06 1.645411e+03 2.705008e+08
1.311940e+06 1.654924e+03 2.702464e+08
1.311266e+06 1.664437e+03 2.699939e+08
1.309931e+06 1.683463e+03 2.694939e+08
1.309270e+06 1.692976e+03 2.692464e+08
1.308613e+06 1.702489e+03 2.690006e+08
1.307960e+06 1.712002e+03 2.687565e+08
1.306666e+06 1.731028e+03 2.682731e+08
1.306025e+06 1.740541e+03 2.680338e+08
1.305388e+06 1.750054e+03 2.677960e+08
1.304126e+06 1.769080e+03 2.673252e+08
1.303501e+06 1.778593e+03 2.670920e+08
1.302879e+06 1.788105e+03 2.668604e+08
1.302262e+06 1.797618e+03 2.666302e+08
1.301037e+06 1.816644e+03 2.661742e+08
1.300430e+06 1.826157e+03 2.659484e+08
1.299827e+06 1.835670e+03 2.657239e+08
1.298631e+06 1.854696e+03 2.652792e+08
1.298038e+06 1.864209e+03 2.650589e+08
1.296862e+06 1.883235e+03 2.646222e+08
1.296279e+06 1.892748e+03 2.644059e+08
1.295699e+06 1.902261e+03 2.641909e+08
1.294550e+06 1.921287e+03 2.637647e+08
1.293980e+06 1.930800e+03 2.635535e+08
1.292850e+06 1.949825e+03 2.631348e+08
1.292290e+06 1.959338e+03 2.629274e+08
1.291732e+06 1.968851e+03 2.627211e+08
1.290627e+06 1.987877e+03 2.623121e+08
1.290078e+06 1.997390e+03 2.621094e+08
1.288614e+06 2.022758e+03 2.615682e+08
1.287718e+06 2.038613e+03 2.612376e+08
1.286830e+06 2.054468e+03 2.609100e+08
1.285950e+06 2.070323e+03 2.605853e+08
1.285077e+06 2.086178e+03 2.602636e+08
1.284212e+06 2.102032e+03 2.599448e+08
1.283353e+06 2.117887e+03 2.596289e+08
1.282502e+06 2.133742e+03 2.593157e+08
1.281659e+06 2.149597e+03 2.590054e+08
1.280822e+06 2.165452e+03 2.586978e+08
1.279992e+06 2.181307e+03 2.583929e+08
1.279169e+06 2.197162e+03 2.580907e+08
1.278352e+06 2.213017e+03 2.577911e+08
1.277543e+06 2.228872e+03 2.574941e+08
1.276739e+06 2.244726e+03 2.571996e+08
1.275942e+06 2.260581e+03 2.569076e+08
1.275152e+06 2.276436e+03 2.566181e+08
1.274368e+06 2.292291e+03 2.563310e+08
1.273589e+06 2.308146e+03 2.560463e+08
1.272817e+06 2.324001e+03 2.557639e+08
1.272051e+06 2.339856e+03 2.554839e+08
1.271291e+06 2.355711e+03 2.552061e+08
1.270536e+06 2.371566e+03 2.549306e+08
1.269787e+06 2.387421e+03 2.546573e+08
1.269044e+06 2.403275e+03 2.543862e+08
1.268306e+06 2.419130e+03 2.541172e+08
1.267574e+06 2.434985e+03 2.538503e+08
1.266847e+06 2.450840e+03 2.535856e+08
1.266126e+06 2.466695e+03 2.533229e+08
1.265409e+06 2.482550e+03 2.530622e+08
1.264698e+06 2.498405e+03 2.528035e+08
1.263992e+06 2.514260e+03 2.525468e+08
1.263291e+06 2.530115e+03 2.522920e+08
1.262595e+06 2.545970e+03 2.520392e+08
1.261904e+06 2.561824e+03 2.517883e+08
1.261218e+06 2.577679e+03 2.515392e+08
1.260536e+06 2.593534e+03 2.512919e+08
1.259859e+06 2.609389e+03 2.510465e+08
1.259187e+06 2.625244e+03 2.508029e+08
1.257857e+06 2.656954e+03 2.503209e+08
1.257198e+06 2.672809e+03 2.500826e+08
1.256544e+06 2.688664e+03 2.498459e+08
1.255894e+06 2.704518e+03 2.496109e+08
1.255249e+06 2.720373e+03 2.493775e+08
1.253970e+06 2.752083e+03 2.489157e+08
1.253338e+06 2.767938e+03 2.486872e+08
1.252709e+06 2.783793e+03 2.484602e+08
1.252084e+06 2.799648e+03 2.482349e+08
1.251463e+06 2.815503e+03 2.480110e+08
1.250234e+06 2.847213e+03 2.475679e+08
1.249625e+06 2.863067e+03 2.473486e+08
1.249020e+06 2.878922e+03 2.471307e+08
1.247821e+06 2.910632e+03 2.466994e+08
1.247227e+06 2.926487e+03 2.464858e+08
1.246637e+06 2.942342e+03 2.462736e+08
1.246050e+06 2.958197e+03 2.460628e+08
1.244888e+06 2.989907e+03 2.456453e+08
1.244312e+06 3.005761e+03 2.454386e+08
1.243739e+06 3.021616e+03 2.452331e+08
1.242604e+06 3.053326e+03 2.448262e+08
1.242042e+06 3.069181e+03 2.446246e+08
1.241483e+06 3.085036e+03 2.444243e+08
1.240374e+06 3.116746e+03 2.440273e+08
1.239825e+06 3.132601e+03 2.438307e+08
1.238735e+06 3.164310e+03 2.434410e+08
1.238195e+06 3.180165e+03 2.432479e+08
1.237658e+06 3.196020e+03 2.430560e+08
1.236593e+06 3.227730e+03 2.426757e+08
1.236065e+06 3.243585e+03 2.424872e+08
1.235018e+06 3.275295e+03 2.421135e+08
1.234498e+06 3.291150e+03 2.419283e+08
1.233468e+06 3.322859e+03 2.415612e+08
1.232958e+06 3.338714e+03 2.413792e+08
1.232449e+06 3.354569e+03 2.411982e+08
1.231441e+06 3.386279e+03 2.408394e+08
1.230941e+06 3.402134e+03 2.406616e+08
1.229949e+06 3.433844e+03 2.403088e+08
1.229457e+06 3.449699e+03 2.401340e+08
1.228481e+06 3.481408e+03 2.397871e+08
1.227515e+06 3.513118e+03 2.394441e+08
1.227035e+06 3.528973e+03 2.392739e+08
1.226084e+06 3.560683e+03 2.389364e+08
1.225611e+06 3.576538e+03 2.387691e+08
1.224674e+06 3.608248e+03 2.384370e+08
1.224209e+06 3.624102e+03 2.382723e+08
1.223286e+06 3.655812e+03 2.379455e+08
1.222372e+06 3.687522e+03 2.376221e+08
1.221918e+06 3.703377e+03 2.374617e+08
1.221018e+06 3.735087e+03 2.371434e+08
1.220126e+06 3.766797e+03 2.368284e+08
1.219683e+06 3.782651e+03 2.366720e+08
1.218804e+06 3.814361e+03 2.363618e+08
1.217933e+06 3.846071e+03 2.360547e+08
1.217501e+06 3.861926e+03 2.359022e+08
1.216643e+06 3.893636e+03 2.355997e+08
1.215792e+06 3.925345e+03 2.353001e+08
1.215370e+06 3.941200e+03 2.351515e+08
1.214531e+06 3.972910e+03 2.348563e+08
1.213700e+06 4.004620e+03 2.345640e+08
1.212877e+06 4.036330e+03 2.342746e+08
1.212060e+06 4.068040e+03 2.339879e+08
1.211655e+06 4.083894e+03 2.338456e+08
1.210850e+06 4.115604e+03 2.335629e+08
1.210052e+06 4.147314e+03 2.332830e+08
1.209261e+06 4.179024e+03 2.330056e+08
1.208477e+06 4.210734e+03 2.327308e+08
1.207700e+06 4.242443e+03 2.324585e+08
1.207314e+06 4.258298e+03 2.323233e+08
1.206546e+06 4.290008e+03 2.320548e+08
1.205785e+06 4.321718e+03 2.317886e+08
1.205031e+06 4.353428e+03 2.315249e+08
1.204283e+06 4.385137e+03 2.312635e+08
1.203541e+06 4.416847e+03 2.310044e+08
1.202806e+06 4.448557e+03 2.307476e+08
1.202076e+06 4.480267e+03 2.304930e+08
1.201353e+06 4.511977e+03 2.302407e+08
1.200635e+06 4.543686e+03 2.299905e+08
1.199923e+06 4.575396e+03 2.297425e+08
1.199217e+06 4.607106e+03 2.294965e+08
1.198516e+06 4.638816e+03 2.292527e+08
1.197821e+06 4.670526e+03 2.290109e+08
1.197132e+06 4.702235e+03 2.287711e+08
1.196448e+06 4.733945e+03 2.285333e+08
1.195769e+06 4.765655e+03 2.282975e+08
1.195095e+06 4.797365e+03 2.280636e+08
1.194095e+06 4.844929e+03 2.277163e+08
1.193434e+06 4.876639e+03 2.274871e+08
1.192778e+06 4.908349e+03 2.272598e+08
1.192128e+06 4.940059e+03 2.270342e+08
1.191482e+06 4.971769e+03 2.268104e+08
1.190840e+06 5.003478e+03 2.265884e+08
1.189887e+06 5.051043e+03 2.262586e+08
1.189258e+06 5.082753e+03 2.260408e+08
1.188633e+06 5.114463e+03 2.258248e+08
1.188012e+06 5.146172e+03 2.256104e+08
1.187090e+06 5.193737e+03 2.252919e+08
1.186481e+06 5.225447e+03 2.250815e+08
1.185876e+06 5.257157e+03 2.248728e+08
1.184977e+06 5.304721e+03 2.245626e+08
1.184382e+06 5.336431e+03 2.243577e+08
1.183792e+06 5.368141e+03 2.241543e+08
1.182914e+06 5.415706e+03 2.238521e+08
1.182334e+06 5.447415e+03 2.236524e+08
1.181471e+06 5.494980e+03 2.233556e+08
1.180901e+06 5.526690e+03 2.231595e+08
1.180335e+06 5.558400e+03 2.229648e+08
1.179492e+06 5.605964e+03 2.226753e+08
1.178935e+06 5.637674e+03 2.224840e+08
1.178107e+06 5.685239e+03 2.221996e+08
1.177559e+06 5.716949e+03 2.220117e+08
1.176744e+06 5.764513e+03 2.217322e+08
1.176205e+06 5.796223e+03 2.215475e+08
1.175403e+06 5.843788e+03 2.212728e+08
1.174609e+06 5.891353e+03 2.210009e+08
1.174084e+06 5.923062e+03 2.208212e+08
1.173302e+06 5.970627e+03 2.205539e+08
1.172528e+06 6.018192e+03 2.202892e+08
1.172016e+06 6.049902e+03 2.201142e+08
1.171254e+06 6.097466e+03 2.198539e+08
1.170499e+06 6.145031e+03 2.195961e+08
1.170000e+06 6.176741e+03 2.194257e+08
1.169256e+06 6.224305e+03 2.191721e+08
1.168520e+06 6.271870e+03 2.189209e+08
1.167790e+06 6.319435e+03 2.186721e+08
1.167307e+06 6.351145e+03 2.185076e+08
1.166587e+06 6.398709e+03 2.182627e+08
1.165875e+06 6.446274e+03 2.180202e+08
1.165168e+06 6.493839e+03 2.177799e+08
1.164468e+06 6.541403e+03 2.175418e+08
1.163774e+06 6.588968e+03 2.173059e+08
1.163086e+06 6.636533e+03 2.170722e+08
1.162630e+06 6.668242e+03 2.169176e+08
1.161952e+06 6.715807e+03 2.166873e+08
1.161279e+06 6.763372e+03 2.164592e+08
1.160612e+06 6.810937e+03 2.162331e+08
1.159951e+06 6.858501e+03 2.160090e+08
1.159295e+06 6.906066e+03 2.157869e+08
1.158429e+06 6.969485e+03 2.154937e+08
1.157786e+06 7.017050e+03 2.152761e+08
1.157148e+06 7.064615e+03 2.150604e+08
1.156516e+06 7.112180e+03 2.148465e+08
1.155888e+06 7.159744e+03 2.146345e+08
1.155266e+06 7.207309e+03 2.144243e+08
1.154648e+06 7.254874e+03 2.142158e+08
1.153833e+06 7.318293e+03 2.139406e+08
1.153226e+06 7.365858e+03 2.137362e+08
1.152625e+06 7.413423e+03 2.135335e+08
1.152029e+06 7.460987e+03 2.133324e+08
1.151240e+06 7.524407e+03 2.130669e+08
1.150655e+06 7.571972e+03 2.128697e+08
1.150073e+06 7.619536e+03 2.126741e+08
1.149305e+06 7.682956e+03 2.124157e+08
1.148734e+06 7.730521e+03 2.122238e+08
1.147979e+06 7.793940e+03 2.119702e+08
1.147418e+06 7.841505e+03 2.117817e+08
1.146677e+06 7.904924e+03 2.115328e+08
1.146125e+06 7.952489e+03 2.113478e+08
1.145397e+06 8.015909e+03 2.111034e+08
1.144855e+06 8.063473e+03 2.109217e+08
1.144138e+06 8.126893e+03 2.106816e+08
1.143606e+06 8.174458e+03 2.105032e+08
1.142901e+06 8.237877e+03 2.102673e+08
1.142204e+06 8.301297e+03 2.100339e+08
1.141685e+06 8.348861e+03 2.098603e+08
1.140998e+06 8.412281e+03 2.096309e+08
1.140319e+06 8.475701e+03 2.094038e+08
1.139813e+06 8.523265e+03 2.092349e+08
1.139145e+06 8.586685e+03 2.090116e+08
1.138482e+06 8.650104e+03 2.087905e+08
1.137826e+06 8.713524e+03 2.085716e+08
1.137175e+06 8.776944e+03 2.083547e+08
1.136531e+06 8.840363e+03 2.081400e+08
1.135892e+06 8.903783e+03 2.079272e+08
1.135259e+06 8.967202e+03 2.077165e+08
1.134788e+06 9.014767e+03 2.075597e+08
1.134165e+06 9.078187e+03 2.073524e+08
1.133394e+06 9.157461e+03 2.070960e+08
1.132783e+06 9.220881e+03 2.068930e+08
1.132178e+06 9.284300e+03 2.066919e+08
1.131578e+06 9.347720e+03 2.064925e+08
1.130983e+06 9.411139e+03 2.062950e+08
1.130393e+06 9.474559e+03 2.060993e+08
1.129808e+06 9.537979e+03 2.059053e+08
1.129083e+06 9.617253e+03 2.056652e+08
1.128509e+06 9.680673e+03 2.054751e+08
1.127940e+06 9.744092e+03 2.052866e+08
1.127376e+06 9.807512e+03 2.050997e+08
1.126677e+06 9.886786e+03 2.048685e+08
1.126123e+06 9.950206e+03 2.046853e+08
1.125381e+06 1.003582e+04 2.044398e+08
1.124810e+06 1.010241e+04 2.042512e+08
1.124244e+06 1.016900e+04 2.040644e+08
1.123683e+06 1.023559e+04 2.038791e+08
1.123127e+06 1.030218e+04 2.036956e+08
1.122393e+06 1.039097e+04 2.034533e+08
1.121847e+06 1.045756e+04 2.032735e+08
1.121306e+06 1.052415e+04 2.030952e+08
1.120592e+06 1.061294e+04 2.028598e+08
1.120061e+06 1.067953e+04 2.026849e+08
1.119534e+06 1.074612e+04 2.025116e+08
1.118839e+06 1.083491e+04 2.022827e+08
1.118322e+06 1.090150e+04 2.021128e+08
1.117639e+06 1.099029e+04 2.018884e+08
1.117132e+06 1.105688e+04 2.017218e+08
1.116462e+06 1.114567e+04 2.015018e+08
1.115964e+06 1.121226e+04 2.013383e+08
1.115307e+06 1.130104e+04 2.011225e+08
1.114818e+06 1.136763e+04 2.009622e+08
1.114172e+06 1.145642e+04 2.007505e+08
1.113692e+06 1.152301e+04 2.005932e+08
1.113058e+06 1.161180e+04 2.003854e+08
1.112430e+06 1.170059e+04 2.001799e+08
1.111964e+06 1.176718e+04 2.000271e+08
1.111347e+06 1.185596e+04 1.998254e+08
1.110737e+06 1.194475e+04 1.996257e+08
1.110140e+06 1.203354e+04 1.994281e+08
1.109558e+06 1.212233e+04 1.992324e+08
1.109125e+06 1.218892e+04 1.990869e+08
1.108553e+06 1.227770e+04 1.988947e+08
1.107986e+06 1.236649e+04 1.987044e+08
1.107425e+06 1.245528e+04 1.985161e+08
1.106870e+06 1.254407e+04 1.983297e+08
1.106320e+06 1.263285e+04 1.981452e+08
1.105775e+06 1.272164e+04 1.979625e+08
1.105235e+06 1.281043e+04 1.977816e+08
1.104700e+06 1.289922e+04 1.976025e+08
1.104171e+06 1.298800e+04 1.974252e+08
1.103646e+06 1.307679e+04 1.972496e+08
1.103126e+06 1.316558e+04 1.970758e+08
1.102483e+06 1.327656e+04 1.968609e+08
1.101975e+06 1.336535e+04 1.966908e+08
1.101470e+06 1.345414e+04 1.965223e+08
1.100971e+06 1.354293e+04 1.963555e+08
1.100353e+06 1.365391e+04 1.961492e+08
1.099864e+06 1.374270e+04 1.959859e+08
1.099379e+06 1.383148e+04 1.958242e+08
1.098779e+06 1.394247e+04 1.956242e+08
1.098303e+06 1.403126e+04 1.954658e+08
1.097832e+06 1.412004e+04 1.953089e+08
1.097250e+06 1.423103e+04 1.951149e+08
1.096788e+06 1.431982e+04 1.949612e+08
1.096217e+06 1.443080e+04 1.947711e+08
1.095652e+06 1.454178e+04 1.945832e+08
1.095204e+06 1.463057e+04 1.944344e+08
1.094650e+06 1.474156e+04 1.942502e+08
1.094211e+06 1.483034e+04 1.941044e+08
1.093667e+06 1.494133e+04 1.939240e+08
1.093130e+06 1.505231e+04 1.937455e+08
1.092598e+06 1.516330e+04 1.935691e+08
1.092176e+06 1.525208e+04 1.934293e+08
1.091654e+06 1.536307e+04 1.932563e+08
1.091138e+06 1.547405e+04 1.930851e+08
1.090627e+06 1.558504e+04 1.929159e+08
1.090121e+06 1.569602e+04 1.927484e+08
1.089620e+06 1.580700e+04 1.925828e+08
1.089125e+06 1.591799e+04 1.924189e+08
1.088635e+06 1.602897e+04 1.922567e+08
1.088149e+06 1.613996e+04 1.920963e+08
1.087669e+06 1.625094e+04 1.919376e+08
1.087193e+06 1.636193e+04 1.917805e+08
1.086629e+06 1.649511e+04 1.915942e+08
1.086164e+06 1.660609e+04 1.914407e+08
1.085704e+06 1.671708e+04 1.912887e+08
1.085248e+06 1.682806e+04 1.911384e+08
1.084707e+06 1.696124e+04 1.909600e+08
1.084261e+06 1.707223e+04 1.908130e+08
1.083819e+06 1.718321e+04 1.906675e+08
1.083294e+06 1.731639e+04 1.904949e+08
1.082862e+06 1.742737e+04 1.903526e+08
1.082349e+06 1.756056e+04 1.901837e+08
1.081842e+06 1.769374e+04 1.900169e+08
1.081423e+06 1.780472e+04 1.898794e+08
1.080927e+06 1.793790e+04 1.897161e+08
1.080517e+06 1.804889e+04 1.895816e+08
1.080031e+06 1.818207e+04 1.894219e+08
1.079550e+06 1.831525e+04 1.892640e+08
1.079075e+06 1.844843e+04 1.891080e+08
1.078605e+06 1.858161e+04 1.889538e+08
1.078217e+06 1.869260e+04 1.888267e+08
1.077756e+06 1.882578e+04 1.886757e+08
1.077301e+06 1.895896e+04 1.885265e+08
1.076851e+06 1.909214e+04 1.883790e+08
1.076405e+06 1.922532e+04 1.882331e+08
1.075965e+06 1.935850e+04 1.880889e+08
1.075457e+06 1.951388e+04 1.879227e+08
1.075027e+06 1.964706e+04 1.877820e+08
1.074601e+06 1.978024e+04 1.876429e+08
1.074180e+06 1.991342e+04 1.875053e+08
1.073695e+06 2.006880e+04 1.873467e+08
1.073283e+06 2.020198e+04 1.872124e+08
1.072877e+06 2.033516e+04 1.870796e+08
1.072407e+06 2.049054e+04 1.869264e+08
1.072010e+06 2.062372e+04 1.867967e+08
1.071551e+06 2.077910e+04 1.866472e+08
1.071163e+06 2.091228e+04 1.865205e+08
1.070715e+06 2.106766e+04 1.863744e+08
1.070272e+06 2.122304e+04 1.862302e+08
1.069897e+06 2.135622e+04 1.861080e+08
1.069464e+06 2.151160e+04 1.859670e+08
1.069036e+06 2.166697e+04 1.858278e+08
1.068614e+06 2.182235e+04 1.856903e+08
1.068196e+06 2.197773e+04 1.855545e+08
1.067783e+06 2.213311e+04 1.854204e+08
1.067376e+06 2.228849e+04 1.852878e+08
1.066973e+06 2.244386e+04 1.851569e+08
1.066574e+06 2.259924e+04 1.850275e+08
1.066181e+06 2.275462e+04 1.848997e+08
1.065792e+06 2.291000e+04 1.847734e+08
1.065353e+06 2.308757e+04 1.846309e+08
1.064973e+06 2.324295e+04 1.845079e+08
1.064598e+06 2.339833e+04 1.843863e+08
1.064175e+06 2.357590e+04 1.842490e+08
1.063809e+06 2.373128e+04 1.841305e+08
1.063396e+06 2.390886e+04 1.839967e+08
1.063039e+06 2.406423e+04 1.838811e+08
1.062636e+06 2.424181e+04 1.837506e+08
1.062239e+06 2.441938e+04 1.836219e+08
1.061895e+06 2.457476e+04 1.835107e+08
1.061507e+06 2.475234e+04 1.833851e+08
1.061124e+06 2.492991e+04 1.832612e+08
1.060745e+06 2.510749e+04 1.831389e+08
1.060372e+06 2.528506e+04 1.830182e+08
1.060003e+06 2.546264e+04 1.828990e+08
1.059639e+06 2.564021e+04 1.827815e+08
1.059279e+06 2.581779e+04 1.826654e+08
1.058925e+06 2.599536e+04 1.825508e+08
1.058574e+06 2.617294e+04 1.824377e+08
1.058185e+06 2.637271e+04 1.823122e+08
1.057844e+06 2.655028e+04 1.822021e+08
1.057507e+06 2.672786e+04 1.820935e+08
1.057132e+06 2.692763e+04 1.819728e+08
1.056804e+06 2.710520e+04 1.818671e+08
1.056440e+06 2.730498e+04 1.817497e+08
1.056080e+06 2.750475e+04 1.816339e+08
1.055765e+06 2.768232e+04 1.815324e+08
1.055415e+06 2.788209e+04 1.814197e+08
1.055069e+06 2.808186e+04 1.813086e+08
1.054729e+06 2.828164e+04 1.811990e+08
1.054393e+06 2.848141e+04 1.810910e+08
1.054061e+06 2.868118e+04 1.809844e+08
1.053734e+06 2.888095e+04 1.808793e+08
1.053412e+06 2.908072e+04 1.807757e+08
1.053094e+06 2.928050e+04 1.806734e+08
1.052745e+06 2.950246e+04 1.805615e+08
1.052436e+06 2.970224e+04 1.804622e+08
1.052131e+06 2.990201e+04 1.803642e+08
1.051796e+06 3.012398e+04 1.802570e+08
1.051500e+06 3.032375e+04 1.801618e+08
1.051175e+06 3.054572e+04 1.800576e+08
1.050854e+06 3.076768e+04 1.799549e+08
1.050570e+06 3.096746e+04 1.798638e+08
1.050259e+06 3.118942e+04 1.797640e+08
1.049952e+06 3.141139e+04 1.796656e+08
1.049649e+06 3.163336e+04 1.795688e+08
1.049351e+06 3.185533e+04 1.794733e+08
1.049057e+06 3.207730e+04 1.793793e+08
1.048768e+06 3.229927e+04 1.792866e+08
1.048454e+06 3.254343e+04 1.791862e+08
1.048173e+06 3.276540e+04 1.790964e+08
1.047897e+06 3.298737e+04 1.790078e+08
1.047597e+06 3.323154e+04 1.789119e+08
1.047328e+06 3.345350e+04 1.788260e+08
1.047037e+06 3.369767e+04 1.787330e+08
1.046750e+06 3.394183e+04 1.786414e+08
1.046494e+06 3.416380e+04 1.785594e+08
1.046216e+06 3.440797e+04 1.784706e+08
1.045942e+06 3.465213e+04 1.783831e+08
1.045672e+06 3.489630e+04 1.782971e+08
1.045407e+06 3.514046e+04 1.782123e+08
1.045145e+06 3.538463e+04 1.781289e+08
1.044888e+06 3.562880e+04 1.780468e+08
1.044612e+06 3.589516e+04 1.779587e+08
1.044362e+06 3.613932e+04 1.778792e+08
1.044095e+06 3.640569e+04 1.777939e+08
1.043854e+06 3.664985e+04 1.777170e+08
1.043594e+06 3.691621e+04 1.776344e+08
1.043361e+06 3.716038e+04 1.775599e+08
1.043110e+06 3.742674e+04 1.774800e+08
1.042863e+06 3.769310e+04 1.774014e+08
1.042620e+06 3.795947e+04 1.773240e+08
1.042381e+06 3.822583e+04 1.772480e+08
1.042146e+06 3.849219e+04 1.771732e+08
1.041915e+06 3.875855e+04 1.770997e+08
1.041669e+06 3.904711e+04 1.770214e+08
1.041446e+06 3.931347e+04 1.769503e+08
1.041226e+06 3.957984e+04 1.768805e+08
1.040992e+06 3.986839e+04 1.768061e+08
1.040762e+06 4.015695e+04 1.767330e+08
1.040554e+06 4.042332e+04 1.766666e+08
1.040331e+06 4.071188e+04 1.765960e+08
1.040113e+06 4.100043e+04 1.765266e+08
1.039898e+06 4.128899e+04 1.764584e+08
1.039688e+06 4.157755e+04 1.763915e+08
1.039480e+06 4.186611e+04 1.763256e+08
1.039261e+06 4.217687e+04 1.762561e+08
1.039061e+06 4.246543e+04 1.761926e+08
1.038865e+06 4.275399e+04 1.761303e+08
1.038657e+06 4.306474e+04 1.760644e+08
1.038453e+06 4.337550e+04 1.759997e+08
1.038267e+06 4.366406e+04 1.759407e+08
1.038071e+06 4.397481e+04 1.758783e+08
1.037878e+06 4.428557e+04 1.758170e+08
1.037688e+06 4.459632e+04 1.757569e+08
1.037502e+06 4.490708e+04 1.756979e+08
1.037307e+06 4.524003e+04 1.756359e+08
1.037127e+06 4.555079e+04 1.755792e+08
1.036952e+06 4.586155e+04 1.755235e+08
1.036767e+06 4.619450e+04 1.754649e+08
1.036586e+06 4.652745e+04 1.754075e+08
1.036420e+06 4.683821e+04 1.753549e+08
1.036245e+06 4.717116e+04 1.752997e+08
1.036074e+06 4.750411e+04 1.752455e+08
1.035906e+06 4.783707e+04 1.751924e+08
1.035742e+06 4.817002e+04 1.751403e+08
1.035570e+06 4.852517e+04 1.750859e+08
1.035412e+06 4.885812e+04 1.750359e+08
1.035257e+06 4.919107e+04 1.749868e+08
1.035095e+06 4.954622e+04 1.749356e+08
1.034936e+06 4.990137e+04 1.748854e+08
1.034788e+06 5.024067e+04 1.748384e+08
1.034629e+06 5.061167e+04 1.747880e+08
1.034485e+06 5.095414e+04 1.747425e+08
1.034332e+06 5.132514e+04 1.746942e+08
1.034194e+06 5.166761e+04 1.746506e+08
1.034047e+06 5.203861e+04 1.746043e+08
1.033904e+06 5.240962e+04 1.745590e+08
1.033764e+06 5.278062e+04 1.745146e+08
1.033626e+06 5.315163e+04 1.744712e+08
1.033492e+06 5.352263e+04 1.744287e+08
1.033360e+06 5.389364e+04 1.743871e+08
1.033232e+06 5.426464e+04 1.743464e+08
1.033096e+06 5.466418e+04 1.743036e+08
1.032973e+06 5.503519e+04 1.742647e+08
1.032843e+06 5.543473e+04 1.742236e+08
1.032716e+06 5.583427e+04 1.741836e+08
1.032601e+06 5.620528e+04 1.741472e+08
1.032479e+06 5.660482e+04 1.741089e+08
1.032361e+06 5.700437e+04 1.740714e+08
1.032245e+06 5.740391e+04 1.740348e+08
1.032131e+06 5.780345e+04 1.739990e+08
1.032013e+06 5.823154e+04 1.739616e+08
1.031904e+06 5.863108e+04 1.739274e+08
1.031799e+06 5.903062e+04 1.738941e+08
1.031688e+06 5.945870e+04 1.738591e+08
1.031580e+06 5.988679e+04 1.738251e+08
1.031482e+06 6.028633e+04 1.737940e+08
1.031379e+06 6.071441e+04 1.737615e+08
1.031278e+06 6.114249e+04 1.737298e+08
1.031180e+06 6.157058e+04 1.736988e+08
1.031084e+06 6.199866e+04 1.736686e+08
1.030984e+06 6.245528e+04 1.736372e+08
1.030893e+06 6.288336e+04 1.736085e+08
1.030798e+06 6.333998e+04 1.735786e+08
1.030712e+06 6.376806e+04 1.735512e+08
1.030621e+06 6.422469e+04 1.735228e+08
1.030534e+06 6.468131e+04 1.734951e+08
1.030448e+06 6.513793e+04 1.734681e+08
1.030364e+06 6.559455e+04 1.734418e+08
1.030283e+06 6.605117e+04 1.734161e+08
1.030204e+06 6.650779e+04 1.733911e+08
1.030121e+06 6.699295e+04 1.733653e+08
1.030046e+06 6.744957e+04 1.733415e+08
1.029968e+06 6.793473e+04 1.733170e+08
1.029897e+06 6.839135e+04 1.732945e+08
1.029823e+06 6.887651e+04 1.732713e+08
1.029751e+06 6.936167e+04 1.732486e+08
1.029681e+06 6.984683e+04 1.732266e+08
1.029609e+06 7.036053e+04 1.732039e+08
1.029543e+06 7.084569e+04 1.731830e+08
1.029479e+06 7.133085e+04 1.731628e+08
1.029412e+06 7.184455e+04 1.731419e+08
1.029348e+06 7.235825e+04 1.731216e+08
1.029285e+06 7.287195e+04 1.731019e+08
1.029224e+06 7.338564e+04 1.730827e+08
1.029165e+06 7.389934e+04 1.730641e+08
1.029108e+06 7.441304e+04 1.730460e+08
1.029052e+06 7.492674e+04 1.730284e+08
1.028995e+06 7.546898e+04 1.730104e+08
1.028942e+06 7.598268e+04 1.729938e+08
1.028888e+06 7.652491e+04 1.729768e+08
1.028836e+06 7.706715e+04 1.729603e+08
1.028785e+06 7.760939e+04 1.729443e+08
1.028736e+06 7.815163e+04 1.729288e+08
1.028688e+06 7.869386e+04 1.729138e+08
1.028639e+06 7.926464e+04 1.728984e+08
1.028594e+06 7.980688e+04 1.728842e+08
1.028548e+06 8.037765e+04 1.728698e+08
1.028503e+06 8.094843e+04 1.728558e+08
1.028460e+06 8.151921e+04 1.728422e+08
1.028419e+06 8.208998e+04 1.728291e+08
1.028378e+06 8.266076e+04 1.728164e+08
1.028339e+06 8.323154e+04 1.728040e+08
1.028299e+06 8.383085e+04 1.727915e+08
1.028262e+06 8.440163e+04 1.727799e+08
1.028225e+06 8.500094e+04 1.727682e+08
1.028189e+06 8.560026e+04 1.727568e+08
1.028154e+06 8.619957e+04 1.727458e+08
1.028118e+06 8.682743e+04 1.727347e+08
1.028086e+06 8.742674e+04 1.727244e+08
1.028053e+06 8.805459e+04 1.727140e+08
1.028022e+06 8.865391e+04 1.727044e+08
1.027991e+06 8.928176e+04 1.726946e+08
1.027961e+06 8.990962e+04 1.726852e+08
1.027932e+06 9.053747e+04 1.726762e+08
1.027903e+06 9.119386e+04 1.726670e+08
1.027876e+06 9.182172e+04 1.726586e+08
1.027849e+06 9.247811e+04 1.726500e+08
1.027823e+06 9.313450e+04 1.726418e+08
1.027799e+06 9.376236e+04 1.726342e+08
1.027774e+06 9.444729e+04 1.726262e+08
1.027750e+06 9.510368e+04 1.726188e+08
1.027727e+06 9.576007e+04 1.726117e+08
1.027705e+06 9.644501e+04 1.726046e+08
1.027683e+06 9.712994e+04 1.725977e+08
1.027662e+06 9.781487e+04 1.725910e+08
1.027641e+06 9.849980e+04 1.725846e+08
1.027622e+06 9.918473e+04 1.725785e+08
1.027603e+06 9.986966e+04 1.725726e+08
1.027584e+06 1.005831e+05 1.725666e+08
1.027566e+06 1.012807e+05 1.725610e+08
1.027548e+06 1.020101e+05 1.725554e+08
1.027531e+06 1.027394e+05 1.725500e+08
1.027515e+06 1.034370e+05 1.725450e+08
1.027499e+06 1.041663e+05 1.725400e+08
1.027484e+06 1.048957e+05 1.725353e+08
1.027469e+06 1.056567e+05 1.725305e+08
1.027455e+06 1.063860e+05 1.725260e+08
1.027441e+06 1.071471e+05 1.725216e+08
1.027427e+06 1.079081e+05 1.725174e+08
1.027415e+06 1.086374e+05 1.725135e+08
1.027402e+06 1.094302e+05 1.725094e+08
1.027390e+06 1.101912e+05 1.725057e+08
1.027379e+06 1.109522e+05 1.725021e+08
1.027367e+06 1.117450e+05 1.724985e+08
1.027356e+06 1.125377e+05 1.724951e+08
1.027346e+06 1.133305e+05 1.724918e+08
1.027336e+06 1.141232e+05 1.724886e+08
1.027326e+06 1.149160e+05 1.724856e+08
1.027317e+06 1.157404e+05 1.724826e+08
1.027308e+06 1.165332e+05 1.724799e+08
1.027299e+06 1.173576e+05 1.724771e+08
1.027291e+06 1.181821e+05 1.724745e+08
1.027283e+06 1.190065e+05 1.724720e+08
1.027275e+06 1.198627e+05 1.724695e+08
1.027268e+06 1.206871e+05 1.724672e+08
1.027261e+06 1.215433e+05 1.724650e+08
1.027254e+06 1.223995e+05 1.724628e+08
1.027247e+06 1.232556e+05 1.724608e+08
1.027241e+06 1.241435e+05 1.724587e+08
1.027235e+06 1.249997e+05 1.724568e+08
1.027229e+06 1.258875e+05 1.724550e+08
1.027223e+06 1.267754e+05 1.724532e+08
1.027218e+06 1.276633e+05 1.724515e+08
1.027213e+06 1.285512e+05 1.724499e+08
1.027208e+06 1.294708e+05 1.724484e+08
1.027203e+06 1.303903e+05 1.724469e+08
1.027199e+06 1.313099e+05 1.724454e+08
1.027194e+06 1.322295e+05 1.724441e+08
1.027190e+06 1.331491e+05 1.724428e+08
1.027186e+06 1.341004e+05 1.724415e+08
1.027182e+06 1.350200e+05 1.724404e+08
1.027179e+06 1.359713e+05 1.724392e+08
1.027175e+06 1.369226e+05 1.724381e+08
1.027172e+06 1.379056e+05 1.724371e+08
1.027169e+06 1.388569e+05 1.724361e+08
1.027166e+06 1.398399e+05 1.724352e+08
1.027163e+06 1.408229e+05 1.724342e+08
1.027160e+06 1.418059e+05 1.724334e+08
1.027157e+06 1.428206e+05 1.724326e+08
1.027155e+06 1.438353e+05 1.724318e+08
1.027153e+06 1.448500e+05 1.724310e+08
1.027150e+06 1.458647e+05 1.724303e+08
1.027148e+06 1.468794e+05 1.724296e+08
1.027146e+06 1.479259e+05 1.724290e+08
1.027144e+06 1.489406e+05 1.724284e+08
1.027142e+06 1.499870e+05 1.724278e+08
1.027141e+06 1.510651e+05 1.724272e+08
1.027139e+06 1.521115e+05 1.724267e+08
1.027137e+06 1.531897e+05 1.724262e+08
1.027136e+06 1.542678e+05 1.724257e+08
1.027134e+06 1.553459e+05 1.724253e+08
1.027133e+06 1.564558e+05 1.724248e+08
1.027132e+06 1.575339e+05 1.724244e+08
1.027130e+06 1.586438e+05 1.724240e+08
1.027129e+06 1.597853e+05 1.724237e+08
1.027128e+06 1.608952e+05 1.724233e+08
1.027127e+06 1.620367e+05 1.724230e+08
1.027126e+06 1.631783e+05 1.724227e+08
1.027125e+06 1.643198e+05 1.724224e+08
1.027124e+06 1.654614e+05 1.724221e+08
1.027123e+06 1.666346e+05 1.724219e+08
1.027123e+06 1.678079e+05 1.724216e+08
1.027122e+06 1.689812e+05 1.724214e+08
1.027121e+06 1.701861e+05 1.724212e+08
1.027121e+06 1.713911e+05 1.724209e+08
1.027120e+06 1.725961e+05 1.724208e+08
1.027119e+06 1.738010e+05 1.724206e+08
1.027119e+06 1.750060e+05 1.724204e+08
1.027118e+06 1.762427e+05 1.724202e+08
1.027118e+06 1.774794e+05 1.724201e+08
1.027117e+06 1.787478e+05 1.724199e+08
1.027117e+06 1.799845e+05 1.724198e+08
1.027117e+06 1.812528e+05 1.724197e+08
1.027116e+06 1.825529e+05 1.724195e+08
1.027116e+06 1.838213e+05 1.724194e+08
1.027115e+06 1.851214e+05 1.724193e+08
1.027115e+06 1.864215e+05 1.724192e+08
1.027115e+06 1.877216e+05 1.724191e+08
1.027115e+06 1.890535e+05 1.724190e+08
1.027114e+06 1.903853e+05 1.724190e+08
1.027114e+06 1.917171e+05 1.724189e+08
1.027114e+06 1.930806e+05 1.724188e+08
1.027114e+06 1.944124e+05 1.724188e+08
1.027113e+06 1.958076e+05 1.724187e+08
1.027113e+06 1.971712e+05 1.724186e+08
1.027113e+06 1.985664e+05 1.724186e+08
1.027113e+06 1.999616e+05 1.724185e+08
1.027113e+06 2.013569e+05 1.724185e+08
1.027113e+06 2.027838e+05 1.724184e+08
1.027112e+06 2.042107e+05 1.724184e+08
1.027112e+06 2.056377e+05 1.724184e+08
1.027112e+06 2.070963e+05 1.724183e+08
1.027112e+06 2.085550e+05 1.724183e+08
1.027112e+06 2.100136e+05 1.724183e+08
