1.118964e+07 3.170979e-07 1.233751e+10
1.117069e+07 6.341958e-07 1.230039e+10
1.115231e+07 9.512938e-07 1.226447e+10
1.113449e+07 1.268392e-06 1.222966e+10
1.111719e+07 1.585490e-06 1.219591e+10
1.110038e+07 1.902588e-06 1.216315e+10
1.108404e+07 2.219685e-06 1.213134e+10
1.106814e+07 2.536783e-06 1.210044e+10
1.105267e+07 2.853881e-06 1.207040e+10
1.103760e+07 3.170979e-06 1.204116e+10
1.102291e+07 3.488077e-06 1.201270e+10
1.100858e+07 3.805175e-06 1.198497e+10
1.099460e+07 4.122273e-06 1.195793e+10
1.098095e+07 4.439371e-06 1.193156e+10
1.096762e+07 4.756469e-06 1.190582e+10
1.095458e+07 5.073567e-06 1.188069e+10
1.094184e+07 5.390665e-06 1.185614e+10
1.092937e+07 5.707763e-06 1.183214e+10
1.091716e+07 6.024860e-06 1.180867e+10
1.090521e+07 6.341958e-06 1.178571e+10
1.089351e+07 6.659056e-06 1.176323e+10
1.088203e+07 6.976154e-06 1.174122e+10
1.087078e+07 7.293252e-06 1.171966e+10
1.085975e+07 7.610350e-06 1.169853e+10
1.084893e+07 7.927448e-06 1.167782e+10
1.083831e+07 8.244546e-06 1.165751e+10
1.082788e+07 8.561644e-06 1.163758e+10
1.081764e+07 8.878742e-06 1.161802e+10
1.080757e+07 9.195840e-06 1.159883e+10
1.079769e+07 9.512938e-06 1.157998e+10
1.078797e+07 9.830036e-06 1.156146e+10
1.077841e+07 1.014713e-05 1.154327e+10
1.076901e+07 1.046423e-05 1.152539e+10
1.075977e+07 1.078133e-05 1.150781e+10
1.075067e+07 1.109843e-05 1.149052e+10
1.074172e+07 1.141553e-05 1.147352e+10
1.073290e+07 1.173262e-05 1.145679e+10
1.072422e+07 1.204972e-05 1.144033e+10
1.071567e+07 1.236682e-05 1.142413e+10
1.070725e+07 1.268392e-05 1.140818e+10
1.069895e+07 1.300101e-05 1.139247e+10
1.069078e+07 1.331811e-05 1.137700e+10
1.068272e+07 1.363521e-05 1.136176e+10
1.067477e+07 1.395231e-05 1.134674e+10
1.066693e+07 1.426941e-05 1.133194e+10
1.065920e+07 1.458650e-05 1.131735e+10
1.065157e+07 1.490360e-05 1.130297e+10
1.064405e+07 1.522070e-05 1.128878e+10
1.063663e+07 1.553780e-05 1.127480e+10
1.062930e+07 1.585490e-05 1.126100e+10
1.062207e+07 1.617199e-05 1.124738e+10
1.061493e+07 1.648909e-05 1.123395e+10
1.060787e+07 1.680619e-05 1.122069e+10
1.060091e+07 1.712329e-05 1.120760e+10
1.059403e+07 1.744039e-05 1.119468e+10
1.058724e+07 1.775748e-05 1.118192e+10
1.058052e+07 1.807458e-05 1.116933e+10
1.057389e+07 1.839168e-05 1.115688e+10
1.056733e+07 1.870878e-05 1.114459e+10
1.056085e+07 1.902588e-05 1.113245e+10
1.055445e+07 1.934297e-05 1.112045e+10
1.054811e+07 1.966007e-05 1.110860e+10
1.054185e+07 1.997717e-05 1.109688e+10
1.053566e+07 2.029427e-05 1.108529e+10
1.052953e+07 2.061136e-05 1.107384e+10
1.052346e+07 2.092846e-05 1.106250e+10
1.051746e+07 2.124556e-05 1.105129e+10
1.051152e+07 2.156266e-05 1.104020e+10
1.050564e+07 2.187976e-05 1.102923e+10
1.049982e+07 2.219685e-05 1.101837e+10
1.049405e+07 2.251395e-05 1.100762e+10
1.048835e+07 2.283105e-05 1.099698e+10
1.048270e+07 2.314815e-05 1.098646e+10
1.047710e+07 2.346525e-05 1.097604e+10
1.047156e+07 2.378234e-05 1.096572e+10
1.046607e+07 2.409944e-05 1.095550e+10
1.046063e+07 2.441654e-05 1.094539e+10
1.045524e+07 2.473364e-05 1.093538e+10
1.044991e+07 2.505074e-05 1.092546e+10
1.044462e+07 2.536783e-05 1.091563e+10
1.043938e+07 2.568493e-05 1.090590e+10
1.043418e+07 2.600203e-05 1.089626e+10
1.042904e+07 2.631913e-05 1.088671e+10
1.042394e+07 2.663623e-05 1.087725e+10
1.041888e+07 2.695332e-05 1.086788e+10
1.041387e+07 2.727042e-05 1.085859e+10
1.037528e+07 2.980720e-05 1.078719e+10
1.032616e+07 3.329528e-05 1.069660e+10
1.028104e+07 3.678336e-05 1.061368e+10
1.023208e+07 4.090563e-05 1.052401e+10
1.018052e+07 4.566210e-05 1.042996e+10
1.013042e+07 5.073567e-05 1.033891e+10
1.007907e+07 5.644343e-05 1.024596e+10
1.002720e+07 6.278539e-05 1.015245e+10
9.975273e+06 6.976154e-05 1.005920e+10
9.923366e+06 7.737189e-05 9.966363e+09
9.868031e+06 8.625063e-05 9.867813e+09
9.813972e+06 9.576357e-05 9.771949e+09
9.758152e+06 1.065449e-04 9.673392e+09
9.701459e+06 1.185946e-04 9.573740e+09
9.645822e+06 1.315956e-04 9.476385e+09
9.587590e+06 1.464992e-04 9.374955e+09
9.528891e+06 1.629883e-04 9.273194e+09
9.470185e+06 1.810629e-04 9.171908e+09
9.409456e+06 2.013572e-04 9.067643e+09
9.346601e+06 2.241882e-04 8.960278e+09
9.283259e+06 2.492390e-04 8.852647e+09
9.218527e+06 2.771436e-04 8.743243e+09
9.152418e+06 3.082192e-04 8.632125e+09
9.084536e+06 3.427829e-04 8.518674e+09
9.015034e+06 3.811517e-04 8.403198e+09
8.942958e+06 4.239599e-04 8.284172e+09
8.868070e+06 4.715246e-04 8.161291e+09
8.790257e+06 5.244800e-04 8.034462e+09
8.709946e+06 5.831431e-04 7.904472e+09
8.625889e+06 6.487823e-04 7.769413e+09
8.538778e+06 7.213978e-04 7.630524e+09
8.447356e+06 8.022577e-04 7.485939e+09
8.351292e+06 8.923135e-04 7.335319e+09
8.250696e+06 9.925165e-04 7.179029e+09
8.122908e+06 1.126966e-03 6.982619e+09
8.009954e+06 1.253805e-03 6.810996e+09
7.903118e+06 1.380644e-03 6.650390e+09
7.777532e+06 1.539193e-03 6.463744e+09
7.659833e+06 1.697742e-03 6.290932e+09
7.527408e+06 1.888001e-03 6.098951e+09
7.383626e+06 2.109970e-03 5.893458e+09
7.250045e+06 2.331938e-03 5.705310e+09
7.108404e+06 2.585616e-03 5.508731e+09
6.945785e+06 2.902714e-03 5.286763e+09
6.797131e+06 3.219812e-03 5.087359e+09
6.647570e+06 3.568620e-03 4.890117e+09
6.487011e+06 3.980847e-03 4.682173e+09
6.330867e+06 4.424784e-03 4.483745e+09
6.179787e+06 4.900431e-03 4.295341e+09
6.025808e+06 5.439498e-03 4.106970e+09
5.864207e+06 6.073694e-03 3.913259e+09
5.713486e+06 6.739599e-03 3.736292e+09
5.560618e+06 7.500634e-03 3.560471e+09
5.414354e+06 8.325089e-03 3.395726e+09
5.265760e+06 9.276383e-03 3.231863e+09
5.122101e+06 1.032281e-02 3.076806e+09
4.969636e+06 1.159120e-02 2.915892e+09
4.837808e+06 1.285959e-02 2.779816e+09
4.695655e+06 1.444508e-02 2.636279e+09
4.573455e+06 1.603057e-02 2.515560e+09
4.467053e+06 1.761606e-02 2.412467e+09
4.355940e+06 1.951865e-02 2.306830e+09
4.244325e+06 2.173833e-02 2.202805e+09
4.135463e+06 2.427511e-02 2.103374e+09
4.042079e+06 2.681190e-02 2.019686e+09
3.942336e+06 2.998288e-02 1.931911e+09
3.849285e+06 3.347095e-02 1.851557e+09
3.769907e+06 3.695903e-02 1.784193e+09
3.689568e+06 4.108130e-02 1.717130e+09
3.611045e+06 4.583777e-02 1.652673e+09
3.540104e+06 5.091134e-02 1.595369e+09
3.472335e+06 5.661910e-02 1.541456e+09
3.408698e+06 6.296106e-02 1.491570e+09
3.349417e+06 6.993721e-02 1.445746e+09
3.292492e+06 7.786466e-02 1.402335e+09
3.240705e+06 8.642631e-02 1.363345e+09
3.190629e+06 9.625634e-02 1.326102e+09
3.134105e+06 1.095745e-01 1.284607e+09
3.100233e+06 1.190874e-01 1.260018e+09
3.052969e+06 1.349423e-01 1.226010e+09
3.021466e+06 1.476262e-01 1.203569e+09
2.988096e+06 1.634811e-01 1.179995e+09
2.954930e+06 1.825070e-01 1.156769e+09
2.923380e+06 2.047038e-01 1.134863e+09
2.897593e+06 2.269007e-01 1.117094e+09
2.873450e+06 2.522685e-01 1.100570e+09
2.851453e+06 2.808073e-01 1.085609e+09
2.833666e+06 3.093461e-01 1.073577e+09
2.816263e+06 3.442269e-01 1.061862e+09
2.800283e+06 3.854496e-01 1.051154e+09
2.787940e+06 4.266724e-01 1.042916e+09
2.776955e+06 4.742371e-01 1.035608e+09
2.767506e+06 5.281437e-01 1.029340e+09
2.759558e+06 5.883923e-01 1.024081e+09
2.753216e+06 6.518119e-01 1.019893e+09
2.747640e+06 7.247444e-01 1.016216e+09
2.742792e+06 8.071899e-01 1.013025e+09
2.738681e+06 8.959773e-01 1.010323e+09
2.734883e+06 9.974486e-01 1.007828e+09
2.730495e+06 1.127459e+00 1.004950e+09
2.726936e+06 1.254298e+00 1.002618e+09
2.723892e+06 1.381137e+00 1.000626e+09
2.720617e+06 1.539686e+00 9.984836e+08
2.717746e+06 1.698235e+00 9.966079e+08
2.714675e+06 1.888494e+00 9.946032e+08
2.711463e+06 2.110462e+00 9.925082e+08
2.708554e+06 2.332431e+00 9.906124e+08
2.705167e+06 2.617819e+00 9.884068e+08
2.702093e+06 2.903207e+00 9.864075e+08
2.698975e+06 3.220305e+00 9.843812e+08
2.695831e+06 3.569113e+00 9.823393e+08
2.692427e+06 3.981340e+00 9.801314e+08
2.689066e+06 4.425277e+00 9.779534e+08
2.685538e+06 4.932634e+00 9.756694e+08
2.682087e+06 5.471700e+00 9.734373e+08
2.678521e+06 6.074186e+00 9.711335e+08
2.674704e+06 6.771802e+00 9.686700e+08
2.670850e+06 7.532837e+00 9.661848e+08
2.666972e+06 8.357291e+00 9.636881e+08
2.662803e+06 9.308585e+00 9.610063e+08
2.656029e+06 1.064040e+01 9.566563e+08
2.652292e+06 1.159169e+01 9.542604e+08
2.647596e+06 1.286008e+01 9.512529e+08
2.641881e+06 1.444557e+01 9.475988e+08
2.636162e+06 1.603106e+01 9.439485e+08
2.630296e+06 1.761655e+01 9.402104e+08
2.621602e+06 1.983624e+01 9.346826e+08
2.612115e+06 2.205592e+01 9.286668e+08
2.601600e+06 2.427561e+01 9.220191e+08
2.586301e+06 2.712949e+01 9.123840e+08
2.568795e+06 2.998337e+01 9.014135e+08
2.544229e+06 3.347145e+01 8.861172e+08
2.513279e+06 3.727662e+01 8.670090e+08
2.474991e+06 4.139889e+01 8.436239e+08
2.428568e+06 4.583827e+01 8.156470e+08
2.366822e+06 5.122893e+01 7.790406e+08
2.297220e+06 5.693669e+01 7.386082e+08
2.219098e+06 6.327865e+01 6.943587e+08
2.136362e+06 7.025481e+01 6.488131e+08
2.050388e+06 7.818225e+01 6.029304e+08
1.969690e+06 8.674390e+01 5.612165e+08
1.893147e+06 9.657393e+01 5.228715e+08
1.827104e+06 1.073553e+02 4.906981e+08
1.771473e+06 1.194050e+02 4.642145e+08
1.726302e+06 1.327231e+02 4.431898e+08
1.689483e+06 1.476267e+02 4.263725e+08
1.659431e+06 1.641158e+02 4.128598e+08
1.633903e+06 1.825075e+02 4.015334e+08
1.611269e+06 2.031188e+02 3.916074e+08
1.590714e+06 2.259499e+02 3.826885e+08
1.571699e+06 2.510006e+02 3.745191e+08
1.553340e+06 2.792223e+02 3.667058e+08
1.534476e+06 3.128347e+02 3.587533e+08
1.517560e+06 3.477155e+02 3.516880e+08
1.501351e+06 3.857672e+02 3.449764e+08
1.484791e+06 4.301609e+02 3.381786e+08
1.469240e+06 4.777256e+02 3.318492e+08
1.454599e+06 5.284613e+02 3.259393e+08
1.439260e+06 5.887099e+02 3.197977e+08
1.424408e+06 6.553005e+02 3.138684e+08
1.410154e+06 7.282330e+02 3.081774e+08
1.395909e+06 8.106784e+02 3.025370e+08
1.382320e+06 8.994659e+02 2.972004e+08
1.368687e+06 1.000000e+03 2.918891e+08
1.368675e+06 1.000095e+03 2.918846e+08
1.368670e+06 1.000191e+03 2.918824e+08
1.368794e+06 1.000286e+03 2.919304e+08
1.369408e+06 1.000382e+03 2.921688e+08
1.370907e+06 1.000477e+03 2.927508e+08
1.373536e+06 1.000573e+03 2.937731e+08
1.377379e+06 1.000668e+03 2.952705e+08
1.382406e+06 1.000764e+03 2.972337e+08
1.388514e+06 1.000859e+03 2.996275e+08
1.395572e+06 1.000955e+03 3.024041e+08
1.403521e+06 1.001051e+03 3.055452e+08
1.412029e+06 1.001146e+03 3.089234e+08
1.421065e+06 1.001241e+03 3.125295e+08
1.430680e+06 1.001338e+03 3.163847e+08
1.440578e+06 1.001433e+03 3.203231e+08
1.450701e+06 1.001528e+03 3.243734e+08
1.460975e+06 1.001623e+03 3.285072e+08
1.471509e+06 1.001720e+03 3.327697e+08
1.481904e+06 1.001815e+03 3.369993e+08
1.492286e+06 1.001910e+03 3.412475e+08
1.502791e+06 1.002007e+03 3.455701e+08
1.513045e+06 1.002102e+03 3.498128e+08
1.523199e+06 1.002197e+03 3.540362e+08
1.533233e+06 1.002292e+03 3.582322e+08
1.543298e+06 1.002389e+03 3.624627e+08
1.553051e+06 1.002484e+03 3.665832e+08
1.562650e+06 1.002579e+03 3.706588e+08
1.572246e+06 1.002676e+03 3.747529e+08
1.581520e+06 1.002771e+03 3.787288e+08
1.590629e+06 1.002866e+03 3.826520e+08
1.599721e+06 1.002963e+03 3.865854e+08
1.608497e+06 1.003058e+03 3.903992e+08
1.617110e+06 1.003153e+03 3.941581e+08
1.625699e+06 1.003250e+03 3.979229e+08
1.633986e+06 1.003345e+03 4.015698e+08
1.642248e+06 1.003442e+03 4.052206e+08
1.650218e+06 1.003537e+03 4.087561e+08
1.658035e+06 1.003632e+03 4.122371e+08
1.665829e+06 1.003729e+03 4.157208e+08
1.673348e+06 1.003824e+03 4.190938e+08
1.680846e+06 1.003921e+03 4.224694e+08
1.688081e+06 1.004016e+03 4.257379e+08
1.695180e+06 1.004111e+03 4.289559e+08
1.702262e+06 1.004208e+03 4.321768e+08
1.709098e+06 1.004303e+03 4.352958e+08
1.715918e+06 1.004400e+03 4.384177e+08
1.722502e+06 1.004495e+03 4.414410e+08
1.729074e+06 1.004591e+03 4.444676e+08
1.735421e+06 1.004687e+03 4.473993e+08
1.741757e+06 1.004783e+03 4.503347e+08
1.747879e+06 1.004878e+03 4.531788e+08
1.753894e+06 1.004974e+03 4.559809e+08
1.759902e+06 1.005070e+03 4.587878e+08
1.765711e+06 1.005165e+03 4.615083e+08
1.771515e+06 1.005262e+03 4.642342e+08
1.777129e+06 1.005357e+03 4.668772e+08
1.782741e+06 1.005454e+03 4.695261e+08
1.788170e+06 1.005549e+03 4.720950e+08
1.793600e+06 1.005646e+03 4.746705e+08
1.798855e+06 1.005741e+03 4.771687e+08
1.804112e+06 1.005838e+03 4.796738e+08
1.809201e+06 1.005933e+03 4.821044e+08
1.814294e+06 1.006029e+03 4.845423e+08
1.819307e+06 1.006126e+03 4.869475e+08
1.824163e+06 1.006221e+03 4.892821e+08
1.829026e+06 1.006318e+03 4.916248e+08
1.833737e+06 1.006413e+03 4.938993e+08
1.838455e+06 1.006510e+03 4.961822e+08
1.843029e+06 1.006605e+03 4.983992e+08
1.847611e+06 1.006702e+03 5.006249e+08
1.852070e+06 1.006797e+03 5.027868e+08
1.856544e+06 1.006894e+03 5.049574e+08
1.860954e+06 1.006990e+03 5.071013e+08
1.865232e+06 1.007085e+03 5.091845e+08
1.869521e+06 1.007182e+03 5.112770e+08
1.873682e+06 1.007277e+03 5.133108e+08
1.877855e+06 1.007374e+03 5.153540e+08
1.881972e+06 1.007471e+03 5.173732e+08
1.885968e+06 1.007566e+03 5.193363e+08
1.889978e+06 1.007662e+03 5.213093e+08
1.893934e+06 1.007759e+03 5.232595e+08
1.897776e+06 1.007854e+03 5.251561e+08
1.901631e+06 1.007951e+03 5.270627e+08
1.905438e+06 1.008048e+03 5.289479e+08
1.909135e+06 1.008143e+03 5.307818e+08
1.912846e+06 1.008240e+03 5.326258e+08
1.916512e+06 1.008336e+03 5.344496e+08
1.920073e+06 1.008431e+03 5.362243e+08
1.923650e+06 1.008528e+03 5.380092e+08
1.927184e+06 1.008625e+03 5.397751e+08
1.930618e+06 1.008720e+03 5.414938e+08
1.934068e+06 1.008817e+03 5.432229e+08
1.937478e+06 1.008913e+03 5.449339e+08
1.940792e+06 1.009009e+03 5.465996e+08
1.944123e+06 1.009105e+03 5.482759e+08
1.947416e+06 1.009202e+03 5.499351e+08
1.950671e+06 1.009299e+03 5.515776e+08
1.953837e+06 1.009394e+03 5.531771e+08
1.957020e+06 1.009491e+03 5.547871e+08
1.960168e+06 1.009587e+03 5.563814e+08
1.963281e+06 1.009684e+03 5.579599e+08
1.966309e+06 1.009779e+03 5.594976e+08
1.969354e+06 1.009876e+03 5.610458e+08
1.972367e+06 1.009973e+03 5.625791e+08
1.975397e+06 1.010071e+03 5.641231e+08
1.978296e+06 1.010166e+03 5.656026e+08
1.981166e+06 1.010261e+03 5.670682e+08
1.984099e+06 1.010359e+03 5.685683e+08
1.986908e+06 1.010455e+03 5.700064e+08
1.989781e+06 1.010553e+03 5.714786e+08
1.992532e+06 1.010648e+03 5.728902e+08
1.995255e+06 1.010743e+03 5.742891e+08
1.998040e+06 1.010841e+03 5.757213e+08
2.000708e+06 1.010937e+03 5.770947e+08
2.003438e+06 1.011035e+03 5.785011e+08
2.006052e+06 1.011130e+03 5.798498e+08
2.008641e+06 1.011225e+03 5.811866e+08
2.011290e+06 1.011323e+03 5.825557e+08
2.013827e+06 1.011419e+03 5.838689e+08
2.016424e+06 1.011517e+03 5.852139e+08
2.018913e+06 1.011612e+03 5.865041e+08
2.021459e+06 1.011710e+03 5.878256e+08
2.023900e+06 1.011805e+03 5.890935e+08
2.026398e+06 1.011904e+03 5.903922e+08
2.028792e+06 1.011999e+03 5.916383e+08
2.031164e+06 1.012094e+03 5.928739e+08
2.033591e+06 1.012192e+03 5.941398e+08
2.035919e+06 1.012287e+03 5.953545e+08
2.038301e+06 1.012386e+03 5.965990e+08
2.040585e+06 1.012481e+03 5.977932e+08
2.042924e+06 1.012579e+03 5.990169e+08
2.045166e+06 1.012674e+03 6.001912e+08
2.047461e+06 1.012773e+03 6.013946e+08
2.049662e+06 1.012868e+03 6.025494e+08
2.051916e+06 1.012966e+03 6.037329e+08
2.054077e+06 1.013061e+03 6.048688e+08
2.056290e+06 1.013159e+03 6.060329e+08
2.058412e+06 1.013255e+03 6.071503e+08
2.060586e+06 1.013353e+03 6.082954e+08
2.062670e+06 1.013448e+03 6.093946e+08
2.064737e+06 1.013543e+03 6.104851e+08
2.066853e+06 1.013641e+03 6.116027e+08
2.068882e+06 1.013737e+03 6.126756e+08
2.070961e+06 1.013835e+03 6.137752e+08
2.073022e+06 1.013933e+03 6.148659e+08
2.074998e+06 1.014028e+03 6.159130e+08
2.077022e+06 1.014127e+03 6.169864e+08
2.078964e+06 1.014222e+03 6.180168e+08
2.080954e+06 1.014320e+03 6.190733e+08
2.082863e+06 1.014415e+03 6.200876e+08
2.084818e+06 1.014513e+03 6.211275e+08
2.086695e+06 1.014609e+03 6.221261e+08
2.088618e+06 1.014707e+03 6.231500e+08
2.090463e+06 1.014802e+03 6.241332e+08
2.092353e+06 1.014900e+03 6.251414e+08
2.094167e+06 1.014995e+03 6.261097e+08
2.096027e+06 1.015094e+03 6.271026e+08
2.097811e+06 1.015189e+03 6.280563e+08
2.099640e+06 1.015287e+03 6.290343e+08
2.101396e+06 1.015382e+03 6.299736e+08
2.103195e+06 1.015481e+03 6.309370e+08
2.104979e+06 1.015579e+03 6.318930e+08
2.106691e+06 1.015674e+03 6.328112e+08
2.108447e+06 1.015772e+03 6.337529e+08
2.110132e+06 1.015867e+03 6.346575e+08
2.111859e+06 1.015966e+03 6.355854e+08
2.113517e+06 1.016061e+03 6.364766e+08
2.115216e+06 1.016159e+03 6.373908e+08
2.116848e+06 1.016254e+03 6.382690e+08
2.118521e+06 1.016353e+03 6.391699e+08
2.120180e+06 1.016451e+03 6.400641e+08
2.121773e+06 1.016546e+03 6.409231e+08
2.123407e+06 1.016644e+03 6.418043e+08
2.124975e+06 1.016739e+03 6.426510e+08
2.126583e+06 1.016838e+03 6.435196e+08
2.128179e+06 1.016936e+03 6.443818e+08
2.129710e+06 1.017031e+03 6.452103e+08
2.131281e+06 1.017129e+03 6.460603e+08
2.132790e+06 1.017225e+03 6.468770e+08
2.134337e+06 1.017323e+03 6.477150e+08
2.135872e+06 1.017421e+03 6.485470e+08
2.137346e+06 1.017516e+03 6.493465e+08
2.138858e+06 1.017615e+03 6.501668e+08
2.140310e+06 1.017710e+03 6.509551e+08
2.141799e+06 1.017808e+03 6.517640e+08
2.143276e+06 1.017906e+03 6.525671e+08
2.144696e+06 1.018001e+03 6.533390e+08
2.146152e+06 1.018100e+03 6.541311e+08
2.147597e+06 1.018198e+03 6.549176e+08
2.148984e+06 1.018293e+03 6.556735e+08
2.150408e+06 1.018392e+03 6.564493e+08
2.151821e+06 1.018490e+03 6.572196e+08
2.153178e+06 1.018585e+03 6.579600e+08
2.154570e+06 1.018683e+03 6.587198e+08
2.155908e+06 1.018778e+03 6.594502e+08
2.157280e+06 1.018877e+03 6.601997e+08
2.158642e+06 1.018975e+03 6.609441e+08
2.159950e+06 1.019070e+03 6.616595e+08
2.161292e+06 1.019168e+03 6.623938e+08
2.162625e+06 1.019267e+03 6.631230e+08
2.163904e+06 1.019362e+03 6.638239e+08
2.165217e+06 1.019460e+03 6.645433e+08
2.166521e+06 1.019558e+03 6.652577e+08
2.167773e+06 1.019654e+03 6.659444e+08
2.169057e+06 1.019752e+03 6.666492e+08
2.170333e+06 1.019850e+03 6.673491e+08
2.171558e+06 1.019945e+03 6.680219e+08
2.172815e+06 1.020044e+03 6.687126e+08
2.174063e+06 1.020142e+03 6.693985e+08
2.175302e+06 1.020240e+03 6.700797e+08
2.176492e+06 1.020335e+03 6.707346e+08
2.177713e+06 1.020434e+03 6.714069e+08
2.178926e+06 1.020532e+03 6.720746e+08
2.180092e+06 1.020627e+03 6.727166e+08
2.181287e+06 1.020725e+03 6.733756e+08
2.182475e+06 1.020824e+03 6.740302e+08
2.183654e+06 1.020922e+03 6.746805e+08
2.184787e+06 1.021017e+03 6.753057e+08
2.185949e+06 1.021115e+03 6.759476e+08
2.187104e+06 1.021214e+03 6.765852e+08
2.188214e+06 1.021309e+03 6.771984e+08
2.189353e+06 1.021407e+03 6.778279e+08
2.190484e+06 1.021505e+03 6.784533e+08
2.191607e+06 1.021604e+03 6.790747e+08
2.192687e+06 1.021699e+03 6.796722e+08
2.193796e+06 1.021797e+03 6.802857e+08
2.194896e+06 1.021895e+03 6.808953e+08
2.195990e+06 1.021994e+03 6.815010e+08
2.197041e+06 1.022089e+03 6.820835e+08
2.198119e+06 1.022187e+03 6.826817e+08
2.199191e+06 1.022285e+03 6.832760e+08
2.200255e+06 1.022384e+03 6.838666e+08
2.201279e+06 1.022479e+03 6.844346e+08
2.202329e+06 1.022577e+03 6.850179e+08
2.203373e+06 1.022675e+03 6.855976e+08
2.204409e+06 1.022774e+03 6.861736e+08
2.205406e+06 1.022869e+03 6.867276e+08
2.206429e+06 1.022967e+03 6.872966e+08
2.207445e+06 1.023066e+03 6.878620e+08
2.208455e+06 1.023164e+03 6.884239e+08
2.209458e+06 1.023262e+03 6.889823e+08
2.210423e+06 1.023357e+03 6.895194e+08
2.211413e+06 1.023456e+03 6.900710e+08
2.212396e+06 1.023554e+03 6.906192e+08
2.213374e+06 1.023652e+03 6.911640e+08
2.214344e+06 1.023750e+03 6.917053e+08
2.215278e+06 1.023846e+03 6.922260e+08
2.216236e+06 1.023944e+03 6.927608e+08
2.217188e+06 1.024042e+03 6.932922e+08
2.218134e+06 1.024140e+03 6.938203e+08
2.219073e+06 1.024239e+03 6.943452e+08
2.219977e+06 1.024334e+03 6.948500e+08
2.220904e+06 1.024432e+03 6.953685e+08
2.221826e+06 1.024531e+03 6.958838e+08
2.222742e+06 1.024629e+03 6.963960e+08
2.223651e+06 1.024727e+03 6.969049e+08
2.224555e+06 1.024825e+03 6.974107e+08
2.225424e+06 1.024921e+03 6.978973e+08
2.226316e+06 1.025019e+03 6.983970e+08
2.227203e+06 1.025117e+03 6.988937e+08
2.228084e+06 1.025215e+03 6.993873e+08
2.228959e+06 1.025314e+03 6.998779e+08
2.229829e+06 1.025412e+03 7.003655e+08
2.230665e+06 1.025507e+03 7.008346e+08
2.231524e+06 1.025605e+03 7.013164e+08
2.232377e+06 1.025704e+03 7.017952e+08
2.233224e+06 1.025802e+03 7.022711e+08
2.234067e+06 1.025900e+03 7.027442e+08
2.234904e+06 1.025999e+03 7.032143e+08
2.235735e+06 1.026097e+03 7.036816e+08
2.236535e+06 1.026192e+03 7.041312e+08
2.237356e+06 1.026290e+03 7.045929e+08
2.238173e+06 1.026389e+03 7.050519e+08
2.238983e+06 1.026487e+03 7.055081e+08
2.239789e+06 1.026585e+03 7.059615e+08
2.240590e+06 1.026684e+03 7.064123e+08
2.241386e+06 1.026782e+03 7.068603e+08
2.242177e+06 1.026880e+03 7.073056e+08
2.242962e+06 1.026979e+03 7.077483e+08
2.243718e+06 1.027074e+03 7.081741e+08
2.244494e+06 1.027172e+03 7.086116e+08
2.245266e+06 1.027270e+03 7.090464e+08
2.246032e+06 1.027369e+03 7.094787e+08
2.246794e+06 1.027467e+03 7.099084e+08
2.247551e+06 1.027565e+03 7.103356e+08
2.248303e+06 1.027663e+03 7.107602e+08
2.249051e+06 1.027762e+03 7.111823e+08
2.249794e+06 1.027860e+03 7.116019e+08
2.250532e+06 1.027958e+03 7.120191e+08
2.251266e+06 1.028057e+03 7.124337e+08
2.251996e+06 1.028155e+03 7.128459e+08
2.252721e+06 1.028253e+03 7.132556e+08
2.253418e+06 1.028348e+03 7.136498e+08
2.254134e+06 1.028447e+03 7.140548e+08
2.254845e+06 1.028545e+03 7.144573e+08
2.255553e+06 1.028643e+03 7.148575e+08
2.256255e+06 1.028742e+03 7.152553e+08
2.256954e+06 1.028840e+03 7.156507e+08
2.257648e+06 1.028938e+03 7.160438e+08
2.258338e+06 1.029036e+03 7.164346e+08
2.259024e+06 1.029135e+03 7.168230e+08
2.259705e+06 1.029233e+03 7.172091e+08
2.260382e+06 1.029331e+03 7.175930e+08
2.261056e+06 1.029430e+03 7.179746e+08
2.261724e+06 1.029528e+03 7.183539e+08
2.262389e+06 1.029626e+03 7.187310e+08
2.263050e+06 1.029725e+03 7.191058e+08
2.263707e+06 1.029823e+03 7.194784e+08
2.264359e+06 1.029921e+03 7.198489e+08
2.265008e+06 1.030019e+03 7.202171e+08
2.265653e+06 1.030118e+03 7.205831e+08
2.266293e+06 1.030216e+03 7.209470e+08
2.266930e+06 1.030314e+03 7.213087e+08
2.267563e+06 1.030413e+03 7.216683e+08
2.268192e+06 1.030511e+03 7.220258e+08
2.268817e+06 1.030609e+03 7.223812e+08
2.269438e+06 1.030708e+03 7.227344e+08
2.270056e+06 1.030806e+03 7.230856e+08
2.270670e+06 1.030904e+03 7.234347e+08
2.271280e+06 1.031002e+03 7.237818e+08
2.271886e+06 1.031101e+03 7.241268e+08
2.272489e+06 1.031199e+03 7.244698e+08
2.273087e+06 1.031297e+03 7.248107e+08
2.273683e+06 1.031396e+03 7.251497e+08
2.274274e+06 1.031494e+03 7.254867e+08
2.274862e+06 1.031592e+03 7.258217e+08
2.275447e+06 1.031691e+03 7.261547e+08
2.276028e+06 1.031789e+03 7.264858e+08
2.276605e+06 1.031887e+03 7.268149e+08
2.277179e+06 1.031985e+03 7.271421e+08
2.277750e+06 1.032084e+03 7.274674e+08
2.278317e+06 1.032182e+03 7.277908e+08
2.278880e+06 1.032280e+03 7.281123e+08
2.279441e+06 1.032379e+03 7.284319e+08
2.280015e+06 1.032480e+03 7.287599e+08
2.280569e+06 1.032578e+03 7.290758e+08
2.281119e+06 1.032677e+03 7.293899e+08
2.281666e+06 1.032775e+03 7.297021e+08
2.282210e+06 1.032873e+03 7.300126e+08
2.282750e+06 1.032972e+03 7.303213e+08
2.283287e+06 1.033070e+03 7.306281e+08
2.283821e+06 1.033168e+03 7.309333e+08
2.284352e+06 1.033267e+03 7.312367e+08
2.284880e+06 1.033365e+03 7.315383e+08
2.285404e+06 1.033463e+03 7.318382e+08
2.285926e+06 1.033561e+03 7.321365e+08
2.286461e+06 1.033663e+03 7.324425e+08
2.286976e+06 1.033761e+03 7.327373e+08
2.287489e+06 1.033860e+03 7.330305e+08
2.287998e+06 1.033958e+03 7.333219e+08
2.288504e+06 1.034056e+03 7.336118e+08
2.289008e+06 1.034154e+03 7.339000e+08
2.289508e+06 1.034253e+03 7.341865e+08
2.290006e+06 1.034351e+03 7.344715e+08
2.290501e+06 1.034449e+03 7.347549e+08
2.291008e+06 1.034551e+03 7.350457e+08
2.291497e+06 1.034649e+03 7.353258e+08
2.291983e+06 1.034747e+03 7.356043e+08
2.292467e+06 1.034846e+03 7.358813e+08
2.292947e+06 1.034944e+03 7.361567e+08
2.293425e+06 1.035042e+03 7.364306e+08
2.293900e+06 1.035141e+03 7.367030e+08
2.294372e+06 1.035239e+03 7.369738e+08
2.294857e+06 1.035340e+03 7.372518e+08
2.295324e+06 1.035439e+03 7.375196e+08
2.295788e+06 1.035537e+03 7.377859e+08
2.296249e+06 1.035635e+03 7.380507e+08
2.296708e+06 1.035734e+03 7.383141e+08
2.297164e+06 1.035832e+03 7.385760e+08
2.297633e+06 1.035933e+03 7.388449e+08
2.298084e+06 1.036032e+03 7.391039e+08
2.298532e+06 1.036130e+03 7.393615e+08
2.298978e+06 1.036228e+03 7.396176e+08
2.299422e+06 1.036327e+03 7.398723e+08
2.299863e+06 1.036425e+03 7.401257e+08
2.300315e+06 1.036526e+03 7.403857e+08
2.300751e+06 1.036625e+03 7.406363e+08
2.301184e+06 1.036723e+03 7.408854e+08
2.301616e+06 1.036821e+03 7.411333e+08
2.302044e+06 1.036920e+03 7.413797e+08
2.302484e+06 1.037021e+03 7.416327e+08
2.302908e+06 1.037119e+03 7.418765e+08
2.303329e+06 1.037218e+03 7.421189e+08
2.303748e+06 1.037316e+03 7.423600e+08
2.304165e+06 1.037414e+03 7.425998e+08
2.304593e+06 1.037516e+03 7.428460e+08
2.305005e+06 1.037614e+03 7.430832e+08
2.305415e+06 1.037712e+03 7.433191e+08
2.305822e+06 1.037811e+03 7.435537e+08
2.306241e+06 1.037912e+03 7.437946e+08
2.306644e+06 1.038010e+03 7.440267e+08
2.307044e+06 1.038109e+03 7.442576e+08
2.307443e+06 1.038207e+03 7.444872e+08
2.307839e+06 1.038305e+03 7.447155e+08
2.308246e+06 1.038407e+03 7.449500e+08
2.308638e+06 1.038505e+03 7.451759e+08
2.309028e+06 1.038603e+03 7.454006e+08
2.309416e+06 1.038702e+03 7.456241e+08
2.309814e+06 1.038803e+03 7.458535e+08
2.310197e+06 1.038901e+03 7.460746e+08
2.310578e+06 1.039000e+03 7.462945e+08
2.310970e+06 1.039101e+03 7.465202e+08
2.311347e+06 1.039199e+03 7.467378e+08
2.311722e+06 1.039298e+03 7.469542e+08
2.312095e+06 1.039396e+03 7.471694e+08
2.312478e+06 1.039498e+03 7.473904e+08
2.312847e+06 1.039596e+03 7.476033e+08
2.313214e+06 1.039694e+03 7.478151e+08
2.313579e+06 1.039792e+03 7.480258e+08
2.313954e+06 1.039894e+03 7.482421e+08
2.314315e+06 1.039992e+03 7.484506e+08
2.314674e+06 1.040091e+03 7.486579e+08
2.315042e+06 1.040192e+03 7.488708e+08
2.315397e+06 1.040290e+03 7.490759e+08
2.315751e+06 1.040389e+03 7.492800e+08
2.316102e+06 1.040487e+03 7.494830e+08
2.316463e+06 1.040588e+03 7.496915e+08
2.316810e+06 1.040687e+03 7.498923e+08
2.317156e+06 1.040785e+03 7.500921e+08
2.317511e+06 1.040886e+03 7.502972e+08
2.317853e+06 1.040985e+03 7.504949e+08
2.318193e+06 1.041083e+03 7.506916e+08
2.318542e+06 1.041185e+03 7.508935e+08
2.318879e+06 1.041283e+03 7.510881e+08
2.319213e+06 1.041381e+03 7.512817e+08
2.319557e+06 1.041483e+03 7.514805e+08
2.319888e+06 1.041581e+03 7.516720e+08
2.320217e+06 1.041679e+03 7.518626e+08
2.320556e+06 1.041781e+03 7.520582e+08
2.320881e+06 1.041879e+03 7.522468e+08
2.321206e+06 1.041977e+03 7.524344e+08
2.321538e+06 1.042079e+03 7.526270e+08
2.321859e+06 1.042177e+03 7.528126e+08
2.322178e+06 1.042275e+03 7.529972e+08
2.322505e+06 1.042377e+03 7.531868e+08
2.322821e+06 1.042475e+03 7.533695e+08
2.323145e+06 1.042577e+03 7.535572e+08
2.323457e+06 1.042675e+03 7.537380e+08
2.323768e+06 1.042773e+03 7.539179e+08
2.324087e+06 1.042875e+03 7.541027e+08
2.324394e+06 1.042973e+03 7.542807e+08
2.324700e+06 1.043071e+03 7.544579e+08
2.325013e+06 1.043173e+03 7.546398e+08
2.325316e+06 1.043271e+03 7.548151e+08
2.325626e+06 1.043372e+03 7.549951e+08
2.325926e+06 1.043471e+03 7.551686e+08
2.326224e+06 1.043569e+03 7.553413e+08
2.326529e+06 1.043671e+03 7.555185e+08
2.326824e+06 1.043769e+03 7.556894e+08
2.327127e+06 1.043870e+03 7.558648e+08
2.327418e+06 1.043969e+03 7.560339e+08
2.327708e+06 1.044067e+03 7.562021e+08
2.328006e+06 1.044168e+03 7.563749e+08
2.328293e+06 1.044267e+03 7.565414e+08
2.328587e+06 1.044368e+03 7.567124e+08
2.328871e+06 1.044466e+03 7.568771e+08
2.329163e+06 1.044568e+03 7.570463e+08
2.329444e+06 1.044666e+03 7.572094e+08
2.329724e+06 1.044765e+03 7.573717e+08
2.330011e+06 1.044866e+03 7.575383e+08
2.330287e+06 1.044964e+03 7.576989e+08
2.330571e+06 1.045066e+03 7.578638e+08
2.330845e+06 1.045164e+03 7.580228e+08
2.331126e+06 1.045266e+03 7.581860e+08
2.331397e+06 1.045364e+03 7.583433e+08
2.331666e+06 1.045462e+03 7.584998e+08
2.331943e+06 1.045564e+03 7.586606e+08
2.332210e+06 1.045662e+03 7.588155e+08
2.332484e+06 1.045763e+03 7.589746e+08
2.332748e+06 1.045862e+03 7.591280e+08
2.333019e+06 1.045963e+03 7.592854e+08
2.333280e+06 1.046061e+03 7.594372e+08
2.333548e+06 1.046163e+03 7.595931e+08
2.333807e+06 1.046261e+03 7.597433e+08
2.334072e+06 1.046363e+03 7.598976e+08
2.334328e+06 1.046461e+03 7.600464e+08
2.334590e+06 1.046562e+03 7.601991e+08
2.334844e+06 1.046661e+03 7.603463e+08
2.335104e+06 1.046762e+03 7.604975e+08
2.335354e+06 1.046861e+03 7.606432e+08
2.335612e+06 1.046962e+03 7.607929e+08
2.335860e+06 1.047060e+03 7.609371e+08
2.336114e+06 1.047162e+03 7.610853e+08
2.336360e+06 1.047260e+03 7.612281e+08
2.336612e+06 1.047362e+03 7.613747e+08
2.336855e+06 1.047460e+03 7.615161e+08
2.337104e+06 1.047561e+03 7.616613e+08
2.337345e+06 1.047660e+03 7.618012e+08
2.337592e+06 1.047761e+03 7.619449e+08
2.337830e+06 1.047859e+03 7.620835e+08
2.338074e+06 1.047961e+03 7.622258e+08
2.338310e+06 1.048059e+03 7.623629e+08
2.338552e+06 1.048161e+03 7.625038e+08
2.338785e+06 1.048259e+03 7.626396e+08
2.339025e+06 1.048360e+03 7.627791e+08
2.339255e+06 1.048459e+03 7.629135e+08
2.339493e+06 1.048560e+03 7.630516e+08
2.339728e+06 1.048662e+03 7.631890e+08
2.339956e+06 1.048760e+03 7.633214e+08
2.340189e+06 1.048861e+03 7.634574e+08
2.340414e+06 1.048960e+03 7.635886e+08
2.340646e+06 1.049061e+03 7.637232e+08
2.340868e+06 1.049160e+03 7.638531e+08
2.341097e+06 1.049261e+03 7.639864e+08
2.341325e+06 1.049362e+03 7.641191e+08
2.341544e+06 1.049461e+03 7.642470e+08
2.341770e+06 1.049562e+03 7.643784e+08
2.341987e+06 1.049661e+03 7.645050e+08
2.342210e+06 1.049762e+03 7.646351e+08
2.342425e+06 1.049860e+03 7.647605e+08
2.342646e+06 1.049962e+03 7.648893e+08
2.342874e+06 1.050066e+03 7.650222e+08
2.343094e+06 1.050168e+03 7.651503e+08
2.343312e+06 1.050269e+03 7.652775e+08
2.343529e+06 1.050371e+03 7.654040e+08
2.343745e+06 1.050472e+03 7.655298e+08
2.343959e+06 1.050574e+03 7.656550e+08
2.344146e+06 1.050663e+03 7.657639e+08
2.344359e+06 1.050764e+03 7.658879e+08
2.344570e+06 1.050866e+03 7.660111e+08
2.344780e+06 1.050967e+03 7.661338e+08
2.344990e+06 1.051068e+03 7.662559e+08
2.345198e+06 1.051170e+03 7.663773e+08
2.345405e+06 1.051271e+03 7.664981e+08
2.345611e+06 1.051373e+03 7.666184e+08
2.345816e+06 1.051474e+03 7.667380e+08
2.346020e+06 1.051576e+03 7.668570e+08
2.346197e+06 1.051665e+03 7.669607e+08
2.346399e+06 1.051766e+03 7.670786e+08
2.346600e+06 1.051868e+03 7.671960e+08
2.346800e+06 1.051969e+03 7.673128e+08
2.346999e+06 1.052070e+03 7.674290e+08
2.347197e+06 1.052172e+03 7.675446e+08
2.347395e+06 1.052273e+03 7.676597e+08
2.347591e+06 1.052375e+03 7.677742e+08
2.347786e+06 1.052476e+03 7.678881e+08
2.347980e+06 1.052578e+03 7.680015e+08
2.348173e+06 1.052679e+03 7.681143e+08
2.348365e+06 1.052781e+03 7.682266e+08
2.348533e+06 1.052870e+03 7.683244e+08
2.348723e+06 1.052971e+03 7.684356e+08
2.348913e+06 1.053073e+03 7.685464e+08
2.349101e+06 1.053174e+03 7.686565e+08
2.349289e+06 1.053275e+03 7.687662e+08
2.349476e+06 1.053377e+03 7.688753e+08
2.349661e+06 1.053478e+03 7.689839e+08
2.349846e+06 1.053580e+03 7.690919e+08
2.350030e+06 1.053681e+03 7.691995e+08
2.350213e+06 1.053783e+03 7.693065e+08
2.350396e+06 1.053884e+03 7.694130e+08
2.350577e+06 1.053986e+03 7.695190e+08
2.350757e+06 1.054087e+03 7.696245e+08
2.350915e+06 1.054176e+03 7.697163e+08
2.351093e+06 1.054277e+03 7.698209e+08
2.351271e+06 1.054379e+03 7.699249e+08
2.351448e+06 1.054480e+03 7.700284e+08
2.351625e+06 1.054582e+03 7.701315e+08
2.351800e+06 1.054683e+03 7.702340e+08
2.351975e+06 1.054785e+03 7.703361e+08
2.352148e+06 1.054886e+03 7.704376e+08
2.352321e+06 1.054988e+03 7.705387e+08
2.352493e+06 1.055089e+03 7.706393e+08
2.352664e+06 1.055191e+03 7.707394e+08
2.352834e+06 1.055292e+03 7.708390e+08
2.353004e+06 1.055394e+03 7.709382e+08
2.353173e+06 1.055495e+03 7.710369e+08
2.353341e+06 1.055597e+03 7.711351e+08
2.353508e+06 1.055698e+03 7.712329e+08
2.353653e+06 1.055787e+03 7.713180e+08
2.353819e+06 1.055888e+03 7.714149e+08
2.353984e+06 1.055990e+03 7.715113e+08
2.354148e+06 1.056091e+03 7.716073e+08
2.354311e+06 1.056193e+03 7.717028e+08
2.354473e+06 1.056294e+03 7.717979e+08
2.354635e+06 1.056396e+03 7.718925e+08
2.354796e+06 1.056497e+03 7.719867e+08
2.354956e+06 1.056599e+03 7.720804e+08
2.355115e+06 1.056700e+03 7.721737e+08
2.355274e+06 1.056802e+03 7.722666e+08
2.355432e+06 1.056903e+03 7.723590e+08
2.355589e+06 1.057005e+03 7.724510e+08
2.355745e+06 1.057106e+03 7.725425e+08
2.355901e+06 1.057207e+03 7.726336e+08
2.356056e+06 1.057309e+03 7.727243e+08
2.356210e+06 1.057410e+03 7.728146e+08
2.356363e+06 1.057512e+03 7.729045e+08
2.356516e+06 1.057613e+03 7.729939e+08
2.356649e+06 1.057702e+03 7.730718e+08
2.356800e+06 1.057804e+03 7.731604e+08
2.356951e+06 1.057905e+03 7.732487e+08
2.357101e+06 1.058007e+03 7.733365e+08
2.357250e+06 1.058108e+03 7.734239e+08
2.357398e+06 1.058209e+03 7.735109e+08
2.357546e+06 1.058311e+03 7.735975e+08
2.357693e+06 1.058412e+03 7.736837e+08
2.357840e+06 1.058514e+03 7.737695e+08
2.357985e+06 1.058615e+03 7.738549e+08
2.358131e+06 1.058717e+03 7.739399e+08
2.358275e+06 1.058818e+03 7.740245e+08
2.358419e+06 1.058920e+03 7.741087e+08
2.358562e+06 1.059021e+03 7.741926e+08
2.358704e+06 1.059123e+03 7.742760e+08
2.358846e+06 1.059224e+03 7.743591e+08
2.358987e+06 1.059326e+03 7.744418e+08
2.359127e+06 1.059427e+03 7.745241e+08
2.359267e+06 1.059529e+03 7.746060e+08
2.359406e+06 1.059630e+03 7.746875e+08
2.359544e+06 1.059732e+03 7.747687e+08
2.359682e+06 1.059833e+03 7.748495e+08
2.359819e+06 1.059935e+03 7.749299e+08
2.359956e+06 1.060036e+03 7.750100e+08
2.360092e+06 1.060137e+03 7.750897e+08
2.360227e+06 1.060239e+03 7.751690e+08
2.360362e+06 1.060340e+03 7.752480e+08
2.360496e+06 1.060442e+03 7.753266e+08
2.360629e+06 1.060543e+03 7.754048e+08
2.360762e+06 1.060645e+03 7.754827e+08
2.360878e+06 1.060734e+03 7.755506e+08
2.361009e+06 1.060835e+03 7.756278e+08
2.361140e+06 1.060937e+03 7.757047e+08
2.361271e+06 1.061038e+03 7.757812e+08
2.361401e+06 1.061139e+03 7.758574e+08
2.361530e+06 1.061241e+03 7.759332e+08
2.361659e+06 1.061342e+03 7.760087e+08
2.361787e+06 1.061444e+03 7.760839e+08
2.361914e+06 1.061545e+03 7.761587e+08
2.362041e+06 1.061647e+03 7.762332e+08
2.362168e+06 1.061748e+03 7.763073e+08
2.362293e+06 1.061850e+03 7.763811e+08
2.362419e+06 1.061951e+03 7.764546e+08
2.362543e+06 1.062053e+03 7.765277e+08
2.362667e+06 1.062154e+03 7.766005e+08
2.362791e+06 1.062256e+03 7.766730e+08
2.362914e+06 1.062357e+03 7.767452e+08
2.363036e+06 1.062459e+03 7.768170e+08
2.363158e+06 1.062560e+03 7.768886e+08
2.363279e+06 1.062662e+03 7.769598e+08
2.363400e+06 1.062763e+03 7.770307e+08
2.363520e+06 1.062864e+03 7.771012e+08
2.363640e+06 1.062966e+03 7.771715e+08
2.363759e+06 1.063067e+03 7.772414e+08
2.363878e+06 1.063169e+03 7.773111e+08
2.363996e+06 1.063270e+03 7.773804e+08
2.364113e+06 1.063372e+03 7.774494e+08
2.364230e+06 1.063473e+03 7.775181e+08
2.364347e+06 1.063575e+03 7.775865e+08
2.364463e+06 1.063676e+03 7.776546e+08
2.364578e+06 1.063778e+03 7.777224e+08
2.364693e+06 1.063879e+03 7.777899e+08
2.364807e+06 1.063981e+03 7.778571e+08
2.364921e+06 1.064082e+03 7.779240e+08
2.365035e+06 1.064184e+03 7.779906e+08
2.365148e+06 1.064285e+03 7.780569e+08
2.365260e+06 1.064387e+03 7.781229e+08
2.365372e+06 1.064488e+03 7.781886e+08
2.365483e+06 1.064590e+03 7.782541e+08
2.365594e+06 1.064691e+03 7.783192e+08
2.365705e+06 1.064792e+03 7.783841e+08
2.365815e+06 1.064894e+03 7.784487e+08
2.365924e+06 1.064995e+03 7.785130e+08
2.366033e+06 1.065097e+03 7.785770e+08
2.366141e+06 1.065198e+03 7.786407e+08
2.366249e+06 1.065300e+03 7.787042e+08
2.366357e+06 1.065401e+03 7.787674e+08
2.366464e+06 1.065503e+03 7.788303e+08
2.366571e+06 1.065604e+03 7.788929e+08
2.366677e+06 1.065706e+03 7.789553e+08
2.366782e+06 1.065807e+03 7.790174e+08
2.366888e+06 1.065909e+03 7.790792e+08
2.366992e+06 1.066010e+03 7.791407e+08
2.367097e+06 1.066112e+03 7.792020e+08
2.367200e+06 1.066213e+03 7.792630e+08
2.367304e+06 1.066315e+03 7.793238e+08
2.367407e+06 1.066416e+03 7.793842e+08
2.367522e+06 1.066530e+03 7.794520e+08
2.367624e+06 1.066632e+03 7.795119e+08
2.367725e+06 1.066733e+03 7.795716e+08
2.367826e+06 1.066835e+03 7.796310e+08
2.367927e+06 1.066936e+03 7.796902e+08
2.368027e+06 1.067037e+03 7.797491e+08
2.368127e+06 1.067139e+03 7.798077e+08
2.368226e+06 1.067240e+03 7.798662e+08
2.368325e+06 1.067342e+03 7.799243e+08
2.368424e+06 1.067443e+03 7.799822e+08
2.368522e+06 1.067545e+03 7.800399e+08
2.368619e+06 1.067646e+03 7.800973e+08
2.368717e+06 1.067748e+03 7.801545e+08
2.368813e+06 1.067849e+03 7.802114e+08
2.368910e+06 1.067951e+03 7.802681e+08
2.369006e+06 1.068052e+03 7.803246e+08
2.369101e+06 1.068154e+03 7.803808e+08
2.369196e+06 1.068255e+03 7.804367e+08
2.369291e+06 1.068357e+03 7.804925e+08
2.369386e+06 1.068458e+03 7.805479e+08
2.369479e+06 1.068560e+03 7.806032e+08
2.369573e+06 1.068661e+03 7.806582e+08
2.369666e+06 1.068763e+03 7.807130e+08
2.369759e+06 1.068864e+03 7.807675e+08
2.369851e+06 1.068965e+03 7.808218e+08
2.369943e+06 1.069067e+03 7.808759e+08
2.370035e+06 1.069168e+03 7.809298e+08
2.370126e+06 1.069270e+03 7.809834e+08
2.370217e+06 1.069371e+03 7.810368e+08
2.370307e+06 1.069473e+03 7.810900e+08
2.370408e+06 1.069587e+03 7.811495e+08
2.370498e+06 1.069688e+03 7.812022e+08
2.370587e+06 1.069790e+03 7.812547e+08
2.370676e+06 1.069891e+03 7.813070e+08
2.370764e+06 1.069993e+03 7.813590e+08
2.370852e+06 1.070094e+03 7.814108e+08
2.370940e+06 1.070196e+03 7.814624e+08
2.371027e+06 1.070297e+03 7.815138e+08
2.371114e+06 1.070399e+03 7.815650e+08
2.371201e+06 1.070500e+03 7.816160e+08
2.371287e+06 1.070602e+03 7.816667e+08
2.371373e+06 1.070703e+03 7.817172e+08
2.371458e+06 1.070805e+03 7.817676e+08
2.371543e+06 1.070906e+03 7.818177e+08
2.371628e+06 1.071008e+03 7.818676e+08
2.371713e+06 1.071109e+03 7.819173e+08
2.371797e+06 1.071211e+03 7.819668e+08
2.371880e+06 1.071312e+03 7.820161e+08
2.371964e+06 1.071413e+03 7.820651e+08
2.372057e+06 1.071528e+03 7.821201e+08
2.372140e+06 1.071629e+03 7.821688e+08
2.372222e+06 1.071731e+03 7.822172e+08
2.372304e+06 1.071832e+03 7.822655e+08
2.372386e+06 1.071933e+03 7.823135e+08
2.372467e+06 1.072035e+03 7.823614e+08
2.372548e+06 1.072136e+03 7.824090e+08
2.372628e+06 1.072238e+03 7.824565e+08
2.372709e+06 1.072339e+03 7.825037e+08
2.372789e+06 1.072441e+03 7.825508e+08
2.372868e+06 1.072542e+03 7.825977e+08
2.372947e+06 1.072644e+03 7.826444e+08
2.373026e+06 1.072745e+03 7.826909e+08
2.373105e+06 1.072847e+03 7.827372e+08
2.373183e+06 1.072948e+03 7.827833e+08
2.373261e+06 1.073050e+03 7.828292e+08
2.373349e+06 1.073164e+03 7.828807e+08
2.373426e+06 1.073265e+03 7.829262e+08
2.373503e+06 1.073367e+03 7.829715e+08
2.373580e+06 1.073468e+03 7.830167e+08
2.373656e+06 1.073570e+03 7.830617e+08
2.373732e+06 1.073671e+03 7.831065e+08
2.373808e+06 1.073773e+03 7.831511e+08
2.373883e+06 1.073874e+03 7.831955e+08
2.373958e+06 1.073976e+03 7.832397e+08
2.374033e+06 1.074077e+03 7.832838e+08
2.374108e+06 1.074179e+03 7.833277e+08
2.374182e+06 1.074280e+03 7.833714e+08
2.374256e+06 1.074381e+03 7.834149e+08
2.374338e+06 1.074496e+03 7.834637e+08
2.374412e+06 1.074597e+03 7.835068e+08
2.374485e+06 1.074699e+03 7.835498e+08
2.374557e+06 1.074800e+03 7.835926e+08
2.374630e+06 1.074902e+03 7.836353e+08
2.374702e+06 1.075003e+03 7.836777e+08
2.374773e+06 1.075104e+03 7.837200e+08
2.374845e+06 1.075206e+03 7.837622e+08
2.374916e+06 1.075307e+03 7.838041e+08
2.374987e+06 1.075409e+03 7.838459e+08
2.375058e+06 1.075510e+03 7.838876e+08
2.375137e+06 1.075625e+03 7.839342e+08
2.375207e+06 1.075726e+03 7.839755e+08
2.375277e+06 1.075827e+03 7.840166e+08
2.375346e+06 1.075929e+03 7.840576e+08
2.375415e+06 1.076030e+03 7.840984e+08
2.375484e+06 1.076132e+03 7.841390e+08
2.375553e+06 1.076233e+03 7.841795e+08
2.375621e+06 1.076335e+03 7.842198e+08
2.375690e+06 1.076436e+03 7.842599e+08
2.375757e+06 1.076538e+03 7.842999e+08
2.375825e+06 1.076639e+03 7.843398e+08
2.375901e+06 1.076753e+03 7.843844e+08
2.375968e+06 1.076855e+03 7.844239e+08
2.376034e+06 1.076956e+03 7.844632e+08
2.376101e+06 1.077058e+03 7.845024e+08
2.376167e+06 1.077159e+03 7.845414e+08
2.376233e+06 1.077261e+03 7.845803e+08
2.376299e+06 1.077362e+03 7.846190e+08
2.376364e+06 1.077464e+03 7.846576e+08
2.376429e+06 1.077565e+03 7.846960e+08
2.376494e+06 1.077667e+03 7.847343e+08
2.376567e+06 1.077781e+03 7.847772e+08
2.376631e+06 1.077882e+03 7.848151e+08
2.376695e+06 1.077984e+03 7.848529e+08
2.376759e+06 1.078085e+03 7.848906e+08
2.376823e+06 1.078187e+03 7.849281e+08
2.376886e+06 1.078288e+03 7.849655e+08
2.376949e+06 1.078390e+03 7.850027e+08
2.377012e+06 1.078491e+03 7.850398e+08
2.377075e+06 1.078593e+03 7.850767e+08
2.377145e+06 1.078707e+03 7.851181e+08
2.377207e+06 1.078808e+03 7.851548e+08
2.377269e+06 1.078910e+03 7.851913e+08
2.377331e+06 1.079011e+03 7.852276e+08
2.377392e+06 1.079113e+03 7.852638e+08
2.377453e+06 1.079214e+03 7.852999e+08
2.377514e+06 1.079316e+03 7.853359e+08
2.377575e+06 1.079417e+03 7.853717e+08
2.377643e+06 1.079531e+03 7.854118e+08
2.377703e+06 1.079633e+03 7.854473e+08
2.377763e+06 1.079734e+03 7.854827e+08
2.377823e+06 1.079836e+03 7.855179e+08
2.377883e+06 1.079937e+03 7.855531e+08
2.377942e+06 1.080039e+03 7.855880e+08
2.378001e+06 1.080140e+03 7.856229e+08
2.378060e+06 1.080241e+03 7.856576e+08
2.378126e+06 1.080356e+03 7.856965e+08
2.378184e+06 1.080457e+03 7.857310e+08
2.378242e+06 1.080559e+03 7.857653e+08
2.378300e+06 1.080660e+03 7.857995e+08
2.378358e+06 1.080761e+03 7.858335e+08
2.378415e+06 1.080863e+03 7.858675e+08
2.378473e+06 1.080964e+03 7.859013e+08
2.378530e+06 1.081066e+03 7.859349e+08
2.378594e+06 1.081180e+03 7.859727e+08
2.378650e+06 1.081282e+03 7.860061e+08
2.378707e+06 1.081383e+03 7.860394e+08
2.378763e+06 1.081484e+03 7.860725e+08
2.378819e+06 1.081586e+03 7.861055e+08
2.378875e+06 1.081687e+03 7.861385e+08
2.378930e+06 1.081789e+03 7.861713e+08
2.378986e+06 1.081890e+03 7.862039e+08
2.379048e+06 1.082005e+03 7.862405e+08
2.379103e+06 1.082106e+03 7.862730e+08
2.379157e+06 1.082207e+03 7.863053e+08
2.379212e+06 1.082309e+03 7.863374e+08
2.379266e+06 1.082410e+03 7.863695e+08
2.379320e+06 1.082512e+03 7.864015e+08
2.379374e+06 1.082613e+03 7.864333e+08
2.379435e+06 1.082728e+03 7.864690e+08
2.379488e+06 1.082829e+03 7.865005e+08
2.379542e+06 1.082930e+03 7.865320e+08
2.379595e+06 1.083032e+03 7.865634e+08
2.379648e+06 1.083133e+03 7.865946e+08
2.379701e+06 1.083235e+03 7.866258e+08
2.379753e+06 1.083336e+03 7.866568e+08
2.379812e+06 1.083450e+03 7.866915e+08
2.379864e+06 1.083552e+03 7.867223e+08
2.379916e+06 1.083653e+03 7.867530e+08
2.379968e+06 1.083755e+03 7.867836e+08
2.380020e+06 1.083856e+03 7.868140e+08
2.380071e+06 1.083958e+03 7.868444e+08
2.380129e+06 1.084072e+03 7.868784e+08
2.380180e+06 1.084173e+03 7.869085e+08
2.380230e+06 1.084275e+03 7.869385e+08
2.380281e+06 1.084376e+03 7.869684e+08
2.380332e+06 1.084478e+03 7.869982e+08
2.380382e+06 1.084579e+03 7.870279e+08
2.380432e+06 1.084681e+03 7.870575e+08
2.380488e+06 1.084795e+03 7.870907e+08
2.380538e+06 1.084896e+03 7.871200e+08
2.380587e+06 1.084998e+03 7.871493e+08
2.380637e+06 1.085099e+03 7.871785e+08
2.380686e+06 1.085201e+03 7.872075e+08
2.380735e+06 1.085302e+03 7.872365e+08
2.380790e+06 1.085416e+03 7.872689e+08
2.380839e+06 1.085518e+03 7.872977e+08
2.380887e+06 1.085619e+03 7.873263e+08
2.380936e+06 1.085721e+03 7.873548e+08
2.380984e+06 1.085822e+03 7.873833e+08
2.381032e+06 1.085924e+03 7.874116e+08
2.381085e+06 1.086038e+03 7.874434e+08
2.381133e+06 1.086139e+03 7.874715e+08
2.381181e+06 1.086241e+03 7.874995e+08
2.381228e+06 1.086342e+03 7.875275e+08
2.381275e+06 1.086444e+03 7.875553e+08
2.381322e+06 1.086545e+03 7.875831e+08
2.381375e+06 1.086660e+03 7.876142e+08
2.381421e+06 1.086761e+03 7.876417e+08
2.381468e+06 1.086862e+03 7.876691e+08
2.381514e+06 1.086964e+03 7.876965e+08
2.381560e+06 1.087065e+03 7.877237e+08
2.381612e+06 1.087180e+03 7.877543e+08
2.381658e+06 1.087281e+03 7.877814e+08
2.381703e+06 1.087383e+03 7.878083e+08
2.381749e+06 1.087484e+03 7.878352e+08
2.381794e+06 1.087585e+03 7.878620e+08
2.381840e+06 1.087687e+03 7.878887e+08
2.381890e+06 1.087801e+03 7.879186e+08
2.381935e+06 1.087903e+03 7.879451e+08
2.381980e+06 1.088004e+03 7.879715e+08
2.382024e+06 1.088105e+03 7.879978e+08
2.382069e+06 1.088207e+03 7.880241e+08
2.382119e+06 1.088321e+03 7.880535e+08
2.382163e+06 1.088423e+03 7.880795e+08
2.382207e+06 1.088524e+03 7.881055e+08
2.382250e+06 1.088626e+03 7.881314e+08
2.382294e+06 1.088727e+03 7.881572e+08
2.382338e+06 1.088828e+03 7.881829e+08
2.382386e+06 1.088943e+03 7.882117e+08
2.382430e+06 1.089044e+03 7.882372e+08
2.382473e+06 1.089146e+03 7.882626e+08
2.382516e+06 1.089247e+03 7.882880e+08
2.382558e+06 1.089349e+03 7.883133e+08
2.382606e+06 1.089463e+03 7.883416e+08
2.382649e+06 1.089564e+03 7.883667e+08
2.382691e+06 1.089666e+03 7.883917e+08
2.382733e+06 1.089767e+03 7.884166e+08
2.382775e+06 1.089869e+03 7.884415e+08
2.382822e+06 1.089983e+03 7.884693e+08
2.382864e+06 1.090084e+03 7.884940e+08
2.382906e+06 1.090186e+03 7.885186e+08
2.382947e+06 1.090287e+03 7.885431e+08
2.382989e+06 1.090389e+03 7.885676e+08
2.383035e+06 1.090503e+03 7.885950e+08
2.383076e+06 1.090604e+03 7.886192e+08
2.383117e+06 1.090706e+03 7.886434e+08
2.383158e+06 1.090807e+03 7.886675e+08
2.383199e+06 1.090909e+03 7.886916e+08
2.383244e+06 1.091023e+03 7.887185e+08
2.383285e+06 1.091124e+03 7.887424e+08
2.383325e+06 1.091226e+03 7.887662e+08
2.383365e+06 1.091327e+03 7.887899e+08
2.383405e+06 1.091429e+03 7.888135e+08
2.383450e+06 1.091543e+03 7.888400e+08
2.383490e+06 1.091644e+03 7.888635e+08
2.383529e+06 1.091746e+03 7.888869e+08
2.383569e+06 1.091847e+03 7.889103e+08
2.383613e+06 1.091961e+03 7.889364e+08
2.383652e+06 1.092063e+03 7.889596e+08
2.383691e+06 1.092164e+03 7.889827e+08
2.383730e+06 1.092266e+03 7.890057e+08
2.383769e+06 1.092367e+03 7.890287e+08
2.383813e+06 1.092481e+03 7.890544e+08
2.383851e+06 1.092583e+03 7.890772e+08
2.383890e+06 1.092684e+03 7.891000e+08
2.383928e+06 1.092786e+03 7.891226e+08
2.383966e+06 1.092887e+03 7.891452e+08
2.384009e+06 1.093001e+03 7.891705e+08
2.384047e+06 1.093103e+03 7.891930e+08
2.384085e+06 1.093204e+03 7.892153e+08
2.384123e+06 1.093306e+03 7.892376e+08
2.384165e+06 1.093420e+03 7.892627e+08
2.384202e+06 1.093522e+03 7.892848e+08
2.384240e+06 1.093623e+03 7.893069e+08
2.384277e+06 1.093724e+03 7.893289e+08
2.384314e+06 1.093826e+03 7.893509e+08
2.384356e+06 1.093940e+03 7.893755e+08
2.384393e+06 1.094042e+03 7.893973e+08
2.384429e+06 1.094143e+03 7.894190e+08
2.384466e+06 1.094244e+03 7.894407e+08
2.384507e+06 1.094359e+03 7.894650e+08
2.384544e+06 1.094460e+03 7.894865e+08
2.384580e+06 1.094562e+03 7.895080e+08
2.384616e+06 1.094663e+03 7.895294e+08
2.384657e+06 1.094777e+03 7.895534e+08
2.384693e+06 1.094879e+03 7.895747e+08
2.384729e+06 1.094980e+03 7.895959e+08
2.384764e+06 1.095082e+03 7.896170e+08
2.384800e+06 1.095183e+03 7.896381e+08
2.384840e+06 1.095297e+03 7.896618e+08
2.384875e+06 1.095399e+03 7.896827e+08
2.384911e+06 1.095500e+03 7.897036e+08
2.384946e+06 1.095602e+03 7.897244e+08
2.384985e+06 1.095716e+03 7.897478e+08
2.385020e+06 1.095817e+03 7.897684e+08
2.385055e+06 1.095919e+03 7.897891e+08
2.385090e+06 1.096020e+03 7.898096e+08
2.385129e+06 1.096134e+03 7.898327e+08
2.385164e+06 1.096236e+03 7.898531e+08
2.385198e+06 1.096337e+03 7.898735e+08
2.385232e+06 1.096439e+03 7.898938e+08
2.385271e+06 1.096553e+03 7.899166e+08
2.385305e+06 1.096654e+03 7.899368e+08
2.385339e+06 1.096756e+03 7.899570e+08
2.385373e+06 1.096857e+03 7.899770e+08
2.385411e+06 1.096972e+03 7.899995e+08
2.385445e+06 1.097073e+03 7.900195e+08
2.385479e+06 1.097174e+03 7.900394e+08
2.385512e+06 1.097276e+03 7.900592e+08
2.385550e+06 1.097390e+03 7.900815e+08
2.385583e+06 1.097492e+03 7.901012e+08
2.385616e+06 1.097593e+03 7.901208e+08
2.385650e+06 1.097695e+03 7.901404e+08
2.385687e+06 1.097809e+03 7.901624e+08
2.385720e+06 1.097910e+03 7.901819e+08
2.385752e+06 1.098012e+03 7.902013e+08
2.385785e+06 1.098113e+03 7.902207e+08
2.385822e+06 1.098227e+03 7.902424e+08
2.385855e+06 1.098329e+03 7.902617e+08
2.385887e+06 1.098430e+03 7.902809e+08
2.385923e+06 1.098544e+03 7.903024e+08
2.385956e+06 1.098646e+03 7.903215e+08
2.385988e+06 1.098747e+03 7.903405e+08
2.386020e+06 1.098849e+03 7.903595e+08
2.386056e+06 1.098963e+03 7.903808e+08
2.386088e+06 1.099064e+03 7.903997e+08
2.386120e+06 1.099166e+03 7.904185e+08
2.386151e+06 1.099267e+03 7.904372e+08
2.386187e+06 1.099381e+03 7.904583e+08
2.386218e+06 1.099483e+03 7.904769e+08
2.386250e+06 1.099584e+03 7.904955e+08
2.386281e+06 1.099686e+03 7.905141e+08
2.386316e+06 1.099800e+03 7.905349e+08
2.386348e+06 1.099902e+03 7.905533e+08
2.386379e+06 1.100003e+03 7.905717e+08
2.389318e+06 1.109516e+03 7.923114e+08
2.390735e+06 1.115858e+03 7.931506e+08
2.392570e+06 1.125371e+03 7.942379e+08
2.393656e+06 1.131713e+03 7.948802e+08
2.395136e+06 1.141226e+03 7.957557e+08
2.396047e+06 1.147568e+03 7.962950e+08
2.397329e+06 1.157081e+03 7.970538e+08
2.398530e+06 1.166594e+03 7.977654e+08
2.399295e+06 1.172936e+03 7.982187e+08
2.400396e+06 1.182448e+03 7.988712e+08
2.401104e+06 1.188790e+03 7.992906e+08
2.402130e+06 1.198303e+03 7.998994e+08
2.403119e+06 1.207816e+03 8.004860e+08
2.403759e+06 1.214158e+03 8.008658e+08
2.404692e+06 1.223671e+03 8.014195e+08
2.405594e+06 1.233184e+03 8.019547e+08
2.406178e+06 1.239526e+03 8.023016e+08
2.407030e+06 1.249039e+03 8.028076e+08
2.407854e+06 1.258552e+03 8.032970e+08
2.408650e+06 1.268065e+03 8.037703e+08
2.409418e+06 1.277578e+03 8.042266e+08
2.409914e+06 1.283920e+03 8.045214e+08
2.410634e+06 1.293433e+03 8.049500e+08
2.411329e+06 1.302946e+03 8.053630e+08
2.411998e+06 1.312459e+03 8.057612e+08
2.412644e+06 1.321972e+03 8.061455e+08
2.413268e+06 1.331484e+03 8.065170e+08
2.413871e+06 1.340997e+03 8.068759e+08
2.414452e+06 1.350510e+03 8.072221e+08
2.415013e+06 1.360023e+03 8.075558e+08
2.415553e+06 1.369536e+03 8.078774e+08
2.416072e+06 1.379049e+03 8.081871e+08
2.416573e+06 1.388562e+03 8.084851e+08
2.417053e+06 1.398075e+03 8.087717e+08
2.417515e+06 1.407588e+03 8.090466e+08
2.417957e+06 1.417101e+03 8.093102e+08
2.418381e+06 1.426614e+03 8.095630e+08
2.418788e+06 1.436127e+03 8.098055e+08
2.419304e+06 1.448811e+03 8.101137e+08
2.419673e+06 1.458324e+03 8.103338e+08
2.420027e+06 1.467837e+03 8.105450e+08
2.420367e+06 1.477350e+03 8.107477e+08
2.420799e+06 1.490033e+03 8.110050e+08
2.421106e+06 1.499546e+03 8.111887e+08
2.421715e+06 1.509059e+03 8.115518e+08
2.422055e+06 1.521743e+03 8.117551e+08
2.422307e+06 1.531256e+03 8.119055e+08
2.422550e+06 1.540769e+03 8.120503e+08
2.422858e+06 1.553453e+03 8.122343e+08
2.423078e+06 1.562966e+03 8.123657e+08
2.423357e+06 1.575650e+03 8.125322e+08
2.423555e+06 1.585163e+03 8.126508e+08
2.423807e+06 1.597847e+03 8.128010e+08
2.423986e+06 1.607360e+03 8.129079e+08
2.424212e+06 1.620044e+03 8.130431e+08
2.424373e+06 1.629557e+03 8.131393e+08
2.424577e+06 1.642240e+03 8.132610e+08
2.424768e+06 1.654924e+03 8.133754e+08
2.424904e+06 1.664437e+03 8.134567e+08
2.425076e+06 1.677121e+03 8.135590e+08
2.425236e+06 1.689805e+03 8.136549e+08
2.425350e+06 1.699318e+03 8.137230e+08
2.425494e+06 1.712002e+03 8.138089e+08
2.425629e+06 1.724686e+03 8.138896e+08
2.425756e+06 1.737370e+03 8.139654e+08
2.425875e+06 1.750054e+03 8.140366e+08
2.425987e+06 1.762738e+03 8.141035e+08
2.426066e+06 1.772251e+03 8.141509e+08
2.426166e+06 1.784935e+03 8.142108e+08
2.426260e+06 1.797618e+03 8.142670e+08
2.426349e+06 1.810302e+03 8.143197e+08
2.426431e+06 1.822986e+03 8.143692e+08
2.426509e+06 1.835670e+03 8.144157e+08
2.426582e+06 1.848354e+03 8.144592e+08
2.426667e+06 1.864209e+03 8.145099e+08
2.426730e+06 1.876893e+03 8.145477e+08
2.426789e+06 1.889577e+03 8.145831e+08
2.426845e+06 1.902261e+03 8.146163e+08
2.426897e+06 1.914945e+03 8.146474e+08
2.426946e+06 1.927629e+03 8.146766e+08
2.427002e+06 1.943483e+03 8.147106e+08
2.427045e+06 1.956167e+03 8.147359e+08
2.427084e+06 1.968851e+03 8.147596e+08
2.427130e+06 1.984706e+03 8.147871e+08
2.427165e+06 1.997390e+03 8.148076e+08
2.427205e+06 2.013245e+03 8.148314e+08
2.427234e+06 2.025929e+03 8.148492e+08
2.427269e+06 2.041784e+03 8.148698e+08
2.427294e+06 2.054468e+03 8.148851e+08
2.427324e+06 2.070323e+03 8.149029e+08
2.427346e+06 2.083007e+03 8.149161e+08
2.427372e+06 2.098861e+03 8.149315e+08
2.427391e+06 2.111545e+03 8.149430e+08
2.427413e+06 2.127400e+03 8.149563e+08
2.427434e+06 2.143255e+03 8.149686e+08
2.427453e+06 2.159110e+03 8.149799e+08
2.427467e+06 2.171794e+03 8.149883e+08
2.427483e+06 2.187649e+03 8.149980e+08
2.427498e+06 2.203504e+03 8.150071e+08
2.427512e+06 2.219359e+03 8.150154e+08
2.427525e+06 2.235214e+03 8.150230e+08
2.427537e+06 2.251068e+03 8.150301e+08
2.427548e+06 2.266923e+03 8.150366e+08
2.427558e+06 2.282778e+03 8.150426e+08
2.427567e+06 2.298633e+03 8.150481e+08
2.427575e+06 2.314488e+03 8.150532e+08
2.427583e+06 2.330343e+03 8.150579e+08
2.427591e+06 2.346198e+03 8.150622e+08
2.427598e+06 2.365224e+03 8.150670e+08
2.427605e+06 2.381079e+03 8.150706e+08
2.427610e+06 2.396933e+03 8.150739e+08
2.427615e+06 2.412788e+03 8.150770e+08
2.427621e+06 2.431814e+03 8.150804e+08
2.427625e+06 2.447669e+03 8.150830e+08
2.427630e+06 2.466695e+03 8.150858e+08
2.427633e+06 2.482550e+03 8.150879e+08
2.427637e+06 2.501576e+03 8.150903e+08
2.427640e+06 2.517431e+03 8.150921e+08
2.427644e+06 2.536457e+03 8.150940e+08
2.427646e+06 2.552311e+03 8.150955e+08
2.427649e+06 2.571337e+03 8.150972e+08
2.427651e+06 2.590363e+03 8.150987e+08
2.427653e+06 2.606218e+03 8.150998e+08
2.427655e+06 2.625244e+03 8.151011e+08
2.427657e+06 2.644270e+03 8.151022e+08
2.427659e+06 2.663296e+03 8.151032e+08
2.427661e+06 2.682322e+03 8.151042e+08
2.427662e+06 2.701347e+03 8.151050e+08
2.427663e+06 2.720373e+03 8.151058e+08
2.427664e+06 2.739399e+03 8.151065e+08
2.427666e+06 2.758425e+03 8.151071e+08
2.427666e+06 2.777451e+03 8.151076e+08
2.427667e+06 2.796477e+03 8.151082e+08
2.427668e+06 2.815503e+03 8.151086e+08
2.427669e+06 2.837700e+03 8.151091e+08
2.427670e+06 2.856725e+03 8.151095e+08
2.427670e+06 2.875751e+03 8.151098e+08
2.427671e+06 2.897948e+03 8.151102e+08
2.427671e+06 2.916974e+03 8.151105e+08
2.427672e+06 2.936000e+03 8.151107e+08
2.427672e+06 2.958197e+03 8.151110e+08
2.427672e+06 2.977223e+03 8.151112e+08
2.427673e+06 2.999420e+03 8.151114e+08
2.427673e+06 3.021616e+03 8.151118e+08
2.427674e+06 3.040642e+03 8.151119e+08
2.427674e+06 3.064425e+03 8.151120e+08
2.427674e+06 3.083450e+03 8.151121e+08
2.427674e+06 3.107233e+03 8.151123e+08
2.427674e+06 3.131015e+03 8.151124e+08
2.427674e+06 3.150041e+03 8.151124e+08
2.427675e+06 3.173823e+03 8.151125e+08
2.427675e+06 3.197606e+03 8.151126e+08
2.427675e+06 3.216632e+03 8.151127e+08
2.427675e+06 3.240414e+03 8.151127e+08
2.427675e+06 3.264196e+03 8.151128e+08
2.427675e+06 3.287979e+03 8.151128e+08
2.427675e+06 3.311761e+03 8.151129e+08
2.427675e+06 3.330787e+03 8.151129e+08
2.427675e+06 3.354569e+03 8.151129e+08
2.427675e+06 3.378352e+03 8.151130e+08
2.427675e+06 3.402134e+03 8.151130e+08
2.427675e+06 3.425916e+03 8.151130e+08
2.427675e+06 3.449699e+03 8.151130e+08
2.427675e+06 3.478237e+03 8.151130e+08
2.427676e+06 3.502020e+03 8.151131e+08
2.427676e+06 3.525802e+03 8.151131e+08
2.427676e+06 3.549584e+03 8.151131e+08
2.427676e+06 3.573367e+03 8.151131e+08
2.427676e+06 3.601906e+03 8.151131e+08
2.427676e+06 3.625688e+03 8.151131e+08
2.427676e+06 3.649470e+03 8.151131e+08
2.427676e+06 3.678009e+03 8.151131e+08
2.427676e+06 3.701791e+03 8.151131e+08
2.427676e+06 3.730330e+03 8.151131e+08
2.427676e+06 3.754113e+03 8.151132e+08
2.427676e+06 3.782651e+03 8.151132e+08
2.427676e+06 3.806434e+03 8.151132e+08
2.427676e+06 3.834973e+03 8.151132e+08
2.427676e+06 3.863511e+03 8.151132e+08
2.427676e+06 3.887294e+03 8.151132e+08
2.427676e+06 3.915833e+03 8.151132e+08
2.427676e+06 3.944371e+03 8.151132e+08
2.427676e+06 3.972910e+03 8.151132e+08
2.427676e+06 4.001449e+03 8.151132e+08
2.427676e+06 4.025231e+03 8.151132e+08
2.427676e+06 4.053770e+03 8.151132e+08
2.427676e+06 4.082309e+03 8.151132e+08
2.427676e+06 4.110848e+03 8.151132e+08
2.427676e+06 4.139387e+03 8.151132e+08
2.427676e+06 4.172682e+03 8.151132e+08
2.427676e+06 4.201221e+03 8.151132e+08
2.427676e+06 4.229759e+03 8.151132e+08
2.427676e+06 4.258298e+03 8.151132e+08
2.427676e+06 4.291594e+03 8.151132e+08
2.427676e+06 4.320132e+03 8.151132e+08
2.427676e+06 4.348671e+03 8.151132e+08
2.427676e+06 4.381966e+03 8.151132e+08
2.427676e+06 4.410505e+03 8.151132e+08
2.427676e+06 4.443801e+03 8.151132e+08
2.427676e+06 4.472339e+03 8.151132e+08
2.427676e+06 4.505635e+03 8.151132e+08
2.427676e+06 4.538930e+03 8.151132e+08
2.427676e+06 4.567469e+03 8.151132e+08
2.427676e+06 4.600764e+03 8.151132e+08
2.427676e+06 4.634059e+03 8.151132e+08
2.427676e+06 4.667355e+03 8.151132e+08
2.427676e+06 4.700650e+03 8.151132e+08
2.427676e+06 4.729189e+03 8.151132e+08
2.427676e+06 4.762484e+03 8.151132e+08
2.427676e+06 4.800536e+03 8.151132e+08
2.427676e+06 4.833831e+03 8.151132e+08
2.427676e+06 4.867126e+03 8.151132e+08
2.427676e+06 4.900422e+03 8.151132e+08
2.427676e+06 4.933717e+03 8.151132e+08
2.427676e+06 4.971769e+03 8.151132e+08
2.427676e+06 5.005064e+03 8.151132e+08
2.427676e+06 5.038359e+03 8.151132e+08
2.427676e+06 5.076411e+03 8.151132e+08
2.427676e+06 5.109706e+03 8.151132e+08
2.427676e+06 5.147758e+03 8.151132e+08
2.427676e+06 5.181053e+03 8.151132e+08
2.427676e+06 5.219105e+03 8.151132e+08
2.427676e+06 5.257157e+03 8.151132e+08
2.427676e+06 5.295208e+03 8.151132e+08
2.427676e+06 5.328504e+03 8.151132e+08
2.427676e+06 5.366556e+03 8.151132e+08
2.427676e+06 5.404607e+03 8.151132e+08
2.427676e+06 5.442659e+03 8.151132e+08
2.427676e+06 5.480711e+03 8.151132e+08
2.427676e+06 5.518763e+03 8.151132e+08
2.427676e+06 5.556814e+03 8.151132e+08
2.427676e+06 5.599622e+03 8.151132e+08
2.427676e+06 5.637674e+03 8.151132e+08
2.427676e+06 5.675726e+03 8.151132e+08
2.427676e+06 5.718534e+03 8.151132e+08
2.427676e+06 5.756586e+03 8.151132e+08
2.427676e+06 5.799394e+03 8.151132e+08
2.427676e+06 5.837446e+03 8.151132e+08
2.427676e+06 5.880254e+03 8.151132e+08
2.427676e+06 5.923062e+03 8.151132e+08
2.427676e+06 5.961114e+03 8.151132e+08
2.427676e+06 6.003922e+03 8.151132e+08
2.427676e+06 6.046731e+03 8.151132e+08
2.427676e+06 6.089539e+03 8.151132e+08
2.427676e+06 6.132347e+03 8.151132e+08
2.427676e+06 6.175155e+03 8.151132e+08
2.427676e+06 6.217963e+03 8.151132e+08
2.427676e+06 6.260772e+03 8.151132e+08
2.427676e+06 6.308336e+03 8.151132e+08
2.427676e+06 6.351145e+03 8.151132e+08
2.427676e+06 6.393953e+03 8.151132e+08
2.427676e+06 6.441517e+03 8.151132e+08
2.427676e+06 6.484326e+03 8.151132e+08
2.427676e+06 6.531890e+03 8.151132e+08
2.427676e+06 6.579455e+03 8.151132e+08
2.427676e+06 6.622263e+03 8.151132e+08
2.427676e+06 6.669828e+03 8.151132e+08
2.427676e+06 6.717393e+03 8.151132e+08
2.427676e+06 6.764957e+03 8.151132e+08
2.427676e+06 6.812522e+03 8.151132e+08
2.427676e+06 6.860087e+03 8.151132e+08
2.427676e+06 6.907651e+03 8.151132e+08
2.427676e+06 6.955216e+03 8.151132e+08
2.427676e+06 7.007537e+03 8.151132e+08
2.427676e+06 7.055102e+03 8.151132e+08
2.427676e+06 7.102667e+03 8.151132e+08
2.427676e+06 7.154988e+03 8.151132e+08
2.427676e+06 7.207309e+03 8.151132e+08
2.427676e+06 7.254874e+03 8.151132e+08
2.427676e+06 7.307195e+03 8.151132e+08
2.427676e+06 7.359516e+03 8.151132e+08
2.427676e+06 7.411837e+03 8.151132e+08
2.427676e+06 7.464158e+03 8.151132e+08
2.427676e+06 7.516479e+03 8.151132e+08
2.427676e+06 7.568801e+03 8.151132e+08
2.427676e+06 7.621122e+03 8.151132e+08
2.427676e+06 7.673443e+03 8.151132e+08
2.427676e+06 7.730521e+03 8.151132e+08
2.427676e+06 7.782842e+03 8.151132e+08
2.427676e+06 7.835163e+03 8.151132e+08
2.427676e+06 7.892240e+03 8.151132e+08
2.427676e+06 7.949318e+03 8.151132e+08
2.427676e+06 8.001639e+03 8.151132e+08
2.427676e+06 8.061095e+03 8.151132e+08
2.427676e+06 8.116587e+03 8.151132e+08
2.427676e+06 8.172079e+03 8.151132e+08
2.427676e+06 8.231535e+03 8.151132e+08
2.427676e+06 8.290991e+03 8.151132e+08
2.427676e+06 8.346483e+03 8.151132e+08
2.427676e+06 8.405939e+03 8.151132e+08
2.427676e+06 8.465395e+03 8.151132e+08
2.427676e+06 8.524851e+03 8.151132e+08
2.427676e+06 8.584307e+03 8.151132e+08
2.427676e+06 8.643763e+03 8.151132e+08
2.427676e+06 8.707182e+03 8.151132e+08
2.427676e+06 8.766638e+03 8.151132e+08
2.427676e+06 8.830058e+03 8.151132e+08
2.427676e+06 8.889513e+03 8.151132e+08
2.427676e+06 8.952933e+03 8.151132e+08
2.427676e+06 9.016353e+03 8.151132e+08
2.427676e+06 9.079772e+03 8.151132e+08
2.427676e+06 9.143192e+03 8.151132e+08
2.427676e+06 9.206611e+03 8.151132e+08
2.427676e+06 9.273995e+03 8.151132e+08
2.427676e+06 9.337414e+03 8.151132e+08
2.427676e+06 9.404798e+03 8.151132e+08
2.427676e+06 9.468217e+03 8.151132e+08
2.427676e+06 9.535600e+03 8.151132e+08
2.427676e+06 9.602984e+03 8.151132e+08
2.427676e+06 9.670367e+03 8.151132e+08
2.427676e+06 9.737750e+03 8.151132e+08
2.427676e+06 9.809097e+03 8.151132e+08
2.427676e+06 9.876481e+03 8.151132e+08
2.427676e+06 9.947828e+03 8.151132e+08
2.427676e+06 1.001521e+04 8.151132e+08
2.427676e+06 1.008656e+04 8.151132e+08
2.427676e+06 1.015791e+04 8.151132e+08
2.427676e+06 1.022925e+04 8.151132e+08
2.427676e+06 1.030060e+04 8.151132e+08
2.427676e+06 1.037195e+04 8.151132e+08
2.427676e+06 1.044726e+04 8.151132e+08
2.427676e+06 1.051860e+04 8.151132e+08
2.427676e+06 1.059391e+04 8.151132e+08
2.427676e+06 1.066923e+04 8.151132e+08
2.427676e+06 1.074454e+04 8.151132e+08
2.427676e+06 1.081985e+04 8.151132e+08
2.427676e+06 1.089516e+04 8.151132e+08
2.427676e+06 1.097047e+04 8.151132e+08
2.427676e+06 1.104974e+04 8.151132e+08
2.427676e+06 1.112505e+04 8.151132e+08
2.427676e+06 1.120433e+04 8.151132e+08
2.427676e+06 1.128360e+04 8.151132e+08
2.427676e+06 1.136288e+04 8.151132e+08
2.427676e+06 1.144215e+04 8.151132e+08
2.427676e+06 1.152539e+04 8.151132e+08
2.427676e+06 1.160466e+04 8.151132e+08
2.427676e+06 1.168790e+04 8.151132e+08
2.427676e+06 1.176718e+04 8.151132e+08
2.427676e+06 1.185042e+04 8.151132e+08
2.427676e+06 1.193365e+04 8.151132e+08
2.427676e+06 1.202086e+04 8.151132e+08
2.427676e+06 1.210409e+04 8.151132e+08
2.427676e+06 1.218733e+04 8.151132e+08
2.427676e+06 1.227453e+04 8.151132e+08
2.427676e+06 1.236174e+04 8.151132e+08
2.427676e+06 1.244894e+04 8.151132e+08
2.427676e+06 1.253614e+04 8.151132e+08
2.427676e+06 1.262334e+04 8.151132e+08
2.427676e+06 1.271054e+04 8.151132e+08
2.427676e+06 1.280171e+04 8.151132e+08
2.427676e+06 1.289287e+04 8.151132e+08
2.427676e+06 1.298404e+04 8.151132e+08
2.427676e+06 1.307521e+04 8.151132e+08
2.427676e+06 1.316637e+04 8.151132e+08
2.427676e+06 1.325754e+04 8.151132e+08
2.427676e+06 1.335267e+04 8.151132e+08
2.427676e+06 1.344383e+04 8.151132e+08
2.427676e+06 1.353896e+04 8.151132e+08
2.427676e+06 1.363409e+04 8.151132e+08
2.427676e+06 1.373318e+04 8.151132e+08
2.427676e+06 1.382831e+04 8.151132e+08
2.427676e+06 1.392344e+04 8.151132e+08
2.427676e+06 1.402254e+04 8.151132e+08
2.427676e+06 1.412163e+04 8.151132e+08
2.427676e+06 1.422072e+04 8.151132e+08
2.427676e+06 1.431982e+04 8.151132e+08
2.427676e+06 1.442287e+04 8.151132e+08
2.427676e+06 1.452197e+04 8.151132e+08
2.427676e+06 1.462502e+04 8.151132e+08
2.427676e+06 1.472808e+04 8.151132e+08
2.427676e+06 1.483114e+04 8.151132e+08
2.427676e+06 1.493816e+04 8.151132e+08
2.427676e+06 1.504121e+04 8.151132e+08
2.427676e+06 1.514823e+04 8.151132e+08
2.427676e+06 1.525525e+04 8.151132e+08
2.427676e+06 1.536227e+04 8.151132e+08
2.427676e+06 1.546930e+04 8.151132e+08
2.427676e+06 1.557632e+04 8.151132e+08
2.427676e+06 1.568730e+04 8.151132e+08
2.427676e+06 1.579828e+04 8.151132e+08
2.427676e+06 1.590927e+04 8.151132e+08
2.427676e+06 1.602025e+04 8.151132e+08
2.427676e+06 1.613520e+04 8.151132e+08
2.427676e+06 1.624619e+04 8.151132e+08
2.427676e+06 1.636113e+04 8.151132e+08
2.427676e+06 1.647608e+04 8.151132e+08
2.427676e+06 1.659103e+04 8.151132e+08
2.427676e+06 1.670994e+04 8.151132e+08
2.427676e+06 1.682885e+04 8.151132e+08
2.427676e+06 1.694380e+04 8.151132e+08
2.427676e+06 1.706668e+04 8.151132e+08
2.427676e+06 1.718559e+04 8.151132e+08
2.427676e+06 1.730450e+04 8.151132e+08
2.427676e+06 1.742737e+04 8.151132e+08
2.427676e+06 1.755025e+04 8.151132e+08
2.427676e+06 1.767313e+04 8.151132e+08
2.427676e+06 1.779600e+04 8.151132e+08
2.427676e+06 1.792284e+04 8.151132e+08
2.427676e+06 1.804968e+04 8.151132e+08
2.427676e+06 1.817652e+04 8.151132e+08
2.427676e+06 1.830336e+04 8.151132e+08
2.427676e+06 1.843416e+04 8.151132e+08
2.427676e+06 1.856100e+04 8.151132e+08
2.427676e+06 1.869180e+04 8.151132e+08
2.427676e+06 1.882657e+04 8.151132e+08
2.427676e+06 1.895737e+04 8.151132e+08
2.427676e+06 1.909214e+04 8.151132e+08
2.427676e+06 1.922294e+04 8.151132e+08
2.427676e+06 1.936167e+04 8.151132e+08
2.427676e+06 1.949644e+04 8.151132e+08
2.427676e+06 1.963517e+04 8.151132e+08
2.427676e+06 1.976994e+04 8.151132e+08
2.427676e+06 1.991263e+04 8.151132e+08
2.427676e+06 2.005136e+04 8.151132e+08
2.427676e+06 2.019009e+04 8.151132e+08
2.427676e+06 2.033278e+04 8.151132e+08
2.427676e+06 2.047548e+04 8.151132e+08
2.427676e+06 2.062214e+04 8.151132e+08
2.427676e+06 2.076483e+04 8.151132e+08
2.427676e+06 2.091149e+04 8.151132e+08
2.427676e+06 2.105815e+04 8.151132e+08
2.427676e+06 2.120877e+04 8.151132e+08
2.427676e+06 2.135543e+04 8.151132e+08
2.427676e+06 2.150605e+04 8.151132e+08
2.427676e+06 2.165667e+04 8.151132e+08
2.427676e+06 2.181125e+04 8.151132e+08
2.427676e+06 2.196584e+04 8.151132e+08
2.427676e+06 2.212042e+04 8.151132e+08
2.427676e+06 2.227501e+04 8.151132e+08
2.427676e+06 2.242959e+04 8.151132e+08
2.427676e+06 2.258814e+04 8.151132e+08
2.427676e+06 2.274669e+04 8.151132e+08
2.427676e+06 2.290921e+04 8.151132e+08
2.427676e+06 2.306775e+04 8.151132e+08
2.427676e+06 2.323027e+04 8.151132e+08
2.427676e+06 2.339674e+04 8.151132e+08
2.427676e+06 2.355926e+04 8.151132e+08
2.427676e+06 2.372573e+04 8.151132e+08
2.427676e+06 2.389221e+04 8.151132e+08
2.427676e+06 2.405869e+04 8.151132e+08
2.427676e+06 2.422913e+04 8.151132e+08
2.427676e+06 2.439957e+04 8.151132e+08
2.427676e+06 2.457001e+04 8.151132e+08
2.427676e+06 2.474441e+04 8.151132e+08
2.427676e+06 2.491881e+04 8.151132e+08
2.427676e+06 2.509322e+04 8.151132e+08
2.427676e+06 2.527158e+04 8.151132e+08
2.427676e+06 2.544995e+04 8.151132e+08
2.427676e+06 2.562832e+04 8.151132e+08
2.427676e+06 2.580669e+04 8.151132e+08
2.427676e+06 2.598902e+04 8.151132e+08
2.427676e+06 2.617135e+04 8.151132e+08
2.427676e+06 2.635765e+04 8.151132e+08
2.427676e+06 2.653998e+04 8.151132e+08
2.427676e+06 2.673024e+04 8.151132e+08
2.427676e+06 2.691653e+04 8.151132e+08
2.427676e+06 2.710679e+04 8.151132e+08
2.427676e+06 2.729705e+04 8.151132e+08
2.427676e+06 2.748731e+04 8.151132e+08
2.427676e+06 2.768153e+04 8.151132e+08
2.427676e+06 2.787575e+04 8.151132e+08
2.427676e+06 2.807394e+04 8.151132e+08
2.427676e+06 2.827212e+04 8.151132e+08
2.427676e+06 2.847031e+04 8.151132e+08
2.427676e+06 2.866850e+04 8.151132e+08
2.427676e+06 2.887065e+04 8.151132e+08
2.427676e+06 2.907280e+04 8.151132e+08
2.427676e+06 2.927891e+04 8.151132e+08
2.427676e+06 2.948502e+04 8.151132e+08
2.427676e+06 2.969114e+04 8.151132e+08
2.427676e+06 2.990121e+04 8.151132e+08
2.427676e+06 3.011129e+04 8.151132e+08
2.427676e+06 3.032533e+04 8.151132e+08
2.427676e+06 3.053541e+04 8.151132e+08
2.427676e+06 3.075341e+04 8.151132e+08
2.427676e+06 3.096746e+04 8.151132e+08
2.427676e+06 3.118546e+04 8.151132e+08
2.427676e+06 3.140743e+04 8.151132e+08
2.427676e+06 3.162543e+04 8.151132e+08
2.427676e+06 3.184740e+04 8.151132e+08
2.427676e+06 3.207334e+04 8.151132e+08
2.427676e+06 3.229927e+04 8.151132e+08
2.427676e+06 3.252520e+04 8.151132e+08
2.427676e+06 3.275510e+04 8.151132e+08
2.427676e+06 3.298499e+04 8.151132e+08
2.427676e+06 3.321885e+04 8.151132e+08
2.427676e+06 3.345271e+04 8.151132e+08
2.427676e+06 3.368657e+04 8.151132e+08
2.427676e+06 3.392439e+04 8.151132e+08
2.427676e+06 3.416222e+04 8.151132e+08
2.427676e+06 3.440400e+04 8.151132e+08
2.427676e+06 3.464579e+04 8.151132e+08
2.427676e+06 3.488758e+04 8.151132e+08
2.427676e+06 3.513333e+04 8.151132e+08
2.427676e+06 3.538304e+04 8.151132e+08
2.427676e+06 3.562880e+04 8.151132e+08
2.427676e+06 3.588247e+04 8.151132e+08
2.427676e+06 3.613219e+04 8.151132e+08
2.427676e+06 3.638587e+04 8.151132e+08
2.427676e+06 3.664351e+04 8.151132e+08
2.427676e+06 3.690115e+04 8.151132e+08
2.427676e+06 3.716276e+04 8.151132e+08
2.427676e+06 3.742436e+04 8.151132e+08
2.427676e+06 3.768597e+04 8.151132e+08
2.427676e+06 3.795154e+04 8.151132e+08
2.427676e+06 3.821711e+04 8.151132e+08
2.427676e+06 3.848664e+04 8.151132e+08
2.427676e+06 3.875617e+04 8.151132e+08
2.427676e+06 3.902967e+04 8.151132e+08
2.427676e+06 3.930317e+04 8.151132e+08
2.427676e+06 3.958063e+04 8.151132e+08
2.427676e+06 3.985809e+04 8.151132e+08
2.427676e+06 4.013951e+04 8.151132e+08
2.427676e+06 4.042252e+04 8.151132e+08
2.427676e+06 4.070553e+04 8.151132e+08
2.427676e+06 4.099409e+04 8.151132e+08
2.427676e+06 4.128265e+04 8.151132e+08
2.427676e+06 4.157121e+04 8.151132e+08
2.427676e+06 4.186532e+04 8.151132e+08
2.427676e+06 4.215943e+04 8.151132e+08
2.427676e+06 4.245908e+04 8.151132e+08
2.427676e+06 4.275319e+04 8.151132e+08
2.427676e+06 4.305840e+04 8.151132e+08
2.427676e+06 4.335806e+04 8.151132e+08
2.427676e+06 4.366326e+04 8.151132e+08
2.427676e+06 4.397402e+04 8.151132e+08
2.427676e+06 4.427923e+04 8.151132e+08
2.427676e+06 4.459553e+04 8.151132e+08
2.427676e+06 4.490629e+04 8.151132e+08
2.427676e+06 4.522259e+04 8.151132e+08
2.427676e+06 4.553890e+04 8.151132e+08
2.427676e+06 4.586075e+04 8.151132e+08
2.427676e+06 4.618261e+04 8.151132e+08
2.427676e+06 4.651001e+04 8.151132e+08
2.427676e+06 4.683741e+04 8.151132e+08
2.427676e+06 4.716482e+04 8.151132e+08
2.427676e+06 4.749777e+04 8.151132e+08
2.427676e+06 4.783072e+04 8.151132e+08
2.427676e+06 4.816923e+04 8.151132e+08
2.427676e+06 4.850773e+04 8.151132e+08
2.427676e+06 4.884623e+04 8.151132e+08
2.427676e+06 4.919028e+04 8.151132e+08
2.427676e+06 4.953988e+04 8.151132e+08
2.427676e+06 4.988948e+04 8.151132e+08
2.427676e+06 5.023908e+04 8.151132e+08
2.427676e+06 5.058868e+04 8.151132e+08
2.427676e+06 5.094938e+04 8.151132e+08
2.427676e+06 5.130453e+04 8.151132e+08
2.427676e+06 5.166523e+04 8.151132e+08
2.427676e+06 5.203148e+04 8.151132e+08
2.427676e+06 5.239773e+04 8.151132e+08
2.427676e+06 5.276397e+04 8.151132e+08
2.427676e+06 5.313577e+04 8.151132e+08
2.427676e+06 5.350757e+04 8.151132e+08
2.427676e+06 5.388492e+04 8.151132e+08
2.427676e+06 5.426781e+04 8.151132e+08
2.427676e+06 5.464516e+04 8.151132e+08
2.427676e+06 5.503360e+04 8.151132e+08
2.427676e+06 5.541650e+04 8.151132e+08
2.427676e+06 5.581049e+04 8.151132e+08
2.427676e+06 5.620449e+04 8.151132e+08
2.427676e+06 5.659848e+04 8.151132e+08
2.427676e+06 5.699802e+04 8.151132e+08
2.427676e+06 5.739757e+04 8.151132e+08
2.427676e+06 5.780266e+04 8.151132e+08
2.427676e+06 5.820775e+04 8.151132e+08
2.427676e+06 5.861839e+04 8.151132e+08
2.427676e+06 5.902904e+04 8.151132e+08
2.427676e+06 5.944523e+04 8.151132e+08
2.427676e+06 5.986142e+04 8.151132e+08
2.427676e+06 6.028316e+04 8.151132e+08
2.427676e+06 6.071045e+04 8.151132e+08
2.427676e+06 6.113774e+04 8.151132e+08
2.427676e+06 6.156503e+04 8.151132e+08
2.427676e+06 6.199787e+04 8.151132e+08
2.427676e+06 6.243625e+04 8.151132e+08
2.427676e+06 6.287464e+04 8.151132e+08
2.427676e+06 6.331858e+04 8.151132e+08
2.427676e+06 6.376252e+04 8.151132e+08
2.427676e+06 6.421200e+04 8.151132e+08
2.427676e+06 6.466149e+04 8.151132e+08
2.427676e+06 6.511652e+04 8.151132e+08
2.427676e+06 6.557711e+04 8.151132e+08
2.427676e+06 6.603769e+04 8.151132e+08
2.427676e+06 6.650383e+04 8.151132e+08
2.427676e+06 6.696996e+04 8.151132e+08
2.427676e+06 6.744164e+04 8.151132e+08
2.427676e+06 6.791333e+04 8.151132e+08
2.427676e+06 6.839056e+04 8.151132e+08
2.427676e+06 6.887334e+04 8.151132e+08
2.427676e+06 6.935612e+04 8.151132e+08
2.427676e+06 6.984445e+04 8.151132e+08
2.427676e+06 7.033833e+04 8.151132e+08
2.427676e+06 7.083221e+04 8.151132e+08
2.427676e+06 7.133164e+04 8.151132e+08
2.427676e+06 7.183107e+04 8.151132e+08
2.427676e+06 7.233605e+04 8.151132e+08
2.427676e+06 7.284658e+04 8.151132e+08
2.427676e+06 7.336266e+04 8.151132e+08
2.427676e+06 7.387873e+04 8.151132e+08
2.427676e+06 7.439481e+04 8.151132e+08
2.427676e+06 7.492198e+04 8.151132e+08
2.427676e+06 7.544916e+04 8.151132e+08
2.427676e+06 7.597633e+04 8.151132e+08
2.427676e+06 7.651461e+04 8.151132e+08
2.427676e+06 7.705288e+04 8.151132e+08
2.427676e+06 7.759116e+04 8.151132e+08
2.427676e+06 7.814053e+04 8.151132e+08
2.427676e+06 7.868990e+04 8.151132e+08
2.427676e+06 7.924482e+04 8.151132e+08
2.427676e+06 7.979974e+04 8.151132e+08
2.427676e+06 8.036021e+04 8.151132e+08
2.427676e+06 8.092623e+04 8.151132e+08
2.427676e+06 8.149780e+04 8.151132e+08
2.427676e+06 8.206937e+04 8.151132e+08
2.427676e+06 8.264649e+04 8.151132e+08
2.427676e+06 8.322916e+04 8.151132e+08
2.427676e+06 8.381182e+04 8.151132e+08
2.427676e+06 8.440559e+04 8.151132e+08
2.427676e+06 8.499936e+04 8.151132e+08
2.427676e+06 8.559312e+04 8.151132e+08
2.427676e+06 8.619799e+04 8.151132e+08
2.427676e+06 8.680285e+04 8.151132e+08
2.427676e+06 8.741326e+04 8.151132e+08
2.427676e+06 8.802923e+04 8.151132e+08
2.427676e+06 8.865074e+04 8.151132e+08
2.427676e+06 8.927225e+04 8.151132e+08
2.427676e+06 8.989931e+04 8.151132e+08
2.427676e+06 9.053192e+04 8.151132e+08
2.427676e+06 9.117008e+04 8.151132e+08
2.427676e+06 9.181379e+04 8.151132e+08
2.427676e+06 9.245750e+04 8.151132e+08
2.427676e+06 9.310676e+04 8.151132e+08
2.427676e+06 9.376711e+04 8.151132e+08
2.427676e+06 9.442192e+04 8.151132e+08
2.427676e+06 9.508783e+04 8.151132e+08
2.427676e+06 9.575928e+04 8.151132e+08
2.427676e+06 9.643074e+04 8.151132e+08
2.427676e+06 9.710774e+04 8.151132e+08
2.427676e+06 9.779584e+04 8.151132e+08
2.427676e+06 9.848395e+04 8.151132e+08
2.427676e+06 9.917205e+04 8.151132e+08
2.427676e+06 9.987125e+04 8.151132e+08
2.427676e+06 1.005760e+05 8.151132e+08
2.427676e+06 1.012807e+05 8.151132e+08
2.427676e+06 1.019966e+05 8.151132e+08
2.427676e+06 1.027124e+05 8.151132e+08
2.427676e+06 1.034338e+05 8.151132e+08
2.427676e+06 1.041608e+05 8.151132e+08
2.427676e+06 1.048988e+05 8.151132e+08
2.427676e+06 1.056369e+05 8.151132e+08
2.427676e+06 1.063749e+05 8.151132e+08
2.427676e+06 1.071241e+05 8.151132e+08
2.427676e+06 1.078788e+05 8.151132e+08
2.427676e+06 1.086390e+05 8.151132e+08
2.427676e+06 1.094048e+05 8.151132e+08
2.427676e+06 1.101706e+05 8.151132e+08
2.427676e+06 1.109475e+05 8.151132e+08
2.427676e+06 1.117299e+05 8.151132e+08
2.427676e+06 1.125124e+05 8.151132e+08
2.427676e+06 1.133059e+05 8.151132e+08
2.427676e+06 1.141050e+05 8.151132e+08
2.427676e+06 1.149041e+05 8.151132e+08
2.427676e+06 1.157143e+05 8.151132e+08
2.427676e+06 1.165300e+05 8.151132e+08
2.427676e+06 1.173513e+05 8.151132e+08
2.427676e+06 1.181726e+05 8.151132e+08
2.427676e+06 1.190049e+05 8.151132e+08
2.427676e+06 1.198429e+05 8.151132e+08
2.427676e+06 1.206863e+05 8.151132e+08
2.427676e+06 1.215354e+05 8.151132e+08
2.427676e+06 1.223900e+05 8.151132e+08
2.427676e+06 1.232501e+05 8.151132e+08
2.427676e+06 1.241213e+05 8.151132e+08
2.427676e+06 1.249925e+05 8.151132e+08
2.427676e+06 1.258749e+05 8.151132e+08
2.427676e+06 1.267572e+05 8.151132e+08
2.427676e+06 1.276506e+05 8.151132e+08
2.427676e+06 1.285496e+05 8.151132e+08
2.427676e+06 1.294541e+05 8.151132e+08
2.427676e+06 1.303642e+05 8.151132e+08
2.427676e+06 1.312798e+05 8.151132e+08
2.427676e+06 1.322065e+05 8.151132e+08
2.427676e+06 1.331332e+05 8.151132e+08
2.427676e+06 1.340711e+05 8.151132e+08
2.427676e+06 1.350144e+05 8.151132e+08
2.427676e+06 1.359633e+05 8.151132e+08
2.427676e+06 1.369233e+05 8.151132e+08
2.427676e+06 1.378834e+05 8.151132e+08
2.427676e+06 1.388545e+05 8.151132e+08
2.427676e+06 1.398311e+05 8.151132e+08
2.427676e+06 1.408189e+05 8.151132e+08
2.427676e+06 1.418067e+05 8.151132e+08
2.427676e+06 1.428055e+05 8.151132e+08
2.427676e+06 1.438099e+05 8.151132e+08
2.427676e+06 1.448199e+05 8.151132e+08
2.427676e+06 1.458409e+05 8.151132e+08
2.427676e+06 1.468675e+05 8.151132e+08
2.427676e+06 1.478997e+05 8.151132e+08
2.427676e+06 1.489429e+05 8.151132e+08
2.427676e+06 1.499917e+05 8.151132e+08
2.427676e+06 1.510461e+05 8.151132e+08
2.427676e+06 1.521060e+05 8.151132e+08
2.427676e+06 1.531770e+05 8.151132e+08
2.427676e+06 1.542535e+05 8.151132e+08
2.427676e+06 1.553412e+05 8.151132e+08
2.427676e+06 1.564344e+05 8.151132e+08
2.427676e+06 1.575331e+05 8.151132e+08
2.427676e+06 1.586430e+05 8.151132e+08
2.427676e+06 1.597584e+05 8.151132e+08
2.427676e+06 1.608849e+05 8.151132e+08
2.427676e+06 1.620169e+05 8.151132e+08
2.427676e+06 1.631545e+05 8.151132e+08
2.427676e+06 1.643032e+05 8.151132e+08
2.427676e+06 1.654574e+05 8.151132e+08
2.427676e+06 1.666227e+05 8.151132e+08
2.427676e+06 1.677936e+05 8.151132e+08
2.427676e+06 1.689756e+05 8.151132e+08
2.427676e+06 1.701631e+05 8.151132e+08
2.427676e+06 1.713618e+05 8.151132e+08
2.427676e+06 1.725659e+05 8.151132e+08
2.427676e+06 1.737812e+05 8.151132e+08
2.427676e+06 1.750076e+05 8.151132e+08
2.427676e+06 1.762395e+05 8.151132e+08
2.427676e+06 1.774770e+05 8.151132e+08
2.427676e+06 1.787256e+05 8.151132e+08
2.427676e+06 1.799852e+05 8.151132e+08
2.427676e+06 1.812505e+05 8.151132e+08
2.427676e+06 1.825268e+05 8.151132e+08
2.427676e+06 1.838087e+05 8.151132e+08
2.427676e+06 1.851016e+05 8.151132e+08
2.427676e+06 1.864057e+05 8.151132e+08
2.427676e+06 1.877153e+05 8.151132e+08
2.427676e+06 1.890360e+05 8.151132e+08
2.427676e+06 1.903678e+05 8.151132e+08
2.427676e+06 1.917052e+05 8.151132e+08
2.427676e+06 1.930536e+05 8.151132e+08
2.427676e+06 1.944132e+05 8.151132e+08
2.427676e+06 1.957839e+05 8.151132e+08
2.427676e+06 1.971601e+05 8.151132e+08
2.427676e+06 1.985474e+05 8.151132e+08
2.427676e+06 1.999458e+05 8.151132e+08
2.427676e+06 2.013497e+05 8.151132e+08
2.427676e+06 2.027695e+05 8.151132e+08
2.427676e+06 2.041965e+05 8.151132e+08
2.427676e+06 2.056305e+05 8.151132e+08
2.427676e+06 2.070789e+05 8.151132e+08
2.427676e+06 2.085344e+05 8.151132e+08
2.427676e+06 2.100041e+05 8.151132e+08
