1.118964e+07 3.170979e-07 1.233751e+10
1.117069e+07 6.341958e-07 1.230039e+10
1.115231e+07 9.512938e-07 1.226447e+10
1.113449e+07 1.268392e-06 1.222966e+10
1.111719e+07 1.585490e-06 1.219591e+10
1.110038e+07 1.902588e-06 1.216315e+10
1.108404e+07 2.219685e-06 1.213134e+10
1.106814e+07 2.536783e-06 1.210044e+10
1.105267e+07 2.853881e-06 1.207040e+10
1.103760e+07 3.170979e-06 1.204116e+10
1.102291e+07 3.488077e-06 1.201270e+10
1.100858e+07 3.805175e-06 1.198497e+10
1.099460e+07 4.122273e-06 1.195793e+10
1.098095e+07 4.439371e-06 1.193156e+10
1.096762e+07 4.756469e-06 1.190582e+10
1.095458e+07 5.073567e-06 1.188069e+10
1.094184e+07 5.390665e-06 1.185614e+10
1.092937e+07 5.707763e-06 1.183214e+10
1.091716e+07 6.024860e-06 1.180867e+10
1.090521e+07 6.341958e-06 1.178571e+10
1.089351e+07 6.659056e-06 1.176323e+10
1.088203e+07 6.976154e-06 1.174122e+10
1.087078e+07 7.293252e-06 1.171966e+10
1.085975e+07 7.610350e-06 1.169853e+10
1.084893e+07 7.927448e-06 1.167782e+10
1.083831e+07 8.244546e-06 1.165751e+10
1.082788e+07 8.561644e-06 1.163758e+10
1.081764e+07 8.878742e-06 1.161802e+10
1.080757e+07 9.195840e-06 1.159883e+10
1.079769e+07 9.512938e-06 1.157998e+10
1.078797e+07 9.830036e-06 1.156146e+10
1.077841e+07 1.014713e-05 1.154327e+10
1.076901e+07 1.046423e-05 1.152539e+10
1.075977e+07 1.078133e-05 1.150781e+10
1.075067e+07 1.109843e-05 1.149052e+10
1.074172e+07 1.141553e-05 1.147352e+10
1.073290e+07 1.173262e-05 1.145679e+10
1.072422e+07 1.204972e-05 1.144033e+10
1.071567e+07 1.236682e-05 1.142413e+10
1.070725e+07 1.268392e-05 1.140818e+10
1.069895e+07 1.300101e-05 1.139247e+10
1.069078e+07 1.331811e-05 1.137700e+10
1.068272e+07 1.363521e-05 1.136176e+10
1.067477e+07 1.395231e-05 1.134674e+10
1.066693e+07 1.426941e-05 1.133194e+10
1.065920e+07 1.458650e-05 1.131735e+10
1.065157e+07 1.490360e-05 1.130297e+10
1.064405e+07 1.522070e-05 1.128878e+10
1.063663e+07 1.553780e-05 1.127480e+10
1.062930e+07 1.585490e-05 1.126100e+10
1.062207e+07 1.617199e-05 1.124738e+10
1.061493e+07 1.648909e-05 1.123395e+10
1.060787e+07 1.680619e-05 1.122069e+10
1.060091e+07 1.712329e-05 1.120760e+10
1.059403e+07 1.744039e-05 1.119468e+10
1.058724e+07 1.775748e-05 1.118192e+10
1.058052e+07 1.807458e-05 1.116933e+10
1.057389e+07 1.839168e-05 1.115688e+10
1.056733e+07 1.870878e-05 1.114459e+10
1.056085e+07 1.902588e-05 1.113245e+10
1.055445e+07 1.934297e-05 1.112045e+10
1.054811e+07 1.966007e-05 1.110860e+10
1.054185e+07 1.997717e-05 1.109688e+10
1.053566e+07 2.029427e-05 1.108529e+10
1.052953e+07 2.061136e-05 1.107384e+10
1.052346e+07 2.092846e-05 1.106250e+10
1.051746e+07 2.124556e-05 1.105129e+10
1.051152e+07 2.156266e-05 1.104020e+10
1.050564e+07 2.187976e-05 1.102923e+10
1.049982e+07 2.219685e-05 1.101837e+10
1.049405e+07 2.251395e-05 1.100762e+10
1.048835e+07 2.283105e-05 1.099698e+10
1.048270e+07 2.314815e-05 1.098646e+10
1.047710e+07 2.346525e-05 1.097604e+10
1.047156e+07 2.378234e-05 1.096572e+10
1.046607e+07 2.409944e-05 1.095550e+10
1.046063e+07 2.441654e-05 1.094539e+10
1.045524e+07 2.473364e-05 1.093538e+10
1.044991e+07 2.505074e-05 1.092546e+10
1.044462e+07 2.536783e-05 1.091563e+10
1.043938e+07 2.568493e-05 1.090590e+10
1.043418e+07 2.600203e-05 1.089626e+10
1.042904e+07 2.631913e-05 1.088671e+10
1.042394e+07 2.663623e-05 1.087725e+10
1.041888e+07 2.695332e-05 1.086788e+10
1.041387e+07 2.727042e-05 1.085859e+10
1.037528e+07 2.980720e-05 1.078719e+10
1.032616e+07 3.329528e-05 1.069660e+10
1.028104e+07 3.678336e-05 1.061368e+10
1.023208e+07 4.090563e-05 1.052401e+10
1.018052e+07 4.566210e-05 1.042996e+10
1.013042e+07 5.073567e-05 1.033891e+10
1.007907e+07 5.644343e-05 1.024596e+10
1.002720e+07 6.278539e-05 1.015245e+10
9.975273e+06 6.976154e-05 1.005920e+10
9.923366e+06 7.737189e-05 9.966363e+09
9.868031e+06 8.625063e-05 9.867813e+09
9.813972e+06 9.576357e-05 9.771949e+09
9.758152e+06 1.065449e-04 9.673392e+09
9.701459e+06 1.185946e-04 9.573740e+09
9.645822e+06 1.315956e-04 9.476385e+09
9.587590e+06 1.464992e-04 9.374955e+09
9.528891e+06 1.629883e-04 9.273194e+09
9.470185e+06 1.810629e-04 9.171908e+09
9.409456e+06 2.013572e-04 9.067643e+09
9.346601e+06 2.241882e-04 8.960278e+09
9.283259e+06 2.492390e-04 8.852647e+09
9.218527e+06 2.771436e-04 8.743243e+09
9.152418e+06 3.082192e-04 8.632125e+09
9.084536e+06 3.427829e-04 8.518674e+09
9.015034e+06 3.811517e-04 8.403198e+09
8.942958e+06 4.239599e-04 8.284172e+09
8.868070e+06 4.715246e-04 8.161291e+09
8.790257e+06 5.244800e-04 8.034462e+09
8.709946e+06 5.831431e-04 7.904472e+09
8.625889e+06 6.487823e-04 7.769413e+09
8.538778e+06 7.213978e-04 7.630524e+09
8.447356e+06 8.022577e-04 7.485939e+09
8.351292e+06 8.923135e-04 7.335319e+09
8.250696e+06 9.925165e-04 7.179029e+09
8.122908e+06 1.126966e-03 6.982619e+09
8.009954e+06 1.253805e-03 6.810996e+09
7.903118e+06 1.380644e-03 6.650390e+09
7.777532e+06 1.539193e-03 6.463744e+09
7.659833e+06 1.697742e-03 6.290932e+09
7.527408e+06 1.888001e-03 6.098951e+09
7.383626e+06 2.109970e-03 5.893458e+09
7.250045e+06 2.331938e-03 5.705310e+09
7.108404e+06 2.585616e-03 5.508731e+09
6.945785e+06 2.902714e-03 5.286763e+09
6.797131e+06 3.219812e-03 5.087359e+09
6.647570e+06 3.568620e-03 4.890117e+09
6.487011e+06 3.980847e-03 4.682173e+09
6.330867e+06 4.424784e-03 4.483745e+09
6.179787e+06 4.900431e-03 4.295341e+09
6.025808e+06 5.439498e-03 4.106970e+09
5.864207e+06 6.073694e-03 3.913259e+09
5.713486e+06 6.739599e-03 3.736292e+09
5.560618e+06 7.500634e-03 3.560471e+09
5.414354e+06 8.325089e-03 3.395726e+09
5.265760e+06 9.276383e-03 3.231863e+09
5.122101e+06 1.032281e-02 3.076806e+09
4.969636e+06 1.159120e-02 2.915892e+09
4.837808e+06 1.285959e-02 2.779816e+09
4.695655e+06 1.444508e-02 2.636279e+09
4.573455e+06 1.603057e-02 2.515560e+09
4.467053e+06 1.761606e-02 2.412467e+09
4.355940e+06 1.951865e-02 2.306830e+09
4.244325e+06 2.173833e-02 2.202805e+09
4.135463e+06 2.427511e-02 2.103374e+09
4.042079e+06 2.681190e-02 2.019686e+09
3.942336e+06 2.998288e-02 1.931911e+09
3.849285e+06 3.347095e-02 1.851557e+09
3.769907e+06 3.695903e-02 1.784193e+09
3.689568e+06 4.108130e-02 1.717130e+09
3.611045e+06 4.583777e-02 1.652673e+09
3.540104e+06 5.091134e-02 1.595369e+09
3.472335e+06 5.661910e-02 1.541456e+09
3.408698e+06 6.296106e-02 1.491570e+09
3.349417e+06 6.993721e-02 1.445746e+09
3.292492e+06 7.786466e-02 1.402335e+09
3.240705e+06 8.642631e-02 1.363345e+09
3.190629e+06 9.625634e-02 1.326102e+09
3.134105e+06 1.095745e-01 1.284607e+09
3.100233e+06 1.190874e-01 1.260018e+09
3.052969e+06 1.349423e-01 1.226010e+09
3.021466e+06 1.476262e-01 1.203569e+09
2.988096e+06 1.634811e-01 1.179995e+09
2.954930e+06 1.825070e-01 1.156769e+09
2.923380e+06 2.047038e-01 1.134863e+09
2.897593e+06 2.269007e-01 1.117094e+09
2.873450e+06 2.522685e-01 1.100570e+09
2.851453e+06 2.808073e-01 1.085609e+09
2.833666e+06 3.093461e-01 1.073577e+09
2.816263e+06 3.442269e-01 1.061862e+09
2.800283e+06 3.854496e-01 1.051154e+09
2.787940e+06 4.266724e-01 1.042916e+09
2.776955e+06 4.742371e-01 1.035608e+09
2.767506e+06 5.281437e-01 1.029340e+09
2.759558e+06 5.883923e-01 1.024081e+09
2.753216e+06 6.518119e-01 1.019893e+09
2.747640e+06 7.247444e-01 1.016216e+09
2.742792e+06 8.071899e-01 1.013025e+09
2.738681e+06 8.959773e-01 1.010323e+09
2.734883e+06 9.974486e-01 1.007828e+09
2.730495e+06 1.127459e+00 1.004950e+09
2.726936e+06 1.254298e+00 1.002618e+09
2.723892e+06 1.381137e+00 1.000626e+09
2.720617e+06 1.539686e+00 9.984836e+08
2.717746e+06 1.698235e+00 9.966079e+08
2.714675e+06 1.888494e+00 9.946032e+08
2.711463e+06 2.110462e+00 9.925082e+08
2.708554e+06 2.332431e+00 9.906124e+08
2.705167e+06 2.617819e+00 9.884068e+08
2.702093e+06 2.903207e+00 9.864075e+08
2.698975e+06 3.220305e+00 9.843812e+08
2.695831e+06 3.569113e+00 9.823393e+08
2.692427e+06 3.981340e+00 9.801314e+08
2.689066e+06 4.425277e+00 9.779534e+08
2.685538e+06 4.932634e+00 9.756694e+08
2.682087e+06 5.471700e+00 9.734373e+08
2.678521e+06 6.074186e+00 9.711335e+08
2.674704e+06 6.771802e+00 9.686700e+08
2.670850e+06 7.532837e+00 9.661848e+08
2.666972e+06 8.357291e+00 9.636881e+08
2.662803e+06 9.308585e+00 9.610063e+08
2.656029e+06 1.064040e+01 9.566563e+08
2.652292e+06 1.159169e+01 9.542604e+08
2.647596e+06 1.286008e+01 9.512529e+08
2.641881e+06 1.444557e+01 9.475988e+08
2.636162e+06 1.603106e+01 9.439485e+08
2.630296e+06 1.761655e+01 9.402104e+08
2.621602e+06 1.983624e+01 9.346826e+08
2.612115e+06 2.205592e+01 9.286668e+08
2.601600e+06 2.427561e+01 9.220191e+08
2.586301e+06 2.712949e+01 9.123840e+08
2.568795e+06 2.998337e+01 9.014135e+08
2.544229e+06 3.347145e+01 8.861172e+08
2.513279e+06 3.727662e+01 8.670090e+08
2.474991e+06 4.139889e+01 8.436239e+08
2.428568e+06 4.583827e+01 8.156470e+08
2.366822e+06 5.122893e+01 7.790406e+08
2.297220e+06 5.693669e+01 7.386082e+08
2.219098e+06 6.327865e+01 6.943587e+08
2.136362e+06 7.025481e+01 6.488131e+08
2.050388e+06 7.818225e+01 6.029304e+08
1.969690e+06 8.674390e+01 5.612165e+08
1.893147e+06 9.657393e+01 5.228715e+08
1.827104e+06 1.073553e+02 4.906981e+08
1.771473e+06 1.194050e+02 4.642145e+08
1.726302e+06 1.327231e+02 4.431898e+08
1.689483e+06 1.476267e+02 4.263725e+08
1.659431e+06 1.641158e+02 4.128598e+08
1.633903e+06 1.825075e+02 4.015334e+08
1.611269e+06 2.031188e+02 3.916074e+08
1.590714e+06 2.259499e+02 3.826885e+08
1.571699e+06 2.510006e+02 3.745191e+08
1.553340e+06 2.792223e+02 3.667058e+08
1.534476e+06 3.128347e+02 3.587533e+08
1.517560e+06 3.477155e+02 3.516880e+08
1.501351e+06 3.857672e+02 3.449764e+08
1.484791e+06 4.301609e+02 3.381786e+08
1.469240e+06 4.777256e+02 3.318492e+08
1.454599e+06 5.284613e+02 3.259393e+08
1.439260e+06 5.887099e+02 3.197977e+08
1.424408e+06 6.553005e+02 3.138684e+08
1.410154e+06 7.282330e+02 3.081774e+08
1.395909e+06 8.106784e+02 3.025370e+08
1.382320e+06 8.994659e+02 2.972004e+08
1.368687e+06 1.000000e+03 2.918891e+08
1.368675e+06 1.000095e+03 2.918846e+08
1.368667e+06 1.000191e+03 2.918812e+08
1.368723e+06 1.000286e+03 2.919030e+08
1.369027e+06 1.000382e+03 2.920210e+08
1.369781e+06 1.000477e+03 2.923136e+08
1.371115e+06 1.000573e+03 2.928319e+08
1.373080e+06 1.000668e+03 2.935959e+08
1.375668e+06 1.000764e+03 2.946033e+08
1.378836e+06 1.000859e+03 2.958387e+08
1.382522e+06 1.000955e+03 2.972793e+08
1.386705e+06 1.001051e+03 2.989176e+08
1.391214e+06 1.001146e+03 3.006885e+08
1.396037e+06 1.001241e+03 3.025876e+08
1.401201e+06 1.001338e+03 3.046269e+08
1.406483e+06 1.001433e+03 3.067193e+08
1.411919e+06 1.001528e+03 3.088796e+08
1.417470e+06 1.001623e+03 3.110925e+08
1.423196e+06 1.001720e+03 3.133824e+08
1.428878e+06 1.001815e+03 3.156626e+08
1.434646e+06 1.001910e+03 3.179603e+08
1.440533e+06 1.002007e+03 3.203055e+08
1.446312e+06 1.002102e+03 3.226145e+08
1.452063e+06 1.002197e+03 3.249201e+08
1.457775e+06 1.002292e+03 3.272173e+08
1.463533e+06 1.002389e+03 3.295399e+08
1.469139e+06 1.002484e+03 3.318083e+08
1.474681e+06 1.002579e+03 3.340578e+08
1.480246e+06 1.002676e+03 3.363231e+08
1.485646e+06 1.002771e+03 3.385280e+08
1.490971e+06 1.002866e+03 3.407084e+08
1.496306e+06 1.002963e+03 3.428989e+08
1.501473e+06 1.003058e+03 3.450266e+08
1.506560e+06 1.003153e+03 3.471270e+08
1.511650e+06 1.003250e+03 3.492341e+08
1.516575e+06 1.003345e+03 3.512785e+08
1.521500e+06 1.003442e+03 3.533282e+08
1.526265e+06 1.003537e+03 3.553160e+08
1.530951e+06 1.003632e+03 3.572759e+08
1.535636e+06 1.003729e+03 3.592400e+08
1.540166e+06 1.003824e+03 3.611440e+08
1.544695e+06 1.003921e+03 3.630517e+08
1.549075e+06 1.004016e+03 3.649008e+08
1.553382e+06 1.004111e+03 3.667233e+08
1.557687e+06 1.004208e+03 3.685492e+08
1.561852e+06 1.004303e+03 3.703191e+08
1.566016e+06 1.004400e+03 3.720926e+08
1.570044e+06 1.004495e+03 3.738119e+08
1.574073e+06 1.004591e+03 3.755350e+08
1.577972e+06 1.004687e+03 3.772058e+08
1.581873e+06 1.004783e+03 3.788805e+08
1.585649e+06 1.004878e+03 3.805048e+08
1.589366e+06 1.004974e+03 3.821068e+08
1.593086e+06 1.005070e+03 3.837131e+08
1.596689e+06 1.005165e+03 3.852716e+08
1.600296e+06 1.005262e+03 3.868349e+08
1.603791e+06 1.005357e+03 3.883520e+08
1.607291e+06 1.005454e+03 3.898742e+08
1.610683e+06 1.005549e+03 3.913519e+08
1.614082e+06 1.005646e+03 3.928349e+08
1.617377e+06 1.005741e+03 3.942750e+08
1.620679e+06 1.005838e+03 3.957206e+08
1.623881e+06 1.005933e+03 3.971246e+08
1.627091e+06 1.006029e+03 3.985343e+08
1.630256e+06 1.006126e+03 3.999265e+08
1.633327e+06 1.006221e+03 4.012792e+08
1.636406e+06 1.006318e+03 4.026378e+08
1.639395e+06 1.006413e+03 4.039581e+08
1.642392e+06 1.006510e+03 4.052845e+08
1.645302e+06 1.006605e+03 4.065738e+08
1.648222e+06 1.006702e+03 4.078693e+08
1.651057e+06 1.006797e+03 4.091289e+08
1.653902e+06 1.006894e+03 4.103948e+08
1.656710e+06 1.006990e+03 4.116461e+08
1.659438e+06 1.007085e+03 4.128631e+08
1.662177e+06 1.007182e+03 4.140866e+08
1.664837e+06 1.007277e+03 4.152766e+08
1.667509e+06 1.007374e+03 4.164731e+08
1.670148e+06 1.007471e+03 4.176565e+08
1.672712e+06 1.007566e+03 4.188078e+08
1.675287e+06 1.007662e+03 4.199656e+08
1.677832e+06 1.007759e+03 4.211110e+08
1.680306e+06 1.007854e+03 4.222256e+08
1.682791e+06 1.007951e+03 4.233469e+08
1.685247e+06 1.008048e+03 4.244564e+08
1.687635e+06 1.008143e+03 4.255363e+08
1.690036e+06 1.008240e+03 4.266228e+08
1.692408e+06 1.008336e+03 4.276981e+08
1.694716e+06 1.008431e+03 4.287450e+08
1.697035e+06 1.008528e+03 4.297986e+08
1.699329e+06 1.008625e+03 4.308415e+08
1.701560e+06 1.008720e+03 4.318570e+08
1.703803e+06 1.008817e+03 4.328791e+08
1.706022e+06 1.008913e+03 4.338911e+08
1.708180e+06 1.009009e+03 4.348767e+08
1.710351e+06 1.009105e+03 4.358689e+08
1.712499e+06 1.009202e+03 4.368514e+08
1.714623e+06 1.009299e+03 4.378243e+08
1.716691e+06 1.009394e+03 4.387720e+08
1.718770e+06 1.009491e+03 4.397263e+08
1.720828e+06 1.009587e+03 4.406714e+08
1.722865e+06 1.009684e+03 4.416076e+08
1.724847e+06 1.009779e+03 4.425198e+08
1.726842e+06 1.009876e+03 4.434385e+08
1.728816e+06 1.009973e+03 4.443486e+08
1.730803e+06 1.010071e+03 4.452653e+08
1.732705e+06 1.010166e+03 4.461440e+08
1.734589e+06 1.010261e+03 4.470147e+08
1.736516e+06 1.010359e+03 4.479062e+08
1.738363e+06 1.010455e+03 4.487611e+08
1.740252e+06 1.010553e+03 4.496365e+08
1.742062e+06 1.010648e+03 4.504761e+08
1.743855e+06 1.010743e+03 4.513084e+08
1.745689e+06 1.010841e+03 4.521607e+08
1.747448e+06 1.010937e+03 4.529783e+08
1.749248e+06 1.011035e+03 4.538158e+08
1.750973e+06 1.011130e+03 4.546192e+08
1.752682e+06 1.011225e+03 4.554157e+08
1.754431e+06 1.011323e+03 4.562318e+08
1.756109e+06 1.011419e+03 4.570147e+08
1.757826e+06 1.011517e+03 4.578170e+08
1.759473e+06 1.011612e+03 4.585867e+08
1.761158e+06 1.011710e+03 4.593755e+08
1.762775e+06 1.011805e+03 4.601325e+08
1.764431e+06 1.011904e+03 4.609083e+08
1.766019e+06 1.011999e+03 4.616528e+08
1.767593e+06 1.012094e+03 4.623914e+08
1.769205e+06 1.012192e+03 4.631484e+08
1.770751e+06 1.012287e+03 4.638751e+08
1.772335e+06 1.012386e+03 4.646199e+08
1.773855e+06 1.012481e+03 4.653350e+08
1.775412e+06 1.012579e+03 4.660681e+08
1.776906e+06 1.012674e+03 4.667719e+08
1.778436e+06 1.012773e+03 4.674935e+08
1.779905e+06 1.012868e+03 4.681864e+08
1.781409e+06 1.012966e+03 4.688968e+08
1.782853e+06 1.013061e+03 4.695790e+08
1.784333e+06 1.013159e+03 4.702786e+08
1.785753e+06 1.013255e+03 4.709504e+08
1.787208e+06 1.013353e+03 4.716393e+08
1.788605e+06 1.013448e+03 4.723010e+08
1.789991e+06 1.013543e+03 4.729577e+08
1.791411e+06 1.013641e+03 4.736313e+08
1.792774e+06 1.013737e+03 4.742784e+08
1.794172e+06 1.013835e+03 4.749420e+08
1.795558e+06 1.013933e+03 4.756007e+08
1.796889e+06 1.014028e+03 4.762334e+08
1.798254e+06 1.014127e+03 4.768825e+08
1.799564e+06 1.014222e+03 4.775060e+08
1.800907e+06 1.014320e+03 4.781457e+08
1.802196e+06 1.014415e+03 4.787603e+08
1.803519e+06 1.014513e+03 4.793908e+08
1.804789e+06 1.014609e+03 4.799966e+08
1.806091e+06 1.014707e+03 4.806182e+08
1.807341e+06 1.014802e+03 4.812155e+08
1.808624e+06 1.014900e+03 4.818283e+08
1.809855e+06 1.014995e+03 4.824172e+08
1.811118e+06 1.015094e+03 4.830215e+08
1.812332e+06 1.015189e+03 4.836023e+08
1.813576e+06 1.015287e+03 4.841982e+08
1.814771e+06 1.015382e+03 4.847710e+08
1.815997e+06 1.015481e+03 4.853588e+08
1.817214e+06 1.015579e+03 4.859425e+08
1.818383e+06 1.015674e+03 4.865036e+08
1.819582e+06 1.015772e+03 4.870794e+08
1.820734e+06 1.015867e+03 4.876329e+08
1.821916e+06 1.015966e+03 4.882010e+08
1.823051e+06 1.016061e+03 4.887470e+08
1.824216e+06 1.016159e+03 4.893075e+08
1.825335e+06 1.016254e+03 4.898464e+08
1.826484e+06 1.016353e+03 4.903994e+08
1.827624e+06 1.016451e+03 4.909488e+08
1.828719e+06 1.016546e+03 4.914769e+08
1.829843e+06 1.016644e+03 4.920191e+08
1.830923e+06 1.016739e+03 4.925403e+08
1.832031e+06 1.016838e+03 4.930753e+08
1.833132e+06 1.016936e+03 4.936069e+08
1.834189e+06 1.017031e+03 4.941179e+08
1.835274e+06 1.017129e+03 4.946426e+08
1.836317e+06 1.017225e+03 4.951470e+08
1.837387e+06 1.017323e+03 4.956649e+08
1.838450e+06 1.017421e+03 4.961795e+08
1.839471e+06 1.017516e+03 4.966742e+08
1.840519e+06 1.017615e+03 4.971822e+08
1.841527e+06 1.017710e+03 4.976706e+08
1.842561e+06 1.017808e+03 4.981722e+08
1.843588e+06 1.017906e+03 4.986705e+08
1.844575e+06 1.018001e+03 4.991497e+08
1.845588e+06 1.018100e+03 4.996417e+08
1.846594e+06 1.018198e+03 5.001307e+08
1.847562e+06 1.018293e+03 5.006008e+08
1.848555e+06 1.018392e+03 5.010837e+08
1.849545e+06 1.018490e+03 5.015634e+08
1.850497e+06 1.018585e+03 5.020247e+08
1.851475e+06 1.018683e+03 5.024984e+08
1.852415e+06 1.018778e+03 5.029540e+08
1.853380e+06 1.018877e+03 5.034219e+08
1.854338e+06 1.018975e+03 5.038869e+08
1.855260e+06 1.019070e+03 5.043340e+08
1.856206e+06 1.019168e+03 5.047933e+08
1.857145e+06 1.019267e+03 5.052497e+08
1.858049e+06 1.019362e+03 5.056887e+08
1.858977e+06 1.019460e+03 5.061395e+08
1.859898e+06 1.019558e+03 5.065876e+08
1.860784e+06 1.019654e+03 5.070186e+08
1.861694e+06 1.019752e+03 5.074613e+08
1.862598e+06 1.019850e+03 5.079013e+08
1.863467e+06 1.019945e+03 5.083245e+08
1.864359e+06 1.020044e+03 5.087591e+08
1.865245e+06 1.020142e+03 5.091912e+08
1.866126e+06 1.020240e+03 5.096206e+08
1.866973e+06 1.020335e+03 5.100337e+08
1.867843e+06 1.020434e+03 5.104580e+08
1.868707e+06 1.020532e+03 5.108797e+08
1.869538e+06 1.020627e+03 5.112854e+08
1.870391e+06 1.020725e+03 5.117022e+08
1.871239e+06 1.020824e+03 5.121164e+08
1.872082e+06 1.020922e+03 5.125282e+08
1.872892e+06 1.021017e+03 5.129243e+08
1.873724e+06 1.021115e+03 5.133313e+08
1.874551e+06 1.021214e+03 5.137358e+08
1.875346e+06 1.021309e+03 5.141249e+08
1.876162e+06 1.021407e+03 5.145247e+08
1.876974e+06 1.021505e+03 5.149221e+08
1.877780e+06 1.021604e+03 5.153171e+08
1.878556e+06 1.021699e+03 5.156972e+08
1.879352e+06 1.021797e+03 5.160877e+08
1.880144e+06 1.021895e+03 5.164758e+08
1.880930e+06 1.021994e+03 5.168617e+08
1.881687e+06 1.022089e+03 5.172329e+08
1.882464e+06 1.022187e+03 5.176143e+08
1.883236e+06 1.022285e+03 5.179935e+08
1.884003e+06 1.022384e+03 5.183705e+08
1.884741e+06 1.022479e+03 5.187331e+08
1.885499e+06 1.022577e+03 5.191058e+08
1.886253e+06 1.022675e+03 5.194762e+08
1.887002e+06 1.022774e+03 5.198445e+08
1.887722e+06 1.022869e+03 5.201989e+08
1.888462e+06 1.022967e+03 5.205630e+08
1.889197e+06 1.023066e+03 5.209250e+08
1.889928e+06 1.023164e+03 5.212849e+08
1.890655e+06 1.023262e+03 5.216427e+08
1.891353e+06 1.023357e+03 5.219870e+08
1.892071e+06 1.023456e+03 5.223408e+08
1.892785e+06 1.023554e+03 5.226926e+08
1.893494e+06 1.023652e+03 5.230423e+08
1.894199e+06 1.023750e+03 5.233900e+08
1.894877e+06 1.023846e+03 5.237246e+08
1.895573e+06 1.023944e+03 5.240684e+08
1.896266e+06 1.024042e+03 5.244103e+08
1.896954e+06 1.024140e+03 5.247502e+08
1.897638e+06 1.024239e+03 5.250881e+08
1.898296e+06 1.024334e+03 5.254133e+08
1.898972e+06 1.024432e+03 5.257475e+08
1.899644e+06 1.024531e+03 5.260798e+08
1.900312e+06 1.024629e+03 5.264102e+08
1.900976e+06 1.024727e+03 5.267387e+08
1.901637e+06 1.024825e+03 5.270653e+08
1.902272e+06 1.024921e+03 5.273797e+08
1.902924e+06 1.025019e+03 5.277027e+08
1.903573e+06 1.025117e+03 5.280239e+08
1.904217e+06 1.025215e+03 5.283433e+08
1.904858e+06 1.025314e+03 5.286608e+08
1.905496e+06 1.025412e+03 5.289766e+08
1.906109e+06 1.025507e+03 5.292805e+08
1.906738e+06 1.025605e+03 5.295929e+08
1.907365e+06 1.025704e+03 5.299034e+08
1.907987e+06 1.025802e+03 5.302122e+08
1.908606e+06 1.025900e+03 5.305193e+08
1.909221e+06 1.025999e+03 5.308247e+08
1.909833e+06 1.026097e+03 5.311283e+08
1.910421e+06 1.026192e+03 5.314206e+08
1.911026e+06 1.026290e+03 5.317209e+08
1.911627e+06 1.026389e+03 5.320196e+08
1.912224e+06 1.026487e+03 5.323166e+08
1.912819e+06 1.026585e+03 5.326120e+08
1.913409e+06 1.026684e+03 5.329057e+08
1.913997e+06 1.026782e+03 5.331978e+08
1.914581e+06 1.026880e+03 5.334883e+08
1.915161e+06 1.026979e+03 5.337772e+08
1.915720e+06 1.027074e+03 5.340552e+08
1.916294e+06 1.027172e+03 5.343410e+08
1.916864e+06 1.027270e+03 5.346252e+08
1.917432e+06 1.027369e+03 5.349078e+08
1.917996e+06 1.027467e+03 5.351888e+08
1.918557e+06 1.027565e+03 5.354683e+08
1.919115e+06 1.027663e+03 5.357463e+08
1.919669e+06 1.027762e+03 5.360228e+08
1.920221e+06 1.027860e+03 5.362977e+08
1.920769e+06 1.027958e+03 5.365711e+08
1.921314e+06 1.028057e+03 5.368430e+08
1.921856e+06 1.028155e+03 5.371135e+08
1.922395e+06 1.028253e+03 5.373824e+08
1.922914e+06 1.028348e+03 5.376413e+08
1.923446e+06 1.028447e+03 5.379074e+08
1.923976e+06 1.028545e+03 5.381720e+08
1.924503e+06 1.028643e+03 5.384352e+08
1.925027e+06 1.028742e+03 5.386970e+08
1.925548e+06 1.028840e+03 5.389573e+08
1.926066e+06 1.028938e+03 5.392163e+08
1.926581e+06 1.029036e+03 5.394738e+08
1.927094e+06 1.029135e+03 5.397299e+08
1.927603e+06 1.029233e+03 5.399846e+08
1.928109e+06 1.029331e+03 5.402380e+08
1.928613e+06 1.029430e+03 5.404900e+08
1.929114e+06 1.029528e+03 5.407406e+08
1.929612e+06 1.029626e+03 5.409899e+08
1.930107e+06 1.029725e+03 5.412379e+08
1.930599e+06 1.029823e+03 5.414845e+08
1.931089e+06 1.029921e+03 5.417297e+08
1.931576e+06 1.030019e+03 5.419737e+08
1.932061e+06 1.030118e+03 5.422164e+08
1.932542e+06 1.030216e+03 5.424577e+08
1.933021e+06 1.030314e+03 5.426978e+08
1.933497e+06 1.030413e+03 5.429366e+08
1.933971e+06 1.030511e+03 5.431741e+08
1.934442e+06 1.030609e+03 5.434103e+08
1.934910e+06 1.030708e+03 5.436453e+08
1.935376e+06 1.030806e+03 5.438790e+08
1.935840e+06 1.030904e+03 5.441115e+08
1.936300e+06 1.031002e+03 5.443428e+08
1.936759e+06 1.031101e+03 5.445728e+08
1.937214e+06 1.031199e+03 5.448016e+08
1.937667e+06 1.031297e+03 5.450292e+08
1.938118e+06 1.031396e+03 5.452556e+08
1.938566e+06 1.031494e+03 5.454808e+08
1.939012e+06 1.031592e+03 5.457048e+08
1.939456e+06 1.031691e+03 5.459277e+08
1.939897e+06 1.031789e+03 5.461493e+08
1.940335e+06 1.031887e+03 5.463698e+08
1.940771e+06 1.031985e+03 5.465892e+08
1.941205e+06 1.032084e+03 5.468073e+08
1.941637e+06 1.032182e+03 5.470244e+08
1.942066e+06 1.032280e+03 5.472403e+08
1.942493e+06 1.032379e+03 5.474550e+08
1.942931e+06 1.032480e+03 5.476756e+08
1.943353e+06 1.032578e+03 5.478881e+08
1.943773e+06 1.032677e+03 5.480994e+08
1.944191e+06 1.032775e+03 5.483097e+08
1.944606e+06 1.032873e+03 5.485189e+08
1.945019e+06 1.032972e+03 5.487270e+08
1.945430e+06 1.033070e+03 5.489341e+08
1.945839e+06 1.033168e+03 5.491400e+08
1.946245e+06 1.033267e+03 5.493449e+08
1.946650e+06 1.033365e+03 5.495487e+08
1.947052e+06 1.033463e+03 5.497515e+08
1.947452e+06 1.033561e+03 5.499532e+08
1.947863e+06 1.033663e+03 5.501604e+08
1.948259e+06 1.033761e+03 5.503600e+08
1.948652e+06 1.033860e+03 5.505586e+08
1.949044e+06 1.033958e+03 5.507562e+08
1.949434e+06 1.034056e+03 5.509527e+08
1.949821e+06 1.034154e+03 5.511483e+08
1.950207e+06 1.034253e+03 5.513429e+08
1.950590e+06 1.034351e+03 5.515364e+08
1.950971e+06 1.034449e+03 5.517290e+08
1.951363e+06 1.034551e+03 5.519268e+08
1.951740e+06 1.034649e+03 5.521174e+08
1.952116e+06 1.034747e+03 5.523070e+08
1.952489e+06 1.034846e+03 5.524956e+08
1.952861e+06 1.034944e+03 5.526833e+08
1.953230e+06 1.035042e+03 5.528701e+08
1.953598e+06 1.035141e+03 5.530559e+08
1.953963e+06 1.035239e+03 5.532407e+08
1.954339e+06 1.035340e+03 5.534306e+08
1.954701e+06 1.035439e+03 5.536136e+08
1.955061e+06 1.035537e+03 5.537956e+08
1.955419e+06 1.035635e+03 5.539767e+08
1.955775e+06 1.035734e+03 5.541569e+08
1.956129e+06 1.035832e+03 5.543363e+08
1.956493e+06 1.035933e+03 5.545204e+08
1.956844e+06 1.036032e+03 5.546979e+08
1.957193e+06 1.036130e+03 5.548745e+08
1.957540e+06 1.036228e+03 5.550502e+08
1.957885e+06 1.036327e+03 5.552250e+08
1.958229e+06 1.036425e+03 5.553989e+08
1.958581e+06 1.036526e+03 5.555775e+08
1.958921e+06 1.036625e+03 5.557497e+08
1.959259e+06 1.036723e+03 5.559210e+08
1.959596e+06 1.036821e+03 5.560914e+08
1.959930e+06 1.036920e+03 5.562610e+08
1.960274e+06 1.037021e+03 5.564352e+08
1.960605e+06 1.037119e+03 5.566031e+08
1.960935e+06 1.037218e+03 5.567701e+08
1.961262e+06 1.037316e+03 5.569363e+08
1.961589e+06 1.037414e+03 5.571016e+08
1.961923e+06 1.037516e+03 5.572714e+08
1.962246e+06 1.037614e+03 5.574351e+08
1.962567e+06 1.037712e+03 5.575980e+08
1.962887e+06 1.037811e+03 5.577600e+08
1.963215e+06 1.037912e+03 5.579264e+08
1.963531e+06 1.038010e+03 5.580868e+08
1.963845e+06 1.038109e+03 5.582465e+08
1.964158e+06 1.038207e+03 5.584053e+08
1.964469e+06 1.038305e+03 5.585633e+08
1.964789e+06 1.038407e+03 5.587256e+08
1.965097e+06 1.038505e+03 5.588820e+08
1.965403e+06 1.038603e+03 5.590376e+08
1.965708e+06 1.038702e+03 5.591925e+08
1.966021e+06 1.038803e+03 5.593516e+08
1.966323e+06 1.038901e+03 5.595049e+08
1.966623e+06 1.039000e+03 5.596574e+08
1.966932e+06 1.039101e+03 5.598141e+08
1.967229e+06 1.039199e+03 5.599651e+08
1.967525e+06 1.039298e+03 5.601154e+08
1.967819e+06 1.039396e+03 5.602649e+08
1.968121e+06 1.039498e+03 5.604185e+08
1.968412e+06 1.039596e+03 5.605665e+08
1.968702e+06 1.039694e+03 5.607138e+08
1.968990e+06 1.039792e+03 5.608604e+08
1.969286e+06 1.039894e+03 5.610109e+08
1.969571e+06 1.039992e+03 5.611560e+08
1.969855e+06 1.040091e+03 5.613004e+08
1.970146e+06 1.040192e+03 5.614487e+08
1.970427e+06 1.040290e+03 5.615916e+08
1.970707e+06 1.040389e+03 5.617339e+08
1.970985e+06 1.040487e+03 5.618754e+08
1.971270e+06 1.040588e+03 5.620208e+08
1.971546e+06 1.040687e+03 5.621609e+08
1.971819e+06 1.040785e+03 5.623004e+08
1.972101e+06 1.040886e+03 5.624436e+08
1.972372e+06 1.040985e+03 5.625817e+08
1.972642e+06 1.041083e+03 5.627191e+08
1.972919e+06 1.041185e+03 5.628602e+08
1.973186e+06 1.041283e+03 5.629962e+08
1.973451e+06 1.041381e+03 5.631316e+08
1.973724e+06 1.041483e+03 5.632706e+08
1.973987e+06 1.041581e+03 5.634046e+08
1.974249e+06 1.041679e+03 5.635380e+08
1.974518e+06 1.041781e+03 5.636750e+08
1.974777e+06 1.041879e+03 5.638071e+08
1.975035e+06 1.041977e+03 5.639385e+08
1.975299e+06 1.042079e+03 5.640735e+08
1.975555e+06 1.042177e+03 5.642036e+08
1.975808e+06 1.042275e+03 5.643331e+08
1.976069e+06 1.042377e+03 5.644662e+08
1.976321e+06 1.042475e+03 5.645944e+08
1.976579e+06 1.042577e+03 5.647262e+08
1.976828e+06 1.042675e+03 5.648531e+08
1.977076e+06 1.042773e+03 5.649795e+08
1.977330e+06 1.042875e+03 5.651094e+08
1.977575e+06 1.042973e+03 5.652345e+08
1.977819e+06 1.043071e+03 5.653591e+08
1.978070e+06 1.043173e+03 5.654870e+08
1.978312e+06 1.043271e+03 5.656103e+08
1.978560e+06 1.043372e+03 5.657370e+08
1.978799e+06 1.043471e+03 5.658592e+08
1.979037e+06 1.043569e+03 5.659808e+08
1.979282e+06 1.043671e+03 5.661056e+08
1.979517e+06 1.043769e+03 5.662260e+08
1.979759e+06 1.043870e+03 5.663497e+08
1.979993e+06 1.043969e+03 5.664689e+08
1.980225e+06 1.044067e+03 5.665876e+08
1.980464e+06 1.044168e+03 5.667095e+08
1.980694e+06 1.044267e+03 5.668270e+08
1.980930e+06 1.044368e+03 5.669477e+08
1.981158e+06 1.044466e+03 5.670641e+08
1.981392e+06 1.044568e+03 5.671837e+08
1.981617e+06 1.044666e+03 5.672990e+08
1.981842e+06 1.044765e+03 5.674137e+08
1.982072e+06 1.044866e+03 5.675316e+08
1.982294e+06 1.044964e+03 5.676452e+08
1.982523e+06 1.045066e+03 5.677619e+08
1.982743e+06 1.045164e+03 5.678745e+08
1.982969e+06 1.045266e+03 5.679901e+08
1.983187e+06 1.045364e+03 5.681016e+08
1.983404e+06 1.045462e+03 5.682125e+08
1.983627e+06 1.045564e+03 5.683265e+08
1.983841e+06 1.045662e+03 5.684364e+08
1.984062e+06 1.045763e+03 5.685493e+08
1.984275e+06 1.045862e+03 5.686581e+08
1.984493e+06 1.045963e+03 5.687699e+08
1.984704e+06 1.046061e+03 5.688778e+08
1.984920e+06 1.046163e+03 5.689885e+08
1.985129e+06 1.046261e+03 5.690953e+08
1.985343e+06 1.046363e+03 5.692050e+08
1.985550e+06 1.046461e+03 5.693108e+08
1.985762e+06 1.046562e+03 5.694195e+08
1.985967e+06 1.046661e+03 5.695242e+08
1.986177e+06 1.046762e+03 5.696319e+08
1.986380e+06 1.046861e+03 5.697357e+08
1.986588e+06 1.046962e+03 5.698423e+08
1.986788e+06 1.047060e+03 5.699451e+08
1.986995e+06 1.047162e+03 5.700507e+08
1.987193e+06 1.047260e+03 5.701526e+08
1.987398e+06 1.047362e+03 5.702572e+08
1.987595e+06 1.047460e+03 5.703581e+08
1.987797e+06 1.047561e+03 5.704617e+08
1.987992e+06 1.047660e+03 5.705616e+08
1.988192e+06 1.047761e+03 5.706643e+08
1.988385e+06 1.047859e+03 5.707633e+08
1.988584e+06 1.047961e+03 5.708650e+08
1.988775e+06 1.048059e+03 5.709631e+08
1.988972e+06 1.048161e+03 5.710638e+08
1.989161e+06 1.048259e+03 5.711610e+08
1.989356e+06 1.048360e+03 5.712608e+08
1.989543e+06 1.048459e+03 5.713570e+08
1.989736e+06 1.048560e+03 5.714559e+08
1.989928e+06 1.048662e+03 5.715543e+08
1.990113e+06 1.048760e+03 5.716492e+08
1.990303e+06 1.048861e+03 5.717467e+08
1.990487e+06 1.048960e+03 5.718407e+08
1.990675e+06 1.049061e+03 5.719373e+08
1.990856e+06 1.049160e+03 5.720304e+08
1.991043e+06 1.049261e+03 5.721261e+08
1.991228e+06 1.049362e+03 5.722213e+08
1.991407e+06 1.049461e+03 5.723131e+08
1.991591e+06 1.049562e+03 5.724075e+08
1.991768e+06 1.049661e+03 5.724984e+08
1.991951e+06 1.049762e+03 5.725919e+08
1.992126e+06 1.049860e+03 5.726820e+08
1.992307e+06 1.049962e+03 5.727746e+08
1.992492e+06 1.050066e+03 5.728700e+08
1.992671e+06 1.050168e+03 5.729618e+08
1.992849e+06 1.050269e+03 5.730531e+08
1.993026e+06 1.050371e+03 5.731440e+08
1.993202e+06 1.050472e+03 5.732345e+08
1.993378e+06 1.050574e+03 5.733245e+08
1.993530e+06 1.050663e+03 5.734029e+08
1.993704e+06 1.050764e+03 5.734922e+08
1.993877e+06 1.050866e+03 5.735810e+08
1.994049e+06 1.050967e+03 5.736694e+08
1.994220e+06 1.051068e+03 5.737573e+08
1.994391e+06 1.051170e+03 5.738449e+08
1.994560e+06 1.051271e+03 5.739321e+08
1.994729e+06 1.051373e+03 5.740188e+08
1.994897e+06 1.051474e+03 5.741052e+08
1.995064e+06 1.051576e+03 5.741911e+08
1.995210e+06 1.051665e+03 5.742660e+08
1.995376e+06 1.051766e+03 5.743512e+08
1.995541e+06 1.051868e+03 5.744360e+08
1.995705e+06 1.051969e+03 5.745204e+08
1.995869e+06 1.052070e+03 5.746044e+08
1.996031e+06 1.052172e+03 5.746880e+08
1.996193e+06 1.052273e+03 5.747713e+08
1.996354e+06 1.052375e+03 5.748541e+08
1.996515e+06 1.052476e+03 5.749366e+08
1.996674e+06 1.052578e+03 5.750187e+08
1.996833e+06 1.052679e+03 5.751004e+08
1.996991e+06 1.052781e+03 5.751817e+08
1.997129e+06 1.052870e+03 5.752526e+08
1.997286e+06 1.052971e+03 5.753332e+08
1.997442e+06 1.053073e+03 5.754135e+08
1.997597e+06 1.053174e+03 5.754934e+08
1.997752e+06 1.053275e+03 5.755729e+08
1.997906e+06 1.053377e+03 5.756521e+08
1.998059e+06 1.053478e+03 5.757309e+08
1.998211e+06 1.053580e+03 5.758093e+08
1.998363e+06 1.053681e+03 5.758874e+08
1.998514e+06 1.053783e+03 5.759651e+08
1.998664e+06 1.053884e+03 5.760425e+08
1.998814e+06 1.053986e+03 5.761195e+08
1.998963e+06 1.054087e+03 5.761962e+08
1.999093e+06 1.054176e+03 5.762629e+08
1.999241e+06 1.054277e+03 5.763390e+08
1.999388e+06 1.054379e+03 5.764146e+08
1.999534e+06 1.054480e+03 5.764899e+08
1.999679e+06 1.054582e+03 5.765649e+08
1.999824e+06 1.054683e+03 5.766395e+08
1.999969e+06 1.054785e+03 5.767138e+08
2.000112e+06 1.054886e+03 5.767878e+08
2.000255e+06 1.054988e+03 5.768614e+08
2.000398e+06 1.055089e+03 5.769347e+08
2.000539e+06 1.055191e+03 5.770077e+08
2.000680e+06 1.055292e+03 5.770803e+08
2.000821e+06 1.055394e+03 5.771526e+08
2.000960e+06 1.055495e+03 5.772245e+08
2.001100e+06 1.055597e+03 5.772962e+08
2.001238e+06 1.055698e+03 5.773675e+08
2.001359e+06 1.055787e+03 5.774297e+08
2.001496e+06 1.055888e+03 5.775004e+08
2.001633e+06 1.055990e+03 5.775708e+08
2.001769e+06 1.056091e+03 5.776409e+08
2.001904e+06 1.056193e+03 5.777106e+08
2.002039e+06 1.056294e+03 5.777801e+08
2.002173e+06 1.056396e+03 5.778492e+08
2.002306e+06 1.056497e+03 5.779180e+08
2.002439e+06 1.056599e+03 5.779866e+08
2.002572e+06 1.056700e+03 5.780548e+08
2.002704e+06 1.056802e+03 5.781227e+08
2.002835e+06 1.056903e+03 5.781903e+08
2.002965e+06 1.057005e+03 5.782576e+08
2.003095e+06 1.057106e+03 5.783246e+08
2.003225e+06 1.057207e+03 5.783913e+08
2.003353e+06 1.057309e+03 5.784577e+08
2.003482e+06 1.057410e+03 5.785238e+08
2.003609e+06 1.057512e+03 5.785896e+08
2.003736e+06 1.057613e+03 5.786551e+08
2.003847e+06 1.057702e+03 5.787122e+08
2.003973e+06 1.057804e+03 5.787772e+08
2.004098e+06 1.057905e+03 5.788419e+08
2.004223e+06 1.058007e+03 5.789063e+08
2.004348e+06 1.058108e+03 5.789704e+08
2.004471e+06 1.058209e+03 5.790342e+08
2.004594e+06 1.058311e+03 5.790977e+08
2.004717e+06 1.058412e+03 5.791610e+08
2.004839e+06 1.058514e+03 5.792240e+08
2.004961e+06 1.058615e+03 5.792867e+08
2.005082e+06 1.058717e+03 5.793491e+08
2.005202e+06 1.058818e+03 5.794112e+08
2.005322e+06 1.058920e+03 5.794731e+08
2.005441e+06 1.059021e+03 5.795347e+08
2.005560e+06 1.059123e+03 5.795960e+08
2.005679e+06 1.059224e+03 5.796571e+08
2.005796e+06 1.059326e+03 5.797179e+08
2.005914e+06 1.059427e+03 5.797784e+08
2.006030e+06 1.059529e+03 5.798386e+08
2.006147e+06 1.059630e+03 5.798986e+08
2.006262e+06 1.059732e+03 5.799584e+08
2.006378e+06 1.059833e+03 5.800178e+08
2.006492e+06 1.059935e+03 5.800770e+08
2.006606e+06 1.060036e+03 5.801360e+08
2.006720e+06 1.060137e+03 5.801946e+08
2.006833e+06 1.060239e+03 5.802531e+08
2.006946e+06 1.060340e+03 5.803112e+08
2.007058e+06 1.060442e+03 5.803692e+08
2.007170e+06 1.060543e+03 5.804268e+08
2.007281e+06 1.060645e+03 5.804842e+08
2.007378e+06 1.060734e+03 5.805343e+08
2.007488e+06 1.060835e+03 5.805912e+08
2.007598e+06 1.060937e+03 5.806479e+08
2.007707e+06 1.061038e+03 5.807043e+08
2.007816e+06 1.061139e+03 5.807605e+08
2.007924e+06 1.061241e+03 5.808165e+08
2.008032e+06 1.061342e+03 5.808722e+08
2.008140e+06 1.061444e+03 5.809277e+08
2.008247e+06 1.061545e+03 5.809829e+08
2.008353e+06 1.061647e+03 5.810379e+08
2.008459e+06 1.061748e+03 5.810927e+08
2.008565e+06 1.061850e+03 5.811472e+08
2.008670e+06 1.061951e+03 5.812015e+08
2.008774e+06 1.062053e+03 5.812555e+08
2.008878e+06 1.062154e+03 5.813093e+08
2.008982e+06 1.062256e+03 5.813629e+08
2.009085e+06 1.062357e+03 5.814162e+08
2.009188e+06 1.062459e+03 5.814694e+08
2.009290e+06 1.062560e+03 5.815223e+08
2.009392e+06 1.062662e+03 5.815749e+08
2.009494e+06 1.062763e+03 5.816274e+08
2.009595e+06 1.062864e+03 5.816796e+08
2.009695e+06 1.062966e+03 5.817316e+08
2.009796e+06 1.063067e+03 5.817833e+08
2.009895e+06 1.063169e+03 5.818349e+08
2.009995e+06 1.063270e+03 5.818862e+08
2.010093e+06 1.063372e+03 5.819373e+08
2.010192e+06 1.063473e+03 5.819882e+08
2.010290e+06 1.063575e+03 5.820388e+08
2.010388e+06 1.063676e+03 5.820893e+08
2.010485e+06 1.063778e+03 5.821395e+08
2.010581e+06 1.063879e+03 5.821895e+08
2.010678e+06 1.063981e+03 5.822393e+08
2.010774e+06 1.064082e+03 5.822889e+08
2.010869e+06 1.064184e+03 5.823383e+08
2.010964e+06 1.064285e+03 5.823875e+08
2.011059e+06 1.064387e+03 5.824365e+08
2.011153e+06 1.064488e+03 5.824852e+08
2.011247e+06 1.064590e+03 5.825338e+08
2.011341e+06 1.064691e+03 5.825821e+08
2.011434e+06 1.064792e+03 5.826303e+08
2.011526e+06 1.064894e+03 5.826782e+08
2.011619e+06 1.064995e+03 5.827260e+08
2.011711e+06 1.065097e+03 5.827735e+08
2.011802e+06 1.065198e+03 5.828209e+08
2.011893e+06 1.065300e+03 5.828680e+08
2.011984e+06 1.065401e+03 5.829149e+08
2.012074e+06 1.065503e+03 5.829617e+08
2.012164e+06 1.065604e+03 5.830082e+08
2.012254e+06 1.065706e+03 5.830546e+08
2.012343e+06 1.065807e+03 5.831008e+08
2.012432e+06 1.065909e+03 5.831467e+08
2.012521e+06 1.066010e+03 5.831925e+08
2.012609e+06 1.066112e+03 5.832381e+08
2.012696e+06 1.066213e+03 5.832835e+08
2.012784e+06 1.066315e+03 5.833287e+08
2.012871e+06 1.066416e+03 5.833737e+08
2.012968e+06 1.066530e+03 5.834242e+08
2.013054e+06 1.066632e+03 5.834688e+08
2.013140e+06 1.066733e+03 5.835132e+08
2.013226e+06 1.066835e+03 5.835575e+08
2.013311e+06 1.066936e+03 5.836016e+08
2.013396e+06 1.067037e+03 5.836455e+08
2.013480e+06 1.067139e+03 5.836892e+08
2.013564e+06 1.067240e+03 5.837327e+08
2.013648e+06 1.067342e+03 5.837761e+08
2.013732e+06 1.067443e+03 5.838192e+08
2.013815e+06 1.067545e+03 5.838622e+08
2.013897e+06 1.067646e+03 5.839051e+08
2.013980e+06 1.067748e+03 5.839477e+08
2.014062e+06 1.067849e+03 5.839902e+08
2.014143e+06 1.067951e+03 5.840325e+08
2.014225e+06 1.068052e+03 5.840746e+08
2.014306e+06 1.068154e+03 5.841166e+08
2.014387e+06 1.068255e+03 5.841584e+08
2.014467e+06 1.068357e+03 5.842000e+08
2.014547e+06 1.068458e+03 5.842414e+08
2.014627e+06 1.068560e+03 5.842827e+08
2.014706e+06 1.068661e+03 5.843238e+08
2.014785e+06 1.068763e+03 5.843648e+08
2.014864e+06 1.068864e+03 5.844055e+08
2.014942e+06 1.068965e+03 5.844461e+08
2.015020e+06 1.069067e+03 5.844866e+08
2.015098e+06 1.069168e+03 5.845269e+08
2.015176e+06 1.069270e+03 5.845670e+08
2.015253e+06 1.069371e+03 5.846070e+08
2.015330e+06 1.069473e+03 5.846468e+08
2.015416e+06 1.069587e+03 5.846913e+08
2.015492e+06 1.069688e+03 5.847308e+08
2.015568e+06 1.069790e+03 5.847701e+08
2.015643e+06 1.069891e+03 5.848092e+08
2.015718e+06 1.069993e+03 5.848482e+08
2.015793e+06 1.070094e+03 5.848871e+08
2.015868e+06 1.070196e+03 5.849257e+08
2.015942e+06 1.070297e+03 5.849642e+08
2.016016e+06 1.070399e+03 5.850026e+08
2.016090e+06 1.070500e+03 5.850408e+08
2.016164e+06 1.070602e+03 5.850789e+08
2.016237e+06 1.070703e+03 5.851168e+08
2.016310e+06 1.070805e+03 5.851546e+08
2.016382e+06 1.070906e+03 5.851922e+08
2.016455e+06 1.071008e+03 5.852296e+08
2.016527e+06 1.071109e+03 5.852669e+08
2.016598e+06 1.071211e+03 5.853041e+08
2.016670e+06 1.071312e+03 5.853411e+08
2.016741e+06 1.071413e+03 5.853780e+08
2.016821e+06 1.071528e+03 5.854193e+08
2.016891e+06 1.071629e+03 5.854558e+08
2.016961e+06 1.071731e+03 5.854922e+08
2.017031e+06 1.071832e+03 5.855285e+08
2.017101e+06 1.071933e+03 5.855646e+08
2.017170e+06 1.072035e+03 5.856006e+08
2.017240e+06 1.072136e+03 5.856365e+08
2.017308e+06 1.072238e+03 5.856722e+08
2.017377e+06 1.072339e+03 5.857078e+08
2.017445e+06 1.072441e+03 5.857432e+08
2.017513e+06 1.072542e+03 5.857785e+08
2.017581e+06 1.072644e+03 5.858136e+08
2.017649e+06 1.072745e+03 5.858486e+08
2.017716e+06 1.072847e+03 5.858835e+08
2.017783e+06 1.072948e+03 5.859182e+08
2.017850e+06 1.073050e+03 5.859529e+08
2.017925e+06 1.073164e+03 5.859916e+08
2.017991e+06 1.073265e+03 5.860259e+08
2.018057e+06 1.073367e+03 5.860601e+08
2.018122e+06 1.073468e+03 5.860942e+08
2.018188e+06 1.073570e+03 5.861281e+08
2.018253e+06 1.073671e+03 5.861619e+08
2.018318e+06 1.073773e+03 5.861956e+08
2.018383e+06 1.073874e+03 5.862291e+08
2.018447e+06 1.073976e+03 5.862625e+08
2.018511e+06 1.074077e+03 5.862958e+08
2.018575e+06 1.074179e+03 5.863289e+08
2.018639e+06 1.074280e+03 5.863619e+08
2.018702e+06 1.074381e+03 5.863948e+08
2.018773e+06 1.074496e+03 5.864317e+08
2.018836e+06 1.074597e+03 5.864643e+08
2.018899e+06 1.074699e+03 5.864968e+08
2.018961e+06 1.074800e+03 5.865292e+08
2.019023e+06 1.074902e+03 5.865614e+08
2.019085e+06 1.075003e+03 5.865936e+08
2.019147e+06 1.075104e+03 5.866256e+08
2.019208e+06 1.075206e+03 5.866574e+08
2.019270e+06 1.075307e+03 5.866892e+08
2.019331e+06 1.075409e+03 5.867209e+08
2.019391e+06 1.075510e+03 5.867524e+08
2.019459e+06 1.075625e+03 5.867877e+08
2.019520e+06 1.075726e+03 5.868190e+08
2.019580e+06 1.075827e+03 5.868501e+08
2.019640e+06 1.075929e+03 5.868812e+08
2.019699e+06 1.076030e+03 5.869121e+08
2.019759e+06 1.076132e+03 5.869429e+08
2.019818e+06 1.076233e+03 5.869736e+08
2.019877e+06 1.076335e+03 5.870041e+08
2.019935e+06 1.076436e+03 5.870346e+08
2.019994e+06 1.076538e+03 5.870649e+08
2.020052e+06 1.076639e+03 5.870951e+08
2.020117e+06 1.076753e+03 5.871290e+08
2.020175e+06 1.076855e+03 5.871590e+08
2.020233e+06 1.076956e+03 5.871889e+08
2.020290e+06 1.077058e+03 5.872187e+08
2.020347e+06 1.077159e+03 5.872483e+08
2.020404e+06 1.077261e+03 5.872778e+08
2.020461e+06 1.077362e+03 5.873073e+08
2.020517e+06 1.077464e+03 5.873366e+08
2.020573e+06 1.077565e+03 5.873658e+08
2.020630e+06 1.077667e+03 5.873949e+08
2.020692e+06 1.077781e+03 5.874276e+08
2.020748e+06 1.077882e+03 5.874564e+08
2.020803e+06 1.077984e+03 5.874852e+08
2.020859e+06 1.078085e+03 5.875139e+08
2.020914e+06 1.078187e+03 5.875424e+08
2.020969e+06 1.078288e+03 5.875709e+08
2.021023e+06 1.078390e+03 5.875992e+08
2.021078e+06 1.078491e+03 5.876275e+08
2.021132e+06 1.078593e+03 5.876556e+08
2.021193e+06 1.078707e+03 5.876872e+08
2.021246e+06 1.078808e+03 5.877151e+08
2.021300e+06 1.078910e+03 5.877429e+08
2.021353e+06 1.079011e+03 5.877707e+08
2.021407e+06 1.079113e+03 5.877983e+08
2.021460e+06 1.079214e+03 5.878258e+08
2.021512e+06 1.079316e+03 5.878532e+08
2.021565e+06 1.079417e+03 5.878806e+08
2.021624e+06 1.079531e+03 5.879112e+08
2.021676e+06 1.079633e+03 5.879383e+08
2.021728e+06 1.079734e+03 5.879653e+08
2.021780e+06 1.079836e+03 5.879922e+08
2.021832e+06 1.079937e+03 5.880191e+08
2.021883e+06 1.080039e+03 5.880458e+08
2.021934e+06 1.080140e+03 5.880724e+08
2.021986e+06 1.080241e+03 5.880990e+08
2.022043e+06 1.080356e+03 5.881287e+08
2.022094e+06 1.080457e+03 5.881550e+08
2.022144e+06 1.080559e+03 5.881813e+08
2.022194e+06 1.080660e+03 5.882074e+08
2.022245e+06 1.080761e+03 5.882335e+08
2.022295e+06 1.080863e+03 5.882594e+08
2.022344e+06 1.080964e+03 5.882853e+08
2.022394e+06 1.081066e+03 5.883111e+08
2.022450e+06 1.081180e+03 5.883400e+08
2.022499e+06 1.081282e+03 5.883656e+08
2.022548e+06 1.081383e+03 5.883910e+08
2.022597e+06 1.081484e+03 5.884165e+08
2.022646e+06 1.081586e+03 5.884418e+08
2.022694e+06 1.081687e+03 5.884670e+08
2.022743e+06 1.081789e+03 5.884921e+08
2.022791e+06 1.081890e+03 5.885172e+08
2.022845e+06 1.082005e+03 5.885452e+08
2.022893e+06 1.082106e+03 5.885701e+08
2.022940e+06 1.082207e+03 5.885949e+08
2.022988e+06 1.082309e+03 5.886196e+08
2.023035e+06 1.082410e+03 5.886442e+08
2.023082e+06 1.082512e+03 5.886687e+08
2.023129e+06 1.082613e+03 5.886931e+08
2.023182e+06 1.082728e+03 5.887205e+08
2.023229e+06 1.082829e+03 5.887448e+08
2.023275e+06 1.082930e+03 5.887689e+08
2.023322e+06 1.083032e+03 5.887930e+08
2.023368e+06 1.083133e+03 5.888170e+08
2.023414e+06 1.083235e+03 5.888409e+08
2.023460e+06 1.083336e+03 5.888648e+08
2.023511e+06 1.083450e+03 5.888915e+08
2.023557e+06 1.083552e+03 5.889151e+08
2.023602e+06 1.083653e+03 5.889387e+08
2.023647e+06 1.083755e+03 5.889622e+08
2.023692e+06 1.083856e+03 5.889857e+08
2.023737e+06 1.083958e+03 5.890090e+08
2.023788e+06 1.084072e+03 5.890352e+08
2.023832e+06 1.084173e+03 5.890583e+08
2.023877e+06 1.084275e+03 5.890814e+08
2.023921e+06 1.084376e+03 5.891044e+08
2.023965e+06 1.084478e+03 5.891274e+08
2.024009e+06 1.084579e+03 5.891502e+08
2.024053e+06 1.084681e+03 5.891730e+08
2.024102e+06 1.084795e+03 5.891986e+08
2.024146e+06 1.084896e+03 5.892212e+08
2.024189e+06 1.084998e+03 5.892437e+08
2.024232e+06 1.085099e+03 5.892662e+08
2.024275e+06 1.085201e+03 5.892886e+08
2.024318e+06 1.085302e+03 5.893109e+08
2.024366e+06 1.085416e+03 5.893359e+08
2.024409e+06 1.085518e+03 5.893581e+08
2.024451e+06 1.085619e+03 5.893802e+08
2.024494e+06 1.085721e+03 5.894022e+08
2.024536e+06 1.085822e+03 5.894241e+08
2.024578e+06 1.085924e+03 5.894460e+08
2.024625e+06 1.086038e+03 5.894705e+08
2.024667e+06 1.086139e+03 5.894922e+08
2.024709e+06 1.086241e+03 5.895138e+08
2.024750e+06 1.086342e+03 5.895354e+08
2.024791e+06 1.086444e+03 5.895569e+08
2.024833e+06 1.086545e+03 5.895783e+08
2.024879e+06 1.086660e+03 5.896024e+08
2.024920e+06 1.086761e+03 5.896236e+08
2.024961e+06 1.086862e+03 5.896449e+08
2.025001e+06 1.086964e+03 5.896660e+08
2.025042e+06 1.087065e+03 5.896871e+08
2.025087e+06 1.087180e+03 5.897107e+08
2.025127e+06 1.087281e+03 5.897316e+08
2.025168e+06 1.087383e+03 5.897525e+08
2.025208e+06 1.087484e+03 5.897733e+08
2.025247e+06 1.087585e+03 5.897940e+08
2.025287e+06 1.087687e+03 5.898146e+08
2.025332e+06 1.087801e+03 5.898378e+08
2.025371e+06 1.087903e+03 5.898583e+08
2.025410e+06 1.088004e+03 5.898788e+08
2.025450e+06 1.088105e+03 5.898992e+08
2.025489e+06 1.088207e+03 5.899195e+08
2.025532e+06 1.088321e+03 5.899423e+08
2.025571e+06 1.088423e+03 5.899624e+08
2.025610e+06 1.088524e+03 5.899826e+08
2.025649e+06 1.088626e+03 5.900026e+08
2.025687e+06 1.088727e+03 5.900226e+08
2.025725e+06 1.088828e+03 5.900425e+08
2.025768e+06 1.088943e+03 5.900649e+08
2.025806e+06 1.089044e+03 5.900847e+08
2.025844e+06 1.089146e+03 5.901044e+08
2.025882e+06 1.089247e+03 5.901241e+08
2.025920e+06 1.089349e+03 5.901437e+08
2.025962e+06 1.089463e+03 5.901656e+08
2.025999e+06 1.089564e+03 5.901851e+08
2.026037e+06 1.089666e+03 5.902045e+08
2.026074e+06 1.089767e+03 5.902239e+08
2.026111e+06 1.089869e+03 5.902432e+08
2.026153e+06 1.089983e+03 5.902648e+08
2.026190e+06 1.090084e+03 5.902840e+08
2.026226e+06 1.090186e+03 5.903031e+08
2.026263e+06 1.090287e+03 5.903221e+08
2.026299e+06 1.090389e+03 5.903411e+08
2.026340e+06 1.090503e+03 5.903624e+08
2.026377e+06 1.090604e+03 5.903813e+08
2.026413e+06 1.090706e+03 5.904001e+08
2.026449e+06 1.090807e+03 5.904188e+08
2.026485e+06 1.090909e+03 5.904375e+08
2.026525e+06 1.091023e+03 5.904585e+08
2.026561e+06 1.091124e+03 5.904771e+08
2.026596e+06 1.091226e+03 5.904956e+08
2.026632e+06 1.091327e+03 5.905140e+08
2.026667e+06 1.091429e+03 5.905324e+08
2.026707e+06 1.091543e+03 5.905531e+08
2.026742e+06 1.091644e+03 5.905714e+08
2.026777e+06 1.091746e+03 5.905896e+08
2.026812e+06 1.091847e+03 5.906078e+08
2.026851e+06 1.091961e+03 5.906281e+08
2.026886e+06 1.092063e+03 5.906462e+08
2.026920e+06 1.092164e+03 5.906642e+08
2.026955e+06 1.092266e+03 5.906822e+08
2.026989e+06 1.092367e+03 5.907001e+08
2.027028e+06 1.092481e+03 5.907201e+08
2.027062e+06 1.092583e+03 5.907379e+08
2.027096e+06 1.092684e+03 5.907556e+08
2.027130e+06 1.092786e+03 5.907733e+08
2.027164e+06 1.092887e+03 5.907910e+08
2.027202e+06 1.093001e+03 5.908107e+08
2.027236e+06 1.093103e+03 5.908282e+08
2.027269e+06 1.093204e+03 5.908457e+08
2.027303e+06 1.093306e+03 5.908631e+08
2.027340e+06 1.093420e+03 5.908826e+08
2.027373e+06 1.093522e+03 5.908999e+08
2.027407e+06 1.093623e+03 5.909172e+08
2.027440e+06 1.093724e+03 5.909344e+08
2.027473e+06 1.093826e+03 5.909516e+08
2.027510e+06 1.093940e+03 5.909708e+08
2.027542e+06 1.094042e+03 5.909878e+08
2.027575e+06 1.094143e+03 5.910048e+08
2.027608e+06 1.094244e+03 5.910218e+08
2.027644e+06 1.094359e+03 5.910408e+08
2.027676e+06 1.094460e+03 5.910577e+08
2.027709e+06 1.094562e+03 5.910745e+08
2.027741e+06 1.094663e+03 5.910912e+08
2.027777e+06 1.094777e+03 5.911100e+08
2.027809e+06 1.094879e+03 5.911266e+08
2.027841e+06 1.094980e+03 5.911432e+08
2.027873e+06 1.095082e+03 5.911598e+08
2.027904e+06 1.095183e+03 5.911763e+08
2.027940e+06 1.095297e+03 5.911948e+08
2.027971e+06 1.095399e+03 5.912112e+08
2.028003e+06 1.095500e+03 5.912276e+08
2.028034e+06 1.095602e+03 5.912439e+08
2.028069e+06 1.095716e+03 5.912622e+08
2.028101e+06 1.095817e+03 5.912784e+08
2.028132e+06 1.095919e+03 5.912946e+08
2.028163e+06 1.096020e+03 5.913107e+08
2.028197e+06 1.096134e+03 5.913288e+08
2.028228e+06 1.096236e+03 5.913449e+08
2.028259e+06 1.096337e+03 5.913609e+08
2.028289e+06 1.096439e+03 5.913768e+08
2.028324e+06 1.096553e+03 5.913947e+08
2.028354e+06 1.096654e+03 5.914105e+08
2.028385e+06 1.096756e+03 5.914263e+08
2.028415e+06 1.096857e+03 5.914421e+08
2.028449e+06 1.096972e+03 5.914598e+08
2.028479e+06 1.097073e+03 5.914755e+08
2.028509e+06 1.097174e+03 5.914911e+08
2.028539e+06 1.097276e+03 5.915067e+08
2.028573e+06 1.097390e+03 5.915242e+08
2.028602e+06 1.097492e+03 5.915397e+08
2.028632e+06 1.097593e+03 5.915551e+08
2.028662e+06 1.097695e+03 5.915706e+08
2.028695e+06 1.097809e+03 5.915879e+08
2.028724e+06 1.097910e+03 5.916032e+08
2.028754e+06 1.098012e+03 5.916185e+08
2.028783e+06 1.098113e+03 5.916337e+08
2.028816e+06 1.098227e+03 5.916508e+08
2.028845e+06 1.098329e+03 5.916660e+08
2.028874e+06 1.098430e+03 5.916811e+08
2.028907e+06 1.098544e+03 5.916981e+08
2.028935e+06 1.098646e+03 5.917131e+08
2.028964e+06 1.098747e+03 5.917281e+08
2.028993e+06 1.098849e+03 5.917431e+08
2.029025e+06 1.098963e+03 5.917599e+08
2.029054e+06 1.099064e+03 5.917747e+08
2.029082e+06 1.099166e+03 5.917896e+08
2.029111e+06 1.099267e+03 5.918044e+08
2.029143e+06 1.099381e+03 5.918210e+08
2.029171e+06 1.099483e+03 5.918357e+08
2.029199e+06 1.099584e+03 5.918504e+08
2.029227e+06 1.099686e+03 5.918650e+08
2.029259e+06 1.099800e+03 5.918815e+08
2.029287e+06 1.099902e+03 5.918960e+08
2.029315e+06 1.100003e+03 5.919106e+08
2.031729e+06 1.109516e+03 5.931687e+08
2.033047e+06 1.115858e+03 5.938558e+08
2.034787e+06 1.125371e+03 5.947637e+08
2.035833e+06 1.131713e+03 5.953096e+08
2.037279e+06 1.141226e+03 5.960648e+08
2.038181e+06 1.147568e+03 5.965363e+08
2.039464e+06 1.157081e+03 5.972067e+08
2.040679e+06 1.166594e+03 5.978422e+08
2.041460e+06 1.172936e+03 5.982509e+08
2.042598e+06 1.182448e+03 5.988466e+08
2.043338e+06 1.188790e+03 5.992342e+08
2.044425e+06 1.198303e+03 5.998031e+08
2.045485e+06 1.207816e+03 6.003585e+08
2.046178e+06 1.214158e+03 6.007218e+08
2.047198e+06 1.223671e+03 6.012567e+08
2.048196e+06 1.233184e+03 6.017803e+08
2.048850e+06 1.239526e+03 6.021232e+08
2.049813e+06 1.249039e+03 6.026287e+08
2.050756e+06 1.258552e+03 6.031238e+08
2.051679e+06 1.268065e+03 6.036086e+08
2.052583e+06 1.277578e+03 6.040834e+08
2.053174e+06 1.283920e+03 6.043944e+08
2.054046e+06 1.293433e+03 6.048527e+08
2.054899e+06 1.302946e+03 6.053014e+08
2.055734e+06 1.312459e+03 6.057405e+08
2.056551e+06 1.321972e+03 6.061703e+08
2.057349e+06 1.331484e+03 6.065903e+08
2.058127e+06 1.340997e+03 6.070001e+08
2.058887e+06 1.350510e+03 6.074002e+08
2.059629e+06 1.360023e+03 6.077911e+08
2.060354e+06 1.369536e+03 6.081731e+08
2.061062e+06 1.379049e+03 6.085464e+08
2.061754e+06 1.388562e+03 6.089111e+08
2.062429e+06 1.398075e+03 6.092676e+08
2.063090e+06 1.407588e+03 6.096158e+08
2.063734e+06 1.417101e+03 6.099560e+08
2.064364e+06 1.426614e+03 6.102884e+08
2.064979e+06 1.436127e+03 6.106131e+08
2.065777e+06 1.448811e+03 6.110342e+08
2.066358e+06 1.458324e+03 6.113414e+08
2.066926e+06 1.467837e+03 6.116414e+08
2.067480e+06 1.477350e+03 6.119342e+08
2.068198e+06 1.490033e+03 6.123138e+08
2.068722e+06 1.499546e+03 6.125906e+08
2.069470e+06 1.512230e+03 6.129860e+08
2.069973e+06 1.521743e+03 6.132524e+08
2.070462e+06 1.531256e+03 6.135109e+08
2.070935e+06 1.540769e+03 6.137610e+08
2.071840e+06 1.559795e+03 6.142400e+08
2.072273e+06 1.569308e+03 6.144698e+08
2.072696e+06 1.578821e+03 6.146934e+08
2.073107e+06 1.588334e+03 6.149112e+08
2.073507e+06 1.597847e+03 6.151233e+08
2.073897e+06 1.607360e+03 6.153298e+08
2.074647e+06 1.626386e+03 6.157268e+08
2.075006e+06 1.635898e+03 6.159175e+08
2.075357e+06 1.645411e+03 6.161033e+08
2.075698e+06 1.654924e+03 6.162842e+08
2.076031e+06 1.664437e+03 6.164604e+08
2.076669e+06 1.683463e+03 6.167988e+08
2.076975e+06 1.692976e+03 6.169613e+08
2.077273e+06 1.702489e+03 6.171195e+08
2.077563e+06 1.712002e+03 6.172734e+08
2.078121e+06 1.731028e+03 6.175689e+08
2.078388e+06 1.740541e+03 6.177108e+08
2.078648e+06 1.750054e+03 6.178488e+08
2.079147e+06 1.769080e+03 6.181137e+08
2.079386e+06 1.778593e+03 6.182407e+08
2.079619e+06 1.788105e+03 6.183643e+08
2.079845e+06 1.797618e+03 6.184845e+08
2.080280e+06 1.816644e+03 6.187151e+08
2.080488e+06 1.826157e+03 6.188256e+08
2.080690e+06 1.835670e+03 6.189329e+08
2.081075e+06 1.854696e+03 6.191378e+08
2.081259e+06 1.864209e+03 6.192354e+08
2.081611e+06 1.883235e+03 6.194221e+08
2.081779e+06 1.892748e+03 6.195113e+08
2.081942e+06 1.902261e+03 6.195980e+08
2.082254e+06 1.921287e+03 6.197641e+08
2.082404e+06 1.930800e+03 6.198435e+08
2.082690e+06 1.949825e+03 6.199957e+08
2.082827e+06 1.959338e+03 6.200686e+08
2.082960e+06 1.968851e+03 6.201393e+08
2.083215e+06 1.987877e+03 6.202749e+08
2.083337e+06 1.997390e+03 6.203397e+08
2.083666e+06 2.022758e+03 6.205145e+08
2.083849e+06 2.038613e+03 6.206121e+08
2.084024e+06 2.054468e+03 6.207049e+08
2.084189e+06 2.070323e+03 6.207928e+08
2.084346e+06 2.086178e+03 6.208763e+08
2.084495e+06 2.102032e+03 6.209557e+08
2.084637e+06 2.117887e+03 6.210312e+08
2.084772e+06 2.133742e+03 6.211031e+08
2.084901e+06 2.149597e+03 6.211714e+08
2.085023e+06 2.165452e+03 6.212364e+08
2.085139e+06 2.181307e+03 6.212983e+08
2.085250e+06 2.197162e+03 6.213571e+08
2.085355e+06 2.213017e+03 6.214131e+08
2.085455e+06 2.228872e+03 6.214664e+08
2.085551e+06 2.244726e+03 6.215170e+08
2.085641e+06 2.260581e+03 6.215652e+08
2.085727e+06 2.276436e+03 6.216110e+08
2.085809e+06 2.292291e+03 6.216546e+08
2.085887e+06 2.308146e+03 6.216960e+08
2.085961e+06 2.324001e+03 6.217354e+08
2.086031e+06 2.339856e+03 6.217728e+08
2.086098e+06 2.355711e+03 6.218085e+08
2.086162e+06 2.371566e+03 6.218423e+08
2.086222e+06 2.387421e+03 6.218745e+08
2.086280e+06 2.403275e+03 6.219051e+08
2.086334e+06 2.419130e+03 6.219342e+08
2.086386e+06 2.434985e+03 6.219618e+08
2.086436e+06 2.450840e+03 6.219881e+08
2.086483e+06 2.466695e+03 6.220131e+08
2.086527e+06 2.482550e+03 6.220369e+08
2.086570e+06 2.498405e+03 6.220595e+08
2.086610e+06 2.514260e+03 6.220809e+08
2.086648e+06 2.530115e+03 6.221013e+08
2.086685e+06 2.545970e+03 6.221207e+08
2.086719e+06 2.561824e+03 6.221391e+08
2.086752e+06 2.577679e+03 6.221566e+08
2.086784e+06 2.593534e+03 6.221733e+08
2.086813e+06 2.609389e+03 6.221891e+08
2.086842e+06 2.625244e+03 6.222041e+08
2.086894e+06 2.656954e+03 6.222320e+08
2.086918e+06 2.672809e+03 6.222449e+08
2.086941e+06 2.688664e+03 6.222572e+08
2.086963e+06 2.704518e+03 6.222688e+08
2.086984e+06 2.720373e+03 6.222799e+08
2.087022e+06 2.752083e+03 6.223004e+08
2.087040e+06 2.767938e+03 6.223099e+08
2.087057e+06 2.783793e+03 6.223190e+08
2.087073e+06 2.799648e+03 6.223275e+08
2.087089e+06 2.815503e+03 6.223357e+08
2.087117e+06 2.847213e+03 6.223508e+08
2.087130e+06 2.863067e+03 6.223578e+08
2.087143e+06 2.878922e+03 6.223644e+08
2.087166e+06 2.910632e+03 6.223768e+08
2.087176e+06 2.926487e+03 6.223825e+08
2.087187e+06 2.942342e+03 6.223879e+08
2.087196e+06 2.958197e+03 6.223930e+08
2.087214e+06 2.989907e+03 6.224026e+08
2.087222e+06 3.005761e+03 6.224070e+08
2.087230e+06 3.021616e+03 6.224112e+08
2.087245e+06 3.053326e+03 6.224189e+08
2.087252e+06 3.069181e+03 6.224225e+08
2.087258e+06 3.085036e+03 6.224260e+08
2.087270e+06 3.116746e+03 6.224323e+08
2.087276e+06 3.132601e+03 6.224352e+08
2.087286e+06 3.164310e+03 6.224406e+08
2.087290e+06 3.180165e+03 6.224432e+08
2.087295e+06 3.196020e+03 6.224455e+08
2.087303e+06 3.227730e+03 6.224500e+08
2.087307e+06 3.243585e+03 6.224520e+08
2.087314e+06 3.275295e+03 6.224558e+08
2.087318e+06 3.291150e+03 6.224576e+08
2.087324e+06 3.322859e+03 6.224608e+08
2.087326e+06 3.338714e+03 6.224623e+08
2.087329e+06 3.354569e+03 6.224638e+08
2.087334e+06 3.386279e+03 6.224664e+08
2.087336e+06 3.402134e+03 6.224676e+08
2.087341e+06 3.433844e+03 6.224699e+08
2.087343e+06 3.449699e+03 6.224710e+08
2.087346e+06 3.481408e+03 6.224729e+08
2.087350e+06 3.513118e+03 6.224747e+08
2.087351e+06 3.528973e+03 6.224755e+08
2.087354e+06 3.560683e+03 6.224770e+08
2.087355e+06 3.576538e+03 6.224777e+08
2.087358e+06 3.608248e+03 6.224790e+08
2.087359e+06 3.624102e+03 6.224796e+08
2.087361e+06 3.655812e+03 6.224807e+08
2.087363e+06 3.687522e+03 6.224817e+08
2.087364e+06 3.703377e+03 6.224822e+08
2.087365e+06 3.735087e+03 6.224830e+08
2.087367e+06 3.766797e+03 6.224838e+08
2.087367e+06 3.782651e+03 6.224842e+08
2.087369e+06 3.814361e+03 6.224848e+08
2.087370e+06 3.846071e+03 6.224854e+08
2.087370e+06 3.861926e+03 6.224857e+08
2.087371e+06 3.893636e+03 6.224862e+08
2.087372e+06 3.925345e+03 6.224867e+08
2.087373e+06 3.941200e+03 6.224869e+08
2.087373e+06 3.972910e+03 6.224873e+08
2.087374e+06 4.004620e+03 6.224876e+08
2.087375e+06 4.036330e+03 6.224880e+08
2.087375e+06 4.068040e+03 6.224883e+08
2.087375e+06 4.083894e+03 6.224884e+08
2.087376e+06 4.115604e+03 6.224887e+08
2.087376e+06 4.147314e+03 6.224889e+08
2.087377e+06 4.179024e+03 6.224891e+08
2.087377e+06 4.210734e+03 6.224893e+08
2.087377e+06 4.242443e+03 6.224894e+08
2.087377e+06 4.258298e+03 6.224895e+08
2.087378e+06 4.290008e+03 6.224897e+08
2.087378e+06 4.321718e+03 6.224898e+08
2.087378e+06 4.353428e+03 6.224899e+08
2.087378e+06 4.385137e+03 6.224900e+08
2.087379e+06 4.416847e+03 6.224901e+08
2.087379e+06 4.448557e+03 6.224902e+08
2.087379e+06 4.480267e+03 6.224903e+08
2.087379e+06 4.511977e+03 6.224903e+08
2.087379e+06 4.543686e+03 6.224904e+08
2.087379e+06 4.575396e+03 6.224905e+08
2.087379e+06 4.607106e+03 6.224905e+08
2.087379e+06 4.638816e+03 6.224905e+08
2.087380e+06 4.670526e+03 6.224906e+08
2.087380e+06 4.702235e+03 6.224906e+08
2.087380e+06 4.733945e+03 6.224907e+08
2.087380e+06 4.765655e+03 6.224907e+08
2.087380e+06 4.797365e+03 6.224907e+08
2.087380e+06 4.844929e+03 6.224908e+08
2.087380e+06 4.876639e+03 6.224908e+08
2.087380e+06 4.908349e+03 6.224908e+08
2.087380e+06 4.940059e+03 6.224908e+08
2.087380e+06 4.971769e+03 6.224908e+08
2.087380e+06 5.003478e+03 6.224908e+08
2.087380e+06 5.051043e+03 6.224909e+08
2.087380e+06 5.082753e+03 6.224909e+08
2.087380e+06 5.114463e+03 6.224909e+08
2.087380e+06 5.146172e+03 6.224909e+08
2.087380e+06 5.193737e+03 6.224909e+08
2.087380e+06 5.225447e+03 6.224909e+08
2.087380e+06 5.257157e+03 6.224909e+08
2.087380e+06 5.304721e+03 6.224909e+08
2.087380e+06 5.336431e+03 6.224909e+08
2.087380e+06 5.368141e+03 6.224909e+08
2.087380e+06 5.415706e+03 6.224909e+08
2.087380e+06 5.447415e+03 6.224909e+08
2.087380e+06 5.494980e+03 6.224909e+08
2.087380e+06 5.526690e+03 6.224910e+08
2.087380e+06 5.558400e+03 6.224910e+08
2.087380e+06 5.605964e+03 6.224910e+08
2.087380e+06 5.637674e+03 6.224910e+08
2.087380e+06 5.685239e+03 6.224910e+08
2.087380e+06 5.716949e+03 6.224910e+08
2.087380e+06 5.764513e+03 6.224910e+08
2.087380e+06 5.796223e+03 6.224910e+08
2.087380e+06 5.843788e+03 6.224910e+08
2.087380e+06 5.891353e+03 6.224910e+08
2.087380e+06 5.923062e+03 6.224910e+08
2.087380e+06 5.970627e+03 6.224910e+08
2.087380e+06 6.018192e+03 6.224910e+08
2.087380e+06 6.049902e+03 6.224910e+08
2.087380e+06 6.097466e+03 6.224910e+08
2.087380e+06 6.145031e+03 6.224910e+08
2.087380e+06 6.176741e+03 6.224910e+08
2.087380e+06 6.224305e+03 6.224910e+08
2.087380e+06 6.271870e+03 6.224910e+08
2.087380e+06 6.319435e+03 6.224910e+08
2.087380e+06 6.351145e+03 6.224910e+08
2.087380e+06 6.398709e+03 6.224910e+08
2.087380e+06 6.446274e+03 6.224910e+08
2.087380e+06 6.493839e+03 6.224910e+08
2.087380e+06 6.541403e+03 6.224910e+08
2.087380e+06 6.588968e+03 6.224910e+08
2.087380e+06 6.636533e+03 6.224910e+08
2.087380e+06 6.668242e+03 6.224910e+08
2.087380e+06 6.715807e+03 6.224910e+08
2.087380e+06 6.763372e+03 6.224910e+08
2.087380e+06 6.810937e+03 6.224910e+08
2.087380e+06 6.858501e+03 6.224910e+08
2.087380e+06 6.906066e+03 6.224910e+08
2.087380e+06 6.969485e+03 6.224910e+08
2.087380e+06 7.017050e+03 6.224910e+08
2.087380e+06 7.064615e+03 6.224910e+08
2.087380e+06 7.112180e+03 6.224910e+08
2.087380e+06 7.159744e+03 6.224910e+08
2.087380e+06 7.207309e+03 6.224910e+08
2.087380e+06 7.254874e+03 6.224910e+08
2.087380e+06 7.318293e+03 6.224910e+08
2.087380e+06 7.365858e+03 6.224910e+08
2.087380e+06 7.413423e+03 6.224910e+08
2.087380e+06 7.460987e+03 6.224910e+08
2.087380e+06 7.524407e+03 6.224910e+08
2.087380e+06 7.571972e+03 6.224910e+08
2.087380e+06 7.619536e+03 6.224910e+08
2.087380e+06 7.682956e+03 6.224910e+08
2.087380e+06 7.730521e+03 6.224910e+08
2.087380e+06 7.793940e+03 6.224910e+08
2.087380e+06 7.841505e+03 6.224910e+08
2.087380e+06 7.904924e+03 6.224910e+08
2.087380e+06 7.952489e+03 6.224910e+08
2.087380e+06 8.015909e+03 6.224910e+08
2.087380e+06 8.063473e+03 6.224910e+08
2.087380e+06 8.126893e+03 6.224910e+08
2.087380e+06 8.174458e+03 6.224910e+08
2.087380e+06 8.237877e+03 6.224910e+08
2.087380e+06 8.301297e+03 6.224910e+08
2.087380e+06 8.348861e+03 6.224910e+08
2.087380e+06 8.412281e+03 6.224910e+08
2.087380e+06 8.475701e+03 6.224910e+08
2.087380e+06 8.523265e+03 6.224910e+08
2.087380e+06 8.586685e+03 6.224910e+08
2.087380e+06 8.650104e+03 6.224910e+08
2.087380e+06 8.713524e+03 6.224910e+08
2.087380e+06 8.776944e+03 6.224910e+08
2.087380e+06 8.840363e+03 6.224910e+08
2.087380e+06 8.903783e+03 6.224910e+08
2.087380e+06 8.967202e+03 6.224910e+08
2.087380e+06 9.014767e+03 6.224910e+08
2.087380e+06 9.078187e+03 6.224910e+08
2.087380e+06 9.157461e+03 6.224910e+08
2.087380e+06 9.220881e+03 6.224910e+08
2.087380e+06 9.284300e+03 6.224910e+08
2.087380e+06 9.347720e+03 6.224910e+08
2.087380e+06 9.411139e+03 6.224910e+08
2.087380e+06 9.474559e+03 6.224910e+08
2.087380e+06 9.537979e+03 6.224910e+08
2.087380e+06 9.617253e+03 6.224910e+08
2.087380e+06 9.680673e+03 6.224910e+08
2.087380e+06 9.744092e+03 6.224910e+08
2.087380e+06 9.807512e+03 6.224910e+08
2.087380e+06 9.886786e+03 6.224910e+08
2.087380e+06 9.950206e+03 6.224910e+08
2.087380e+06 1.003582e+04 6.224910e+08
2.087380e+06 1.010241e+04 6.224910e+08
2.087380e+06 1.016900e+04 6.224910e+08
2.087380e+06 1.023559e+04 6.224910e+08
2.087380e+06 1.030218e+04 6.224910e+08
2.087380e+06 1.039097e+04 6.224910e+08
2.087380e+06 1.045756e+04 6.224910e+08
2.087380e+06 1.052415e+04 6.224910e+08
2.087380e+06 1.061294e+04 6.224910e+08
2.087380e+06 1.067953e+04 6.224910e+08
2.087380e+06 1.074612e+04 6.224910e+08
2.087380e+06 1.083491e+04 6.224910e+08
2.087380e+06 1.090150e+04 6.224910e+08
2.087380e+06 1.099029e+04 6.224910e+08
2.087380e+06 1.105688e+04 6.224910e+08
2.087380e+06 1.114567e+04 6.224910e+08
2.087380e+06 1.121226e+04 6.224910e+08
2.087380e+06 1.130104e+04 6.224910e+08
2.087380e+06 1.136763e+04 6.224910e+08
2.087380e+06 1.145642e+04 6.224910e+08
2.087380e+06 1.152301e+04 6.224910e+08
2.087380e+06 1.161180e+04 6.224910e+08
2.087380e+06 1.170059e+04 6.224910e+08
2.087380e+06 1.176718e+04 6.224910e+08
2.087380e+06 1.185596e+04 6.224910e+08
2.087380e+06 1.194475e+04 6.224910e+08
2.087380e+06 1.203354e+04 6.224910e+08
2.087380e+06 1.212233e+04 6.224910e+08
2.087380e+06 1.218892e+04 6.224910e+08
2.087380e+06 1.227770e+04 6.224910e+08
2.087380e+06 1.236649e+04 6.224910e+08
2.087380e+06 1.245528e+04 6.224910e+08
2.087380e+06 1.254407e+04 6.224910e+08
2.087380e+06 1.263285e+04 6.224910e+08
2.087380e+06 1.272164e+04 6.224910e+08
2.087380e+06 1.281043e+04 6.224910e+08
2.087380e+06 1.289922e+04 6.224910e+08
2.087380e+06 1.298800e+04 6.224910e+08
2.087380e+06 1.307679e+04 6.224910e+08
2.087380e+06 1.316558e+04 6.224910e+08
2.087380e+06 1.327656e+04 6.224910e+08
2.087380e+06 1.336535e+04 6.224910e+08
2.087380e+06 1.345414e+04 6.224910e+08
2.087380e+06 1.354293e+04 6.224910e+08
2.087380e+06 1.365391e+04 6.224910e+08
2.087380e+06 1.374270e+04 6.224910e+08
2.087380e+06 1.383148e+04 6.224910e+08
2.087380e+06 1.394247e+04 6.224910e+08
2.087380e+06 1.403126e+04 6.224910e+08
2.087380e+06 1.412004e+04 6.224910e+08
2.087380e+06 1.423103e+04 6.224910e+08
2.087380e+06 1.431982e+04 6.224910e+08
2.087380e+06 1.443080e+04 6.224910e+08
2.087380e+06 1.454178e+04 6.224910e+08
2.087380e+06 1.463057e+04 6.224910e+08
2.087380e+06 1.474156e+04 6.224910e+08
2.087380e+06 1.483034e+04 6.224910e+08
2.087380e+06 1.494133e+04 6.224910e+08
2.087380e+06 1.505231e+04 6.224910e+08
2.087380e+06 1.516330e+04 6.224910e+08
2.087380e+06 1.525208e+04 6.224910e+08
2.087380e+06 1.536307e+04 6.224910e+08
2.087380e+06 1.547405e+04 6.224910e+08
2.087380e+06 1.558504e+04 6.224910e+08
2.087380e+06 1.569602e+04 6.224910e+08
2.087380e+06 1.580700e+04 6.224910e+08
2.087380e+06 1.591799e+04 6.224910e+08
2.087380e+06 1.602897e+04 6.224910e+08
2.087380e+06 1.613996e+04 6.224910e+08
2.087380e+06 1.625094e+04 6.224910e+08
2.087380e+06 1.636193e+04 6.224910e+08
2.087380e+06 1.649511e+04 6.224910e+08
2.087380e+06 1.660609e+04 6.224910e+08
2.087380e+06 1.671708e+04 6.224910e+08
2.087380e+06 1.682806e+04 6.224910e+08
2.087380e+06 1.696124e+04 6.224910e+08
2.087380e+06 1.707223e+04 6.224910e+08
2.087380e+06 1.718321e+04 6.224910e+08
2.087380e+06 1.731639e+04 6.224910e+08
2.087380e+06 1.742737e+04 6.224910e+08
2.087380e+06 1.756056e+04 6.224910e+08
2.087380e+06 1.769374e+04 6.224910e+08
2.087380e+06 1.780472e+04 6.224910e+08
2.087380e+06 1.793790e+04 6.224910e+08
2.087380e+06 1.804889e+04 6.224910e+08
2.087380e+06 1.818207e+04 6.224910e+08
2.087380e+06 1.831525e+04 6.224910e+08
2.087380e+06 1.844843e+04 6.224910e+08
2.087380e+06 1.858161e+04 6.224910e+08
2.087380e+06 1.869260e+04 6.224910e+08
2.087380e+06 1.882578e+04 6.224910e+08
2.087380e+06 1.895896e+04 6.224910e+08
2.087380e+06 1.909214e+04 6.224910e+08
2.087380e+06 1.922532e+04 6.224910e+08
2.087380e+06 1.935850e+04 6.224910e+08
2.087380e+06 1.951388e+04 6.224910e+08
2.087380e+06 1.964706e+04 6.224910e+08
2.087380e+06 1.978024e+04 6.224910e+08
2.087380e+06 1.991342e+04 6.224910e+08
2.087380e+06 2.006880e+04 6.224910e+08
2.087380e+06 2.020198e+04 6.224910e+08
2.087380e+06 2.033516e+04 6.224910e+08
2.087380e+06 2.049054e+04 6.224910e+08
2.087380e+06 2.062372e+04 6.224910e+08
2.087380e+06 2.077910e+04 6.224910e+08
2.087380e+06 2.091228e+04 6.224910e+08
2.087380e+06 2.106766e+04 6.224910e+08
2.087380e+06 2.122304e+04 6.224910e+08
2.087380e+06 2.135622e+04 6.224910e+08
2.087380e+06 2.151160e+04 6.224910e+08
2.087380e+06 2.166697e+04 6.224910e+08
2.087380e+06 2.182235e+04 6.224910e+08
2.087380e+06 2.197773e+04 6.224910e+08
2.087380e+06 2.213311e+04 6.224910e+08
2.087380e+06 2.228849e+04 6.224910e+08
2.087380e+06 2.244386e+04 6.224910e+08
2.087380e+06 2.259924e+04 6.224910e+08
2.087380e+06 2.275462e+04 6.224910e+08
2.087380e+06 2.291000e+04 6.224910e+08
2.087380e+06 2.308757e+04 6.224910e+08
2.087380e+06 2.324295e+04 6.224910e+08
2.087380e+06 2.339833e+04 6.224910e+08
2.087380e+06 2.357590e+04 6.224910e+08
2.087380e+06 2.373128e+04 6.224910e+08
2.087380e+06 2.390886e+04 6.224910e+08
2.087380e+06 2.406423e+04 6.224910e+08
2.087380e+06 2.424181e+04 6.224910e+08
2.087380e+06 2.441938e+04 6.224910e+08
2.087380e+06 2.457476e+04 6.224910e+08
2.087380e+06 2.475234e+04 6.224910e+08
2.087380e+06 2.492991e+04 6.224910e+08
2.087380e+06 2.510749e+04 6.224910e+08
2.087380e+06 2.528506e+04 6.224910e+08
2.087380e+06 2.546264e+04 6.224910e+08
2.087380e+06 2.564021e+04 6.224910e+08
2.087380e+06 2.581779e+04 6.224910e+08
2.087380e+06 2.599536e+04 6.224910e+08
2.087380e+06 2.617294e+04 6.224910e+08
2.087380e+06 2.637271e+04 6.224910e+08
2.087380e+06 2.655028e+04 6.224910e+08
2.087380e+06 2.672786e+04 6.224910e+08
2.087380e+06 2.692763e+04 6.224910e+08
2.087380e+06 2.710520e+04 6.224910e+08
2.087380e+06 2.730498e+04 6.224910e+08
2.087380e+06 2.750475e+04 6.224910e+08
2.087380e+06 2.768232e+04 6.224910e+08
2.087380e+06 2.788209e+04 6.224910e+08
2.087380e+06 2.808186e+04 6.224910e+08
2.087380e+06 2.828164e+04 6.224910e+08
2.087380e+06 2.848141e+04 6.224910e+08
2.087380e+06 2.868118e+04 6.224910e+08
2.087380e+06 2.888095e+04 6.224910e+08
2.087380e+06 2.908072e+04 6.224910e+08
2.087380e+06 2.928050e+04 6.224910e+08
2.087380e+06 2.950246e+04 6.224910e+08
2.087380e+06 2.970224e+04 6.224910e+08
2.087380e+06 2.990201e+04 6.224910e+08
2.087380e+06 3.012398e+04 6.224910e+08
2.087380e+06 3.032375e+04 6.224910e+08
2.087380e+06 3.054572e+04 6.224910e+08
2.087380e+06 3.076768e+04 6.224910e+08
2.087380e+06 3.096746e+04 6.224910e+08
2.087380e+06 3.118942e+04 6.224910e+08
2.087380e+06 3.141139e+04 6.224910e+08
2.087380e+06 3.163336e+04 6.224910e+08
2.087380e+06 3.185533e+04 6.224910e+08
2.087380e+06 3.207730e+04 6.224910e+08
2.087380e+06 3.229927e+04 6.224910e+08
2.087380e+06 3.254343e+04 6.224910e+08
2.087380e+06 3.276540e+04 6.224910e+08
2.087380e+06 3.298737e+04 6.224910e+08
2.087380e+06 3.323154e+04 6.224910e+08
2.087380e+06 3.345350e+04 6.224910e+08
2.087380e+06 3.369767e+04 6.224910e+08
2.087380e+06 3.394183e+04 6.224910e+08
2.087380e+06 3.416380e+04 6.224910e+08
2.087380e+06 3.440797e+04 6.224910e+08
2.087380e+06 3.465213e+04 6.224910e+08
2.087380e+06 3.489630e+04 6.224910e+08
2.087380e+06 3.514046e+04 6.224910e+08
2.087380e+06 3.538463e+04 6.224910e+08
2.087380e+06 3.562880e+04 6.224910e+08
2.087380e+06 3.589516e+04 6.224910e+08
2.087380e+06 3.613932e+04 6.224910e+08
2.087380e+06 3.640569e+04 6.224910e+08
2.087380e+06 3.664985e+04 6.224910e+08
2.087380e+06 3.691621e+04 6.224910e+08
2.087380e+06 3.716038e+04 6.224910e+08
2.087380e+06 3.742674e+04 6.224910e+08
2.087380e+06 3.769310e+04 6.224910e+08
2.087380e+06 3.795947e+04 6.224910e+08
2.087380e+06 3.822583e+04 6.224910e+08
2.087380e+06 3.849219e+04 6.224910e+08
2.087380e+06 3.875855e+04 6.224910e+08
2.087380e+06 3.904711e+04 6.224910e+08
2.087380e+06 3.931347e+04 6.224910e+08
2.087380e+06 3.957984e+04 6.224910e+08
2.087380e+06 3.986839e+04 6.224910e+08
2.087380e+06 4.015695e+04 6.224910e+08
2.087380e+06 4.042332e+04 6.224910e+08
2.087380e+06 4.071188e+04 6.224910e+08
2.087380e+06 4.100043e+04 6.224910e+08
2.087380e+06 4.128899e+04 6.224910e+08
2.087380e+06 4.157755e+04 6.224910e+08
2.087380e+06 4.186611e+04 6.224910e+08
2.087380e+06 4.217687e+04 6.224910e+08
2.087380e+06 4.246543e+04 6.224910e+08
2.087380e+06 4.275399e+04 6.224910e+08
2.087380e+06 4.306474e+04 6.224910e+08
2.087380e+06 4.337550e+04 6.224910e+08
2.087380e+06 4.366406e+04 6.224910e+08
2.087380e+06 4.397481e+04 6.224910e+08
2.087380e+06 4.428557e+04 6.224910e+08
2.087380e+06 4.459632e+04 6.224910e+08
2.087380e+06 4.490708e+04 6.224910e+08
2.087380e+06 4.524003e+04 6.224910e+08
2.087380e+06 4.555079e+04 6.224910e+08
2.087380e+06 4.586155e+04 6.224910e+08
2.087380e+06 4.619450e+04 6.224910e+08
2.087380e+06 4.652745e+04 6.224910e+08
2.087380e+06 4.683821e+04 6.224910e+08
2.087380e+06 4.717116e+04 6.224910e+08
2.087380e+06 4.750411e+04 6.224910e+08
2.087380e+06 4.783707e+04 6.224910e+08
2.087380e+06 4.817002e+04 6.224910e+08
2.087380e+06 4.852517e+04 6.224910e+08
2.087380e+06 4.885812e+04 6.224910e+08
2.087380e+06 4.919107e+04 6.224910e+08
2.087380e+06 4.954622e+04 6.224910e+08
2.087380e+06 4.990137e+04 6.224910e+08
2.087380e+06 5.024067e+04 6.224910e+08
2.087380e+06 5.061167e+04 6.224910e+08
2.087380e+06 5.095414e+04 6.224910e+08
2.087380e+06 5.132514e+04 6.224910e+08
2.087380e+06 5.166761e+04 6.224910e+08
2.087380e+06 5.203861e+04 6.224910e+08
2.087380e+06 5.240962e+04 6.224910e+08
2.087380e+06 5.278062e+04 6.224910e+08
2.087380e+06 5.315163e+04 6.224910e+08
2.087380e+06 5.352263e+04 6.224910e+08
2.087380e+06 5.389364e+04 6.224910e+08
2.087380e+06 5.426464e+04 6.224910e+08
2.087380e+06 5.466418e+04 6.224910e+08
2.087380e+06 5.503519e+04 6.224910e+08
2.087380e+06 5.543473e+04 6.224910e+08
2.087380e+06 5.583427e+04 6.224910e+08
2.087380e+06 5.620528e+04 6.224910e+08
2.087380e+06 5.660482e+04 6.224910e+08
2.087380e+06 5.700437e+04 6.224910e+08
2.087380e+06 5.740391e+04 6.224910e+08
2.087380e+06 5.780345e+04 6.224910e+08
2.087380e+06 5.823154e+04 6.224910e+08
2.087380e+06 5.863108e+04 6.224910e+08
2.087380e+06 5.903062e+04 6.224910e+08
2.087380e+06 5.945870e+04 6.224910e+08
2.087380e+06 5.988679e+04 6.224910e+08
2.087380e+06 6.028633e+04 6.224910e+08
2.087380e+06 6.071441e+04 6.224910e+08
2.087380e+06 6.114249e+04 6.224910e+08
2.087380e+06 6.157058e+04 6.224910e+08
2.087380e+06 6.199866e+04 6.224910e+08
2.087380e+06 6.245528e+04 6.224910e+08
2.087380e+06 6.288336e+04 6.224910e+08
2.087380e+06 6.333998e+04 6.224910e+08
2.087380e+06 6.376806e+04 6.224910e+08
2.087380e+06 6.422469e+04 6.224910e+08
2.087380e+06 6.468131e+04 6.224910e+08
2.087380e+06 6.513793e+04 6.224910e+08
2.087380e+06 6.559455e+04 6.224910e+08
2.087380e+06 6.605117e+04 6.224910e+08
2.087380e+06 6.650779e+04 6.224910e+08
2.087380e+06 6.699295e+04 6.224910e+08
2.087380e+06 6.744957e+04 6.224910e+08
2.087380e+06 6.793473e+04 6.224910e+08
2.087380e+06 6.839135e+04 6.224910e+08
2.087380e+06 6.887651e+04 6.224910e+08
2.087380e+06 6.936167e+04 6.224910e+08
2.087380e+06 6.984683e+04 6.224910e+08
2.087380e+06 7.036053e+04 6.224910e+08
2.087380e+06 7.084569e+04 6.224910e+08
2.087380e+06 7.133085e+04 6.224910e+08
2.087380e+06 7.184455e+04 6.224910e+08
2.087380e+06 7.235825e+04 6.224910e+08
2.087380e+06 7.287195e+04 6.224910e+08
2.087380e+06 7.338564e+04 6.224910e+08
2.087380e+06 7.389934e+04 6.224910e+08
2.087380e+06 7.441304e+04 6.224910e+08
2.087380e+06 7.492674e+04 6.224910e+08
2.087380e+06 7.546898e+04 6.224910e+08
2.087380e+06 7.598268e+04 6.224910e+08
2.087380e+06 7.652491e+04 6.224910e+08
2.087380e+06 7.706715e+04 6.224910e+08
2.087380e+06 7.760939e+04 6.224910e+08
2.087380e+06 7.815163e+04 6.224910e+08
2.087380e+06 7.869386e+04 6.224910e+08
2.087380e+06 7.926464e+04 6.224910e+08
2.087380e+06 7.980688e+04 6.224910e+08
2.087380e+06 8.037765e+04 6.224910e+08
2.087380e+06 8.094843e+04 6.224910e+08
2.087380e+06 8.151921e+04 6.224910e+08
2.087380e+06 8.208998e+04 6.224910e+08
2.087380e+06 8.266076e+04 6.224910e+08
2.087380e+06 8.323154e+04 6.224910e+08
2.087380e+06 8.383085e+04 6.224910e+08
2.087380e+06 8.440163e+04 6.224910e+08
2.087380e+06 8.500094e+04 6.224910e+08
2.087380e+06 8.560026e+04 6.224910e+08
2.087380e+06 8.619957e+04 6.224910e+08
2.087380e+06 8.682743e+04 6.224910e+08
2.087380e+06 8.742674e+04 6.224910e+08
2.087380e+06 8.805459e+04 6.224910e+08
2.087380e+06 8.865391e+04 6.224910e+08
2.087380e+06 8.928176e+04 6.224910e+08
2.087380e+06 8.990962e+04 6.224910e+08
2.087380e+06 9.053747e+04 6.224910e+08
2.087380e+06 9.119386e+04 6.224910e+08
2.087380e+06 9.182172e+04 6.224910e+08
2.087380e+06 9.247811e+04 6.224910e+08
2.087380e+06 9.313450e+04 6.224910e+08
2.087380e+06 9.376236e+04 6.224910e+08
2.087380e+06 9.444729e+04 6.224910e+08
2.087380e+06 9.510368e+04 6.224910e+08
2.087380e+06 9.576007e+04 6.224910e+08
2.087380e+06 9.644501e+04 6.224910e+08
2.087380e+06 9.712994e+04 6.224910e+08
2.087380e+06 9.781487e+04 6.224910e+08
2.087380e+06 9.849980e+04 6.224910e+08
2.087380e+06 9.918473e+04 6.224910e+08
2.087380e+06 9.986966e+04 6.224910e+08
2.087380e+06 1.005831e+05 6.224910e+08
2.087380e+06 1.012807e+05 6.224910e+08
2.087380e+06 1.020101e+05 6.224910e+08
2.087380e+06 1.027394e+05 6.224910e+08
2.087380e+06 1.034370e+05 6.224910e+08
2.087380e+06 1.041663e+05 6.224910e+08
2.087380e+06 1.048957e+05 6.224910e+08
2.087380e+06 1.056567e+05 6.224910e+08
2.087380e+06 1.063860e+05 6.224910e+08
2.087380e+06 1.071471e+05 6.224910e+08
2.087380e+06 1.079081e+05 6.224910e+08
2.087380e+06 1.086374e+05 6.224910e+08
2.087380e+06 1.094302e+05 6.224910e+08
2.087380e+06 1.101912e+05 6.224910e+08
2.087380e+06 1.109522e+05 6.224910e+08
2.087380e+06 1.117450e+05 6.224910e+08
2.087380e+06 1.125377e+05 6.224910e+08
2.087380e+06 1.133305e+05 6.224910e+08
2.087380e+06 1.141232e+05 6.224910e+08
2.087380e+06 1.149160e+05 6.224910e+08
2.087380e+06 1.157404e+05 6.224910e+08
2.087380e+06 1.165332e+05 6.224910e+08
2.087380e+06 1.173576e+05 6.224910e+08
2.087380e+06 1.181821e+05 6.224910e+08
2.087380e+06 1.190065e+05 6.224910e+08
2.087380e+06 1.198627e+05 6.224910e+08
2.087380e+06 1.206871e+05 6.224910e+08
2.087380e+06 1.215433e+05 6.224910e+08
2.087380e+06 1.223995e+05 6.224910e+08
2.087380e+06 1.232556e+05 6.224910e+08
2.087380e+06 1.241435e+05 6.224910e+08
2.087380e+06 1.249997e+05 6.224910e+08
2.087380e+06 1.258875e+05 6.224910e+08
2.087380e+06 1.267754e+05 6.224910e+08
2.087380e+06 1.276633e+05 6.224910e+08
2.087380e+06 1.285512e+05 6.224910e+08
2.087380e+06 1.294708e+05 6.224910e+08
2.087380e+06 1.303903e+05 6.224910e+08
2.087380e+06 1.313099e+05 6.224910e+08
2.087380e+06 1.322295e+05 6.224910e+08
2.087380e+06 1.331491e+05 6.224910e+08
2.087380e+06 1.341004e+05 6.224910e+08
2.087380e+06 1.350200e+05 6.224910e+08
2.087380e+06 1.359713e+05 6.224910e+08
2.087380e+06 1.369226e+05 6.224910e+08
2.087380e+06 1.379056e+05 6.224910e+08
2.087380e+06 1.388569e+05 6.224910e+08
2.087380e+06 1.398399e+05 6.224910e+08
2.087380e+06 1.408229e+05 6.224910e+08
2.087380e+06 1.418059e+05 6.224910e+08
2.087380e+06 1.428206e+05 6.224910e+08
2.087380e+06 1.438353e+05 6.224910e+08
2.087380e+06 1.448500e+05 6.224910e+08
2.087380e+06 1.458647e+05 6.224910e+08
2.087380e+06 1.468794e+05 6.224910e+08
2.087380e+06 1.479259e+05 6.224910e+08
2.087380e+06 1.489406e+05 6.224910e+08
2.087380e+06 1.499870e+05 6.224910e+08
2.087380e+06 1.510651e+05 6.224910e+08
2.087380e+06 1.521115e+05 6.224910e+08
2.087380e+06 1.531897e+05 6.224910e+08
2.087380e+06 1.542678e+05 6.224910e+08
2.087380e+06 1.553459e+05 6.224910e+08
2.087380e+06 1.564558e+05 6.224910e+08
2.087380e+06 1.575339e+05 6.224910e+08
2.087380e+06 1.586438e+05 6.224910e+08
2.087380e+06 1.597853e+05 6.224910e+08
2.087380e+06 1.608952e+05 6.224910e+08
2.087380e+06 1.620367e+05 6.224910e+08
2.087380e+06 1.631783e+05 6.224910e+08
2.087380e+06 1.643198e+05 6.224910e+08
2.087380e+06 1.654614e+05 6.224910e+08
2.087380e+06 1.666346e+05 6.224910e+08
2.087380e+06 1.678079e+05 6.224910e+08
2.087380e+06 1.689812e+05 6.224910e+08
2.087380e+06 1.701861e+05 6.224910e+08
2.087380e+06 1.713911e+05 6.224910e+08
2.087380e+06 1.725961e+05 6.224910e+08
2.087380e+06 1.738010e+05 6.224910e+08
2.087380e+06 1.750060e+05 6.224910e+08
2.087380e+06 1.762427e+05 6.224910e+08
2.087380e+06 1.774794e+05 6.224910e+08
2.087380e+06 1.787478e+05 6.224910e+08
2.087380e+06 1.799845e+05 6.224910e+08
2.087380e+06 1.812528e+05 6.224910e+08
2.087380e+06 1.825529e+05 6.224910e+08
2.087380e+06 1.838213e+05 6.224910e+08
2.087380e+06 1.851214e+05 6.224910e+08
2.087380e+06 1.864215e+05 6.224910e+08
2.087380e+06 1.877216e+05 6.224910e+08
2.087380e+06 1.890535e+05 6.224910e+08
2.087380e+06 1.903853e+05 6.224910e+08
2.087380e+06 1.917171e+05 6.224910e+08
2.087380e+06 1.930806e+05 6.224910e+08
2.087380e+06 1.944124e+05 6.224910e+08
2.087380e+06 1.958076e+05 6.224910e+08
2.087380e+06 1.971712e+05 6.224910e+08
2.087380e+06 1.985664e+05 6.224910e+08
2.087380e+06 1.999616e+05 6.224910e+08
2.087380e+06 2.013569e+05 6.224910e+08
2.087380e+06 2.027838e+05 6.224910e+08
2.087380e+06 2.042107e+05 6.224910e+08
2.087380e+06 2.056377e+05 6.224910e+08
2.087380e+06 2.070963e+05 6.224910e+08
2.087380e+06 2.085550e+05 6.224910e+08
2.087380e+06 2.100136e+05 6.224910e+08
