1.118964e+07 3.170979e-07 1.233751e+10
1.117069e+07 6.341958e-07 1.230039e+10
1.115231e+07 9.512938e-07 1.226447e+10
1.113449e+07 1.268392e-06 1.222966e+10
1.111719e+07 1.585490e-06 1.219591e+10
1.110038e+07 1.902588e-06 1.216315e+10
1.108404e+07 2.219685e-06 1.213134e+10
1.106814e+07 2.536783e-06 1.210044e+10
1.105267e+07 2.853881e-06 1.207040e+10
1.103760e+07 3.170979e-06 1.204116e+10
1.102291e+07 3.488077e-06 1.201270e+10
1.100858e+07 3.805175e-06 1.198497e+10
1.099460e+07 4.122273e-06 1.195793e+10
1.098095e+07 4.439371e-06 1.193156e+10
1.096762e+07 4.756469e-06 1.190582e+10
1.095458e+07 5.073567e-06 1.188069e+10
1.094184e+07 5.390665e-06 1.185614e+10
1.092937e+07 5.707763e-06 1.183214e+10
1.091716e+07 6.024860e-06 1.180867e+10
1.090521e+07 6.341958e-06 1.178571e+10
1.089351e+07 6.659056e-06 1.176323e+10
1.088203e+07 6.976154e-06 1.174122e+10
1.087078e+07 7.293252e-06 1.171966e+10
1.085975e+07 7.610350e-06 1.169853e+10
1.084893e+07 7.927448e-06 1.167782e+10
1.083831e+07 8.244546e-06 1.165751e+10
1.082788e+07 8.561644e-06 1.163758e+10
1.081764e+07 8.878742e-06 1.161802e+10
1.080757e+07 9.195840e-06 1.159883e+10
1.079769e+07 9.512938e-06 1.157998e+10
1.078797e+07 9.830036e-06 1.156146e+10
1.077841e+07 1.014713e-05 1.154327e+10
1.076901e+07 1.046423e-05 1.152539e+10
1.075977e+07 1.078133e-05 1.150781e+10
1.075067e+07 1.109843e-05 1.149052e+10
1.074172e+07 1.141553e-05 1.147352e+10
1.073290e+07 1.173262e-05 1.145679e+10
1.072422e+07 1.204972e-05 1.144033e+10
1.071567e+07 1.236682e-05 1.142413e+10
1.070725e+07 1.268392e-05 1.140818e+10
1.069895e+07 1.300101e-05 1.139247e+10
1.069078e+07 1.331811e-05 1.137700e+10
1.068272e+07 1.363521e-05 1.136176e+10
1.067477e+07 1.395231e-05 1.134674e+10
1.066693e+07 1.426941e-05 1.133194e+10
1.065920e+07 1.458650e-05 1.131735e+10
1.065157e+07 1.490360e-05 1.130297e+10
1.064405e+07 1.522070e-05 1.128878e+10
1.063663e+07 1.553780e-05 1.127480e+10
1.062930e+07 1.585490e-05 1.126100e+10
1.062207e+07 1.617199e-05 1.124738e+10
1.061493e+07 1.648909e-05 1.123395e+10
1.060787e+07 1.680619e-05 1.122069e+10
1.060091e+07 1.712329e-05 1.120760e+10
1.059403e+07 1.744039e-05 1.119468e+10
1.058724e+07 1.775748e-05 1.118192e+10
1.058052e+07 1.807458e-05 1.116933e+10
1.057389e+07 1.839168e-05 1.115688e+10
1.056733e+07 1.870878e-05 1.114459e+10
1.056085e+07 1.902588e-05 1.113245e+10
1.055445e+07 1.934297e-05 1.112045e+10
1.054811e+07 1.966007e-05 1.110860e+10
1.054185e+07 1.997717e-05 1.109688e+10
1.053566e+07 2.029427e-05 1.108529e+10
1.052953e+07 2.061136e-05 1.107384e+10
1.052346e+07 2.092846e-05 1.106250e+10
1.051746e+07 2.124556e-05 1.105129e+10
1.051152e+07 2.156266e-05 1.104020e+10
1.050564e+07 2.187976e-05 1.102923e+10
1.049982e+07 2.219685e-05 1.101837e+10
1.049405e+07 2.251395e-05 1.100762e+10
1.048835e+07 2.283105e-05 1.099698e+10
1.048270e+07 2.314815e-05 1.098646e+10
1.047710e+07 2.346525e-05 1.097604e+10
1.047156e+07 2.378234e-05 1.096572e+10
1.046607e+07 2.409944e-05 1.095550e+10
1.046063e+07 2.441654e-05 1.094539e+10
1.045524e+07 2.473364e-05 1.093538e+10
1.044991e+07 2.505074e-05 1.092546e+10
1.044462e+07 2.536783e-05 1.091563e+10
1.043938e+07 2.568493e-05 1.090590e+10
1.043418e+07 2.600203e-05 1.089626e+10
1.042904e+07 2.631913e-05 1.088671e+10
1.042394e+07 2.663623e-05 1.087725e+10
1.041888e+07 2.695332e-05 1.086788e+10
1.041387e+07 2.727042e-05 1.085859e+10
1.037528e+07 2.980720e-05 1.078719e+10
1.032616e+07 3.329528e-05 1.069660e+10
1.028104e+07 3.678336e-05 1.061368e+10
1.023208e+07 4.090563e-05 1.052401e+10
1.018052e+07 4.566210e-05 1.042996e+10
1.013042e+07 5.073567e-05 1.033891e+10
1.007907e+07 5.644343e-05 1.024596e+10
1.002720e+07 6.278539e-05 1.015245e+10
9.975273e+06 6.976154e-05 1.005920e+10
9.923366e+06 7.737189e-05 9.966363e+09
9.868031e+06 8.625063e-05 9.867813e+09
9.813972e+06 9.576357e-05 9.771949e+09
9.758152e+06 1.065449e-04 9.673392e+09
9.701459e+06 1.185946e-04 9.573740e+09
9.645822e+06 1.315956e-04 9.476385e+09
9.587590e+06 1.464992e-04 9.374955e+09
9.528891e+06 1.629883e-04 9.273194e+09
9.470185e+06 1.810629e-04 9.171908e+09
9.409456e+06 2.013572e-04 9.067643e+09
9.346601e+06 2.241882e-04 8.960278e+09
9.283259e+06 2.492390e-04 8.852647e+09
9.218527e+06 2.771436e-04 8.743243e+09
9.152418e+06 3.082192e-04 8.632125e+09
9.084536e+06 3.427829e-04 8.518674e+09
9.015034e+06 3.811517e-04 8.403198e+09
8.942958e+06 4.239599e-04 8.284172e+09
8.868070e+06 4.715246e-04 8.161291e+09
8.790257e+06 5.244800e-04 8.034462e+09
8.709946e+06 5.831431e-04 7.904472e+09
8.625889e+06 6.487823e-04 7.769413e+09
8.538778e+06 7.213978e-04 7.630524e+09
8.447356e+06 8.022577e-04 7.485939e+09
8.351292e+06 8.923135e-04 7.335319e+09
8.250696e+06 9.925165e-04 7.179029e+09
8.122908e+06 1.126966e-03 6.982619e+09
8.009954e+06 1.253805e-03 6.810996e+09
7.903118e+06 1.380644e-03 6.650390e+09
7.777532e+06 1.539193e-03 6.463744e+09
7.659833e+06 1.697742e-03 6.290932e+09
7.527408e+06 1.888001e-03 6.098951e+09
7.383626e+06 2.109970e-03 5.893458e+09
7.250045e+06 2.331938e-03 5.705310e+09
7.108404e+06 2.585616e-03 5.508731e+09
6.945785e+06 2.902714e-03 5.286763e+09
6.797131e+06 3.219812e-03 5.087359e+09
6.647570e+06 3.568620e-03 4.890117e+09
6.487011e+06 3.980847e-03 4.682173e+09
6.330867e+06 4.424784e-03 4.483745e+09
6.179787e+06 4.900431e-03 4.295341e+09
6.025808e+06 5.439498e-03 4.106970e+09
5.864207e+06 6.073694e-03 3.913259e+09
5.713486e+06 6.739599e-03 3.736292e+09
5.560618e+06 7.500634e-03 3.560471e+09
5.414354e+06 8.325089e-03 3.395726e+09
5.265760e+06 9.276383e-03 3.231863e+09
5.122101e+06 1.032281e-02 3.076806e+09
4.969636e+06 1.159120e-02 2.915892e+09
4.837808e+06 1.285959e-02 2.779816e+09
4.695655e+06 1.444508e-02 2.636279e+09
4.573455e+06 1.603057e-02 2.515560e+09
4.467053e+06 1.761606e-02 2.412467e+09
4.355940e+06 1.951865e-02 2.306830e+09
4.244325e+06 2.173833e-02 2.202805e+09
4.135463e+06 2.427511e-02 2.103374e+09
4.042079e+06 2.681190e-02 2.019686e+09
3.942336e+06 2.998288e-02 1.931911e+09
3.849285e+06 3.347095e-02 1.851557e+09
3.769907e+06 3.695903e-02 1.784193e+09
3.689568e+06 4.108130e-02 1.717130e+09
3.611045e+06 4.583777e-02 1.652673e+09
3.540104e+06 5.091134e-02 1.595369e+09
3.472335e+06 5.661910e-02 1.541456e+09
3.408698e+06 6.296106e-02 1.491570e+09
3.349417e+06 6.993721e-02 1.445746e+09
3.292492e+06 7.786466e-02 1.402335e+09
3.240705e+06 8.642631e-02 1.363345e+09
3.190629e+06 9.625634e-02 1.326102e+09
3.134105e+06 1.095745e-01 1.284607e+09
3.100233e+06 1.190874e-01 1.260018e+09
3.052969e+06 1.349423e-01 1.226010e+09
3.021466e+06 1.476262e-01 1.203569e+09
2.988096e+06 1.634811e-01 1.179995e+09
2.954930e+06 1.825070e-01 1.156769e+09
2.923380e+06 2.047038e-01 1.134863e+09
2.897593e+06 2.269007e-01 1.117094e+09
2.873450e+06 2.522685e-01 1.100570e+09
2.851453e+06 2.808073e-01 1.085609e+09
2.833666e+06 3.093461e-01 1.073577e+09
2.816263e+06 3.442269e-01 1.061862e+09
2.800283e+06 3.854496e-01 1.051154e+09
2.787940e+06 4.266724e-01 1.042916e+09
2.776955e+06 4.742371e-01 1.035608e+09
2.767506e+06 5.281437e-01 1.029340e+09
2.759558e+06 5.883923e-01 1.024081e+09
2.753216e+06 6.518119e-01 1.019893e+09
2.747640e+06 7.247444e-01 1.016216e+09
2.742792e+06 8.071899e-01 1.013025e+09
2.738681e+06 8.959773e-01 1.010323e+09
2.734883e+06 9.974486e-01 1.007828e+09
2.730495e+06 1.127459e+00 1.004950e+09
2.726936e+06 1.254298e+00 1.002618e+09
2.723892e+06 1.381137e+00 1.000626e+09
2.720617e+06 1.539686e+00 9.984836e+08
2.717746e+06 1.698235e+00 9.966079e+08
2.714675e+06 1.888494e+00 9.946032e+08
2.711463e+06 2.110462e+00 9.925082e+08
2.708554e+06 2.332431e+00 9.906124e+08
2.705167e+06 2.617819e+00 9.884068e+08
2.702093e+06 2.903207e+00 9.864075e+08
2.698975e+06 3.220305e+00 9.843812e+08
2.695831e+06 3.569113e+00 9.823393e+08
2.692427e+06 3.981340e+00 9.801314e+08
2.689066e+06 4.425277e+00 9.779534e+08
2.685538e+06 4.932634e+00 9.756694e+08
2.682087e+06 5.471700e+00 9.734373e+08
2.678521e+06 6.074186e+00 9.711335e+08
2.674704e+06 6.771802e+00 9.686700e+08
2.670850e+06 7.532837e+00 9.661848e+08
2.666972e+06 8.357291e+00 9.636881e+08
2.662803e+06 9.308585e+00 9.610063e+08
2.656029e+06 1.064040e+01 9.566563e+08
2.652292e+06 1.159169e+01 9.542604e+08
2.647596e+06 1.286008e+01 9.512529e+08
2.641881e+06 1.444557e+01 9.475988e+08
2.636162e+06 1.603106e+01 9.439485e+08
2.630296e+06 1.761655e+01 9.402104e+08
2.621602e+06 1.983624e+01 9.346826e+08
2.612115e+06 2.205592e+01 9.286668e+08
2.601600e+06 2.427561e+01 9.220191e+08
2.586301e+06 2.712949e+01 9.123840e+08
2.568795e+06 2.998337e+01 9.014135e+08
2.544229e+06 3.347145e+01 8.861172e+08
2.513279e+06 3.727662e+01 8.670090e+08
2.474991e+06 4.139889e+01 8.436239e+08
2.428568e+06 4.583827e+01 8.156470e+08
2.366822e+06 5.122893e+01 7.790406e+08
2.297220e+06 5.693669e+01 7.386082e+08
2.219098e+06 6.327865e+01 6.943587e+08
2.136362e+06 7.025481e+01 6.488131e+08
2.050388e+06 7.818225e+01 6.029304e+08
1.969690e+06 8.674390e+01 5.612165e+08
1.893147e+06 9.657393e+01 5.228715e+08
1.827104e+06 1.073553e+02 4.906981e+08
1.771473e+06 1.194050e+02 4.642145e+08
1.726302e+06 1.327231e+02 4.431898e+08
1.689483e+06 1.476267e+02 4.263725e+08
1.659431e+06 1.641158e+02 4.128598e+08
1.633903e+06 1.825075e+02 4.015334e+08
1.611269e+06 2.031188e+02 3.916074e+08
1.590714e+06 2.259499e+02 3.826885e+08
1.571699e+06 2.510006e+02 3.745191e+08
1.553340e+06 2.792223e+02 3.667058e+08
1.534476e+06 3.128347e+02 3.587533e+08
1.517560e+06 3.477155e+02 3.516880e+08
1.501351e+06 3.857672e+02 3.449764e+08
1.484791e+06 4.301609e+02 3.381786e+08
1.469240e+06 4.777256e+02 3.318492e+08
1.454599e+06 5.284613e+02 3.259393e+08
1.439260e+06 5.887099e+02 3.197977e+08
1.424408e+06 6.553005e+02 3.138684e+08
1.410154e+06 7.282330e+02 3.081774e+08
1.395909e+06 8.106784e+02 3.025370e+08
1.382320e+06 8.994659e+02 2.972004e+08
1.368687e+06 1.000000e+03 2.918891e+08
1.368675e+06 1.000095e+03 2.918846e+08
1.368663e+06 1.000191e+03 2.918799e+08
1.368652e+06 1.000286e+03 2.918755e+08
1.368643e+06 1.000382e+03 2.918721e+08
1.368639e+06 1.000477e+03 2.918704e+08
1.368641e+06 1.000573e+03 2.918711e+08
1.368649e+06 1.000668e+03 2.918742e+08
1.368664e+06 1.000764e+03 2.918800e+08
1.368685e+06 1.000859e+03 2.918881e+08
1.368711e+06 1.000955e+03 2.918985e+08
1.368743e+06 1.001051e+03 2.919110e+08
1.368780e+06 1.001146e+03 2.919251e+08
1.368820e+06 1.001241e+03 2.919406e+08
1.368864e+06 1.001338e+03 2.919576e+08
1.368910e+06 1.001433e+03 2.919755e+08
1.368958e+06 1.001528e+03 2.919942e+08
1.369008e+06 1.001623e+03 2.920136e+08
1.369060e+06 1.001720e+03 2.920338e+08
1.369113e+06 1.001815e+03 2.920542e+08
1.369166e+06 1.001910e+03 2.920749e+08
1.369221e+06 1.002007e+03 2.920962e+08
1.369275e+06 1.002102e+03 2.921173e+08
1.369329e+06 1.002197e+03 2.921384e+08
1.369384e+06 1.002292e+03 2.921595e+08
1.369439e+06 1.002389e+03 2.921810e+08
1.369493e+06 1.002484e+03 2.922020e+08
1.369547e+06 1.002579e+03 2.922230e+08
1.369602e+06 1.002676e+03 2.922441e+08
1.369655e+06 1.002771e+03 2.922647e+08
1.369707e+06 1.002866e+03 2.922851e+08
1.369760e+06 1.002963e+03 2.923056e+08
1.369812e+06 1.003058e+03 2.923255e+08
1.369862e+06 1.003153e+03 2.923453e+08
1.369913e+06 1.003250e+03 2.923651e+08
1.369963e+06 1.003345e+03 2.923843e+08
1.370012e+06 1.003442e+03 2.924035e+08
1.370061e+06 1.003537e+03 2.924222e+08
1.370108e+06 1.003632e+03 2.924407e+08
1.370156e+06 1.003729e+03 2.924591e+08
1.370202e+06 1.003824e+03 2.924770e+08
1.370248e+06 1.003921e+03 2.924949e+08
1.370292e+06 1.004016e+03 2.925123e+08
1.370337e+06 1.004111e+03 2.925294e+08
1.370381e+06 1.004208e+03 2.925465e+08
1.370423e+06 1.004303e+03 2.925631e+08
1.370466e+06 1.004400e+03 2.925797e+08
1.370507e+06 1.004495e+03 2.925957e+08
1.370549e+06 1.004591e+03 2.926118e+08
1.370589e+06 1.004687e+03 2.926274e+08
1.370629e+06 1.004783e+03 2.926429e+08
1.370668e+06 1.004878e+03 2.926580e+08
1.370706e+06 1.004974e+03 2.926729e+08
1.370744e+06 1.005070e+03 2.926877e+08
1.370781e+06 1.005165e+03 2.927021e+08
1.370818e+06 1.005262e+03 2.927165e+08
1.370854e+06 1.005357e+03 2.927304e+08
1.370890e+06 1.005454e+03 2.927444e+08
1.370925e+06 1.005549e+03 2.927579e+08
1.370959e+06 1.005646e+03 2.927714e+08
1.370993e+06 1.005741e+03 2.927845e+08
1.371027e+06 1.005838e+03 2.927976e+08
1.371060e+06 1.005933e+03 2.928103e+08
1.371092e+06 1.006029e+03 2.928230e+08
1.371124e+06 1.006126e+03 2.928355e+08
1.371156e+06 1.006221e+03 2.928476e+08
1.371187e+06 1.006318e+03 2.928597e+08
1.371217e+06 1.006413e+03 2.928714e+08
1.371247e+06 1.006510e+03 2.928832e+08
1.371277e+06 1.006605e+03 2.928946e+08
1.371306e+06 1.006702e+03 2.929060e+08
1.371334e+06 1.006797e+03 2.929170e+08
1.371363e+06 1.006894e+03 2.929281e+08
1.371391e+06 1.006990e+03 2.929390e+08
1.371418e+06 1.007085e+03 2.929496e+08
1.371445e+06 1.007182e+03 2.929601e+08
1.371472e+06 1.007277e+03 2.929704e+08
1.371498e+06 1.007374e+03 2.929806e+08
1.371524e+06 1.007471e+03 2.929907e+08
1.371549e+06 1.007566e+03 2.930005e+08
1.371574e+06 1.007662e+03 2.930104e+08
1.371599e+06 1.007759e+03 2.930200e+08
1.371623e+06 1.007854e+03 2.930294e+08
1.371648e+06 1.007951e+03 2.930388e+08
1.371671e+06 1.008048e+03 2.930480e+08
1.371694e+06 1.008143e+03 2.930570e+08
1.371717e+06 1.008240e+03 2.930660e+08
1.371740e+06 1.008336e+03 2.930748e+08
1.371762e+06 1.008431e+03 2.930834e+08
1.371784e+06 1.008528e+03 2.930920e+08
1.371806e+06 1.008625e+03 2.931004e+08
1.371827e+06 1.008720e+03 2.931086e+08
1.371848e+06 1.008817e+03 2.931169e+08
1.371869e+06 1.008913e+03 2.931250e+08
1.371889e+06 1.009009e+03 2.931328e+08
1.371910e+06 1.009105e+03 2.931407e+08
1.371930e+06 1.009202e+03 2.931484e+08
1.371949e+06 1.009299e+03 2.931561e+08
1.371968e+06 1.009394e+03 2.931635e+08
1.371987e+06 1.009491e+03 2.931709e+08
1.372006e+06 1.009587e+03 2.931782e+08
1.372025e+06 1.009684e+03 2.931854e+08
1.372043e+06 1.009779e+03 2.931924e+08
1.372061e+06 1.009876e+03 2.931994e+08
1.372078e+06 1.009973e+03 2.932063e+08
1.372096e+06 1.010071e+03 2.932132e+08
1.372113e+06 1.010166e+03 2.932198e+08
1.372130e+06 1.010261e+03 2.932263e+08
1.372147e+06 1.010359e+03 2.932329e+08
1.372163e+06 1.010455e+03 2.932392e+08
1.372180e+06 1.010553e+03 2.932456e+08
1.372195e+06 1.010648e+03 2.932517e+08
1.372211e+06 1.010743e+03 2.932577e+08
1.372227e+06 1.010841e+03 2.932639e+08
1.372242e+06 1.010937e+03 2.932697e+08
1.372257e+06 1.011035e+03 2.932757e+08
1.372272e+06 1.011130e+03 2.932814e+08
1.372286e+06 1.011225e+03 2.932870e+08
1.372301e+06 1.011323e+03 2.932926e+08
1.372315e+06 1.011419e+03 2.932981e+08
1.372329e+06 1.011517e+03 2.933036e+08
1.372342e+06 1.011612e+03 2.933089e+08
1.372356e+06 1.011710e+03 2.933142e+08
1.372369e+06 1.011805e+03 2.933193e+08
1.372383e+06 1.011904e+03 2.933245e+08
1.372395e+06 1.011999e+03 2.933295e+08
1.372408e+06 1.012094e+03 2.933344e+08
1.372421e+06 1.012192e+03 2.933394e+08
1.372433e+06 1.012287e+03 2.933441e+08
1.372445e+06 1.012386e+03 2.933489e+08
1.372457e+06 1.012481e+03 2.933535e+08
1.372469e+06 1.012579e+03 2.933582e+08
1.372480e+06 1.012674e+03 2.933626e+08
1.372492e+06 1.012773e+03 2.933671e+08
1.372503e+06 1.012868e+03 2.933714e+08
1.372514e+06 1.012966e+03 2.933758e+08
1.372525e+06 1.013061e+03 2.933800e+08
1.372536e+06 1.013159e+03 2.933842e+08
1.372547e+06 1.013255e+03 2.933883e+08
1.372557e+06 1.013353e+03 2.933924e+08
1.372567e+06 1.013448e+03 2.933963e+08
1.372577e+06 1.013543e+03 2.934002e+08
1.372587e+06 1.013641e+03 2.934041e+08
1.372597e+06 1.013737e+03 2.934078e+08
1.372606e+06 1.013835e+03 2.934116e+08
1.372616e+06 1.013933e+03 2.934153e+08
1.372625e+06 1.014028e+03 2.934188e+08
1.372634e+06 1.014127e+03 2.934224e+08
1.372643e+06 1.014222e+03 2.934259e+08
1.372652e+06 1.014320e+03 2.934293e+08
1.372661e+06 1.014415e+03 2.934326e+08
1.372669e+06 1.014513e+03 2.934360e+08
1.372677e+06 1.014609e+03 2.934392e+08
1.372686e+06 1.014707e+03 2.934424e+08
1.372694e+06 1.014802e+03 2.934455e+08
1.372702e+06 1.014900e+03 2.934486e+08
1.372709e+06 1.014995e+03 2.934516e+08
1.372717e+06 1.015094e+03 2.934546e+08
1.372724e+06 1.015189e+03 2.934575e+08
1.372732e+06 1.015287e+03 2.934604e+08
1.372739e+06 1.015382e+03 2.934631e+08
1.372746e+06 1.015481e+03 2.934659e+08
1.372753e+06 1.015579e+03 2.934687e+08
1.372760e+06 1.015674e+03 2.934713e+08
1.372767e+06 1.015772e+03 2.934739e+08
1.372773e+06 1.015867e+03 2.934764e+08
1.372780e+06 1.015966e+03 2.934789e+08
1.372786e+06 1.016061e+03 2.934814e+08
1.372792e+06 1.016159e+03 2.934838e+08
1.372798e+06 1.016254e+03 2.934861e+08
1.372804e+06 1.016353e+03 2.934884e+08
1.372810e+06 1.016451e+03 2.934907e+08
1.372815e+06 1.016546e+03 2.934929e+08
1.372821e+06 1.016644e+03 2.934951e+08
1.372826e+06 1.016739e+03 2.934971e+08
1.372832e+06 1.016838e+03 2.934992e+08
1.372837e+06 1.016936e+03 2.935013e+08
1.372842e+06 1.017031e+03 2.935032e+08
1.372847e+06 1.017129e+03 2.935052e+08
1.372852e+06 1.017225e+03 2.935070e+08
1.372857e+06 1.017323e+03 2.935089e+08
1.372861e+06 1.017421e+03 2.935107e+08
1.372866e+06 1.017516e+03 2.935124e+08
1.372870e+06 1.017615e+03 2.935142e+08
1.372874e+06 1.017710e+03 2.935158e+08
1.372879e+06 1.017808e+03 2.935174e+08
1.372883e+06 1.017906e+03 2.935190e+08
1.372887e+06 1.018001e+03 2.935206e+08
1.372891e+06 1.018100e+03 2.935221e+08
1.372894e+06 1.018198e+03 2.935235e+08
1.372898e+06 1.018293e+03 2.935249e+08
1.372901e+06 1.018392e+03 2.935263e+08
1.372905e+06 1.018490e+03 2.935277e+08
1.372908e+06 1.018585e+03 2.935290e+08
1.372911e+06 1.018683e+03 2.935302e+08
1.372915e+06 1.018778e+03 2.935314e+08
1.372918e+06 1.018877e+03 2.935326e+08
1.372921e+06 1.018975e+03 2.935338e+08
1.372923e+06 1.019070e+03 2.935348e+08
1.372926e+06 1.019168e+03 2.935359e+08
1.372929e+06 1.019267e+03 2.935370e+08
1.372931e+06 1.019362e+03 2.935379e+08
1.372934e+06 1.019460e+03 2.935389e+08
1.372936e+06 1.019558e+03 2.935398e+08
1.372938e+06 1.019654e+03 2.935407e+08
1.372941e+06 1.019752e+03 2.935415e+08
1.372943e+06 1.019850e+03 2.935424e+08
1.372945e+06 1.019945e+03 2.935431e+08
1.372947e+06 1.020044e+03 2.935439e+08
1.372948e+06 1.020142e+03 2.935446e+08
1.372950e+06 1.020240e+03 2.935452e+08
1.372952e+06 1.020335e+03 2.935459e+08
1.372953e+06 1.020434e+03 2.935465e+08
1.372955e+06 1.020532e+03 2.935470e+08
1.372956e+06 1.020627e+03 2.935476e+08
1.372957e+06 1.020725e+03 2.935481e+08
1.372959e+06 1.020824e+03 2.935485e+08
1.372960e+06 1.020922e+03 2.935490e+08
1.372961e+06 1.021017e+03 2.935494e+08
1.372962e+06 1.021115e+03 2.935497e+08
1.372962e+06 1.021214e+03 2.935501e+08
1.372963e+06 1.021309e+03 2.935504e+08
1.372964e+06 1.021407e+03 2.935506e+08
1.372965e+06 1.021505e+03 2.935509e+08
1.372965e+06 1.021604e+03 2.935511e+08
1.372966e+06 1.021699e+03 2.935512e+08
1.372966e+06 1.021797e+03 2.935514e+08
1.372966e+06 1.021895e+03 2.935515e+08
1.372966e+06 1.021994e+03 2.935516e+08
1.372967e+06 1.022089e+03 2.935516e+08
1.372967e+06 1.022187e+03 2.935517e+08
1.372967e+06 1.022285e+03 2.935517e+08
1.372966e+06 1.022384e+03 2.935516e+08
1.372966e+06 1.022479e+03 2.935516e+08
1.372966e+06 1.022577e+03 2.935515e+08
1.372966e+06 1.022675e+03 2.935513e+08
1.372965e+06 1.022774e+03 2.935512e+08
1.372965e+06 1.022869e+03 2.935510e+08
1.372964e+06 1.022967e+03 2.935508e+08
1.372964e+06 1.023066e+03 2.935506e+08
1.372963e+06 1.023164e+03 2.935503e+08
1.372962e+06 1.023262e+03 2.935500e+08
1.372962e+06 1.023357e+03 2.935497e+08
1.372961e+06 1.023456e+03 2.935493e+08
1.372960e+06 1.023554e+03 2.935490e+08
1.372959e+06 1.023652e+03 2.935486e+08
1.372958e+06 1.023750e+03 2.935481e+08
1.372956e+06 1.023846e+03 2.935477e+08
1.372955e+06 1.023944e+03 2.935472e+08
1.372954e+06 1.024042e+03 2.935467e+08
1.372952e+06 1.024140e+03 2.935462e+08
1.372951e+06 1.024239e+03 2.935456e+08
1.372950e+06 1.024334e+03 2.935450e+08
1.372948e+06 1.024432e+03 2.935444e+08
1.372946e+06 1.024531e+03 2.935438e+08
1.372945e+06 1.024629e+03 2.935431e+08
1.372943e+06 1.024727e+03 2.935424e+08
1.372941e+06 1.024825e+03 2.935417e+08
1.372939e+06 1.024921e+03 2.935410e+08
1.372937e+06 1.025019e+03 2.935402e+08
1.372935e+06 1.025117e+03 2.935394e+08
1.372933e+06 1.025215e+03 2.935386e+08
1.372931e+06 1.025314e+03 2.935378e+08
1.372929e+06 1.025412e+03 2.935369e+08
1.372927e+06 1.025507e+03 2.935361e+08
1.372924e+06 1.025605e+03 2.935352e+08
1.372922e+06 1.025704e+03 2.935342e+08
1.372919e+06 1.025802e+03 2.935333e+08
1.372917e+06 1.025900e+03 2.935323e+08
1.372914e+06 1.025999e+03 2.935313e+08
1.372912e+06 1.026097e+03 2.935303e+08
1.372909e+06 1.026192e+03 2.935293e+08
1.372906e+06 1.026290e+03 2.935282e+08
1.372903e+06 1.026389e+03 2.935271e+08
1.372901e+06 1.026487e+03 2.935260e+08
1.372898e+06 1.026585e+03 2.935249e+08
1.372895e+06 1.026684e+03 2.935237e+08
1.372892e+06 1.026782e+03 2.935225e+08
1.372889e+06 1.026880e+03 2.935214e+08
1.372886e+06 1.026979e+03 2.935201e+08
1.372882e+06 1.027074e+03 2.935189e+08
1.372879e+06 1.027172e+03 2.935177e+08
1.372876e+06 1.027270e+03 2.935164e+08
1.372873e+06 1.027369e+03 2.935151e+08
1.372869e+06 1.027467e+03 2.935138e+08
1.372866e+06 1.027565e+03 2.935124e+08
1.372862e+06 1.027663e+03 2.935111e+08
1.372859e+06 1.027762e+03 2.935097e+08
1.372855e+06 1.027860e+03 2.935083e+08
1.372851e+06 1.027958e+03 2.935068e+08
1.372848e+06 1.028057e+03 2.935054e+08
1.372844e+06 1.028155e+03 2.935039e+08
1.372840e+06 1.028253e+03 2.935024e+08
1.372836e+06 1.028348e+03 2.935010e+08
1.372832e+06 1.028447e+03 2.934995e+08
1.372828e+06 1.028545e+03 2.934979e+08
1.372824e+06 1.028643e+03 2.934964e+08
1.372820e+06 1.028742e+03 2.934948e+08
1.372816e+06 1.028840e+03 2.934932e+08
1.372812e+06 1.028938e+03 2.934916e+08
1.372808e+06 1.029036e+03 2.934899e+08
1.372804e+06 1.029135e+03 2.934883e+08
1.372799e+06 1.029233e+03 2.934866e+08
1.372795e+06 1.029331e+03 2.934849e+08
1.372791e+06 1.029430e+03 2.934832e+08
1.372786e+06 1.029528e+03 2.934815e+08
1.372782e+06 1.029626e+03 2.934797e+08
1.372777e+06 1.029725e+03 2.934780e+08
1.372773e+06 1.029823e+03 2.934762e+08
1.372768e+06 1.029921e+03 2.934744e+08
1.372763e+06 1.030019e+03 2.934726e+08
1.372759e+06 1.030118e+03 2.934708e+08
1.372754e+06 1.030216e+03 2.934689e+08
1.372749e+06 1.030314e+03 2.934671e+08
1.372744e+06 1.030413e+03 2.934652e+08
1.372739e+06 1.030511e+03 2.934633e+08
1.372734e+06 1.030609e+03 2.934614e+08
1.372729e+06 1.030708e+03 2.934594e+08
1.372724e+06 1.030806e+03 2.934575e+08
1.372719e+06 1.030904e+03 2.934555e+08
1.372714e+06 1.031002e+03 2.934535e+08
1.372709e+06 1.031101e+03 2.934516e+08
1.372704e+06 1.031199e+03 2.934495e+08
1.372699e+06 1.031297e+03 2.934475e+08
1.372694e+06 1.031396e+03 2.934455e+08
1.372688e+06 1.031494e+03 2.934434e+08
1.372683e+06 1.031592e+03 2.934413e+08
1.372678e+06 1.031691e+03 2.934393e+08
1.372672e+06 1.031789e+03 2.934371e+08
1.372667e+06 1.031887e+03 2.934350e+08
1.372661e+06 1.031985e+03 2.934329e+08
1.372656e+06 1.032084e+03 2.934307e+08
1.372650e+06 1.032182e+03 2.934286e+08
1.372645e+06 1.032280e+03 2.934264e+08
1.372639e+06 1.032379e+03 2.934242e+08
1.372633e+06 1.032480e+03 2.934219e+08
1.372627e+06 1.032578e+03 2.934197e+08
1.372622e+06 1.032677e+03 2.934175e+08
1.372616e+06 1.032775e+03 2.934152e+08
1.372610e+06 1.032873e+03 2.934129e+08
1.372604e+06 1.032972e+03 2.934107e+08
1.372598e+06 1.033070e+03 2.934084e+08
1.372592e+06 1.033168e+03 2.934061e+08
1.372586e+06 1.033267e+03 2.934037e+08
1.372580e+06 1.033365e+03 2.934014e+08
1.372574e+06 1.033463e+03 2.933991e+08
1.372568e+06 1.033561e+03 2.933967e+08
1.372562e+06 1.033663e+03 2.933942e+08
1.372556e+06 1.033761e+03 2.933919e+08
1.372550e+06 1.033860e+03 2.933895e+08
1.372543e+06 1.033958e+03 2.933870e+08
1.372537e+06 1.034056e+03 2.933846e+08
1.372531e+06 1.034154e+03 2.933822e+08
1.372524e+06 1.034253e+03 2.933797e+08
1.372518e+06 1.034351e+03 2.933773e+08
1.372512e+06 1.034449e+03 2.933748e+08
1.372505e+06 1.034551e+03 2.933722e+08
1.372499e+06 1.034649e+03 2.933697e+08
1.372492e+06 1.034747e+03 2.933672e+08
1.372486e+06 1.034846e+03 2.933646e+08
1.372479e+06 1.034944e+03 2.933621e+08
1.372473e+06 1.035042e+03 2.933595e+08
1.372466e+06 1.035141e+03 2.933570e+08
1.372459e+06 1.035239e+03 2.933544e+08
1.372453e+06 1.035340e+03 2.933517e+08
1.372446e+06 1.035439e+03 2.933491e+08
1.372439e+06 1.035537e+03 2.933465e+08
1.372432e+06 1.035635e+03 2.933439e+08
1.372426e+06 1.035734e+03 2.933412e+08
1.372419e+06 1.035832e+03 2.933386e+08
1.372412e+06 1.035933e+03 2.933358e+08
1.372405e+06 1.036032e+03 2.933332e+08
1.372398e+06 1.036130e+03 2.933305e+08
1.372391e+06 1.036228e+03 2.933278e+08
1.372384e+06 1.036327e+03 2.933251e+08
1.372377e+06 1.036425e+03 2.933224e+08
1.372370e+06 1.036526e+03 2.933196e+08
1.372363e+06 1.036625e+03 2.933168e+08
1.372356e+06 1.036723e+03 2.933141e+08
1.372349e+06 1.036821e+03 2.933113e+08
1.372341e+06 1.036920e+03 2.933085e+08
1.372334e+06 1.037021e+03 2.933057e+08
1.372327e+06 1.037119e+03 2.933029e+08
1.372320e+06 1.037218e+03 2.933001e+08
1.372312e+06 1.037316e+03 2.932973e+08
1.372305e+06 1.037414e+03 2.932944e+08
1.372298e+06 1.037516e+03 2.932915e+08
1.372290e+06 1.037614e+03 2.932887e+08
1.372283e+06 1.037712e+03 2.932858e+08
1.372276e+06 1.037811e+03 2.932829e+08
1.372268e+06 1.037912e+03 2.932800e+08
1.372261e+06 1.038010e+03 2.932771e+08
1.372253e+06 1.038109e+03 2.932742e+08
1.372246e+06 1.038207e+03 2.932713e+08
1.372238e+06 1.038305e+03 2.932684e+08
1.372230e+06 1.038407e+03 2.932653e+08
1.372223e+06 1.038505e+03 2.932624e+08
1.372215e+06 1.038603e+03 2.932595e+08
1.372208e+06 1.038702e+03 2.932565e+08
1.372200e+06 1.038803e+03 2.932535e+08
1.372192e+06 1.038901e+03 2.932505e+08
1.372184e+06 1.039000e+03 2.932475e+08
1.372177e+06 1.039101e+03 2.932444e+08
1.372169e+06 1.039199e+03 2.932414e+08
1.372161e+06 1.039298e+03 2.932384e+08
1.372153e+06 1.039396e+03 2.932354e+08
1.372145e+06 1.039498e+03 2.932323e+08
1.372137e+06 1.039596e+03 2.932292e+08
1.372130e+06 1.039694e+03 2.932262e+08
1.372122e+06 1.039792e+03 2.932231e+08
1.372114e+06 1.039894e+03 2.932200e+08
1.372106e+06 1.039992e+03 2.932169e+08
1.372098e+06 1.040091e+03 2.932138e+08
1.372090e+06 1.040192e+03 2.932106e+08
1.372082e+06 1.040290e+03 2.932075e+08
1.372074e+06 1.040389e+03 2.932044e+08
1.372066e+06 1.040487e+03 2.932013e+08
1.372057e+06 1.040588e+03 2.931981e+08
1.372049e+06 1.040687e+03 2.931949e+08
1.372041e+06 1.040785e+03 2.931918e+08
1.372033e+06 1.040886e+03 2.931886e+08
1.372025e+06 1.040985e+03 2.931854e+08
1.372017e+06 1.041083e+03 2.931822e+08
1.372008e+06 1.041185e+03 2.931790e+08
1.372000e+06 1.041283e+03 2.931758e+08
1.371992e+06 1.041381e+03 2.931726e+08
1.371983e+06 1.041483e+03 2.931693e+08
1.371975e+06 1.041581e+03 2.931661e+08
1.371967e+06 1.041679e+03 2.931629e+08
1.371958e+06 1.041781e+03 2.931596e+08
1.371950e+06 1.041879e+03 2.931563e+08
1.371942e+06 1.041977e+03 2.931531e+08
1.371933e+06 1.042079e+03 2.931498e+08
1.371925e+06 1.042177e+03 2.931465e+08
1.371916e+06 1.042275e+03 2.931433e+08
1.371908e+06 1.042377e+03 2.931399e+08
1.371899e+06 1.042475e+03 2.931366e+08
1.371891e+06 1.042577e+03 2.931332e+08
1.371882e+06 1.042675e+03 2.931299e+08
1.371874e+06 1.042773e+03 2.931267e+08
1.371865e+06 1.042875e+03 2.931232e+08
1.371856e+06 1.042973e+03 2.931199e+08
1.371848e+06 1.043071e+03 2.931166e+08
1.371839e+06 1.043173e+03 2.931132e+08
1.371830e+06 1.043271e+03 2.931099e+08
1.371822e+06 1.043372e+03 2.931064e+08
1.371813e+06 1.043471e+03 2.931031e+08
1.371804e+06 1.043569e+03 2.930997e+08
1.371795e+06 1.043671e+03 2.930963e+08
1.371787e+06 1.043769e+03 2.930929e+08
1.371778e+06 1.043870e+03 2.930894e+08
1.371769e+06 1.043969e+03 2.930861e+08
1.371760e+06 1.044067e+03 2.930827e+08
1.371751e+06 1.044168e+03 2.930792e+08
1.371743e+06 1.044267e+03 2.930758e+08
1.371734e+06 1.044368e+03 2.930723e+08
1.371725e+06 1.044466e+03 2.930689e+08
1.371716e+06 1.044568e+03 2.930653e+08
1.371707e+06 1.044666e+03 2.930619e+08
1.371698e+06 1.044765e+03 2.930585e+08
1.371689e+06 1.044866e+03 2.930549e+08
1.371680e+06 1.044964e+03 2.930515e+08
1.371671e+06 1.045066e+03 2.930480e+08
1.371662e+06 1.045164e+03 2.930445e+08
1.371653e+06 1.045266e+03 2.930409e+08
1.371644e+06 1.045364e+03 2.930375e+08
1.371635e+06 1.045462e+03 2.930340e+08
1.371626e+06 1.045564e+03 2.930304e+08
1.371617e+06 1.045662e+03 2.930269e+08
1.371608e+06 1.045763e+03 2.930233e+08
1.371599e+06 1.045862e+03 2.930198e+08
1.371590e+06 1.045963e+03 2.930162e+08
1.371581e+06 1.046061e+03 2.930127e+08
1.371571e+06 1.046163e+03 2.930091e+08
1.371562e+06 1.046261e+03 2.930056e+08
1.371553e+06 1.046363e+03 2.930019e+08
1.371544e+06 1.046461e+03 2.929984e+08
1.371534e+06 1.046562e+03 2.929948e+08
1.371525e+06 1.046661e+03 2.929912e+08
1.371516e+06 1.046762e+03 2.929876e+08
1.371507e+06 1.046861e+03 2.929840e+08
1.371497e+06 1.046962e+03 2.929804e+08
1.371488e+06 1.047060e+03 2.929768e+08
1.371479e+06 1.047162e+03 2.929731e+08
1.371469e+06 1.047260e+03 2.929696e+08
1.371460e+06 1.047362e+03 2.929659e+08
1.371451e+06 1.047460e+03 2.929623e+08
1.371441e+06 1.047561e+03 2.929586e+08
1.371432e+06 1.047660e+03 2.929550e+08
1.371422e+06 1.047761e+03 2.929513e+08
1.371413e+06 1.047859e+03 2.929477e+08
1.371404e+06 1.047961e+03 2.929440e+08
1.371394e+06 1.048059e+03 2.929403e+08
1.371385e+06 1.048161e+03 2.929366e+08
1.371375e+06 1.048259e+03 2.929330e+08
1.371366e+06 1.048360e+03 2.929293e+08
1.371356e+06 1.048459e+03 2.929256e+08
1.371347e+06 1.048560e+03 2.929219e+08
1.371337e+06 1.048662e+03 2.929181e+08
1.371328e+06 1.048760e+03 2.929145e+08
1.371318e+06 1.048861e+03 2.929107e+08
1.371309e+06 1.048960e+03 2.929071e+08
1.371299e+06 1.049061e+03 2.929033e+08
1.371289e+06 1.049160e+03 2.928996e+08
1.371280e+06 1.049261e+03 2.928958e+08
1.371270e+06 1.049362e+03 2.928920e+08
1.371261e+06 1.049461e+03 2.928884e+08
1.371251e+06 1.049562e+03 2.928846e+08
1.371241e+06 1.049661e+03 2.928809e+08
1.371231e+06 1.049762e+03 2.928771e+08
1.371222e+06 1.049860e+03 2.928734e+08
1.371212e+06 1.049962e+03 2.928696e+08
1.371202e+06 1.050066e+03 2.928656e+08
1.371192e+06 1.050168e+03 2.928618e+08
1.371182e+06 1.050269e+03 2.928579e+08
1.371172e+06 1.050371e+03 2.928541e+08
1.371162e+06 1.050472e+03 2.928503e+08
1.371153e+06 1.050574e+03 2.928464e+08
1.371144e+06 1.050663e+03 2.928431e+08
1.371134e+06 1.050764e+03 2.928392e+08
1.371124e+06 1.050866e+03 2.928353e+08
1.371114e+06 1.050967e+03 2.928315e+08
1.371104e+06 1.051068e+03 2.928276e+08
1.371094e+06 1.051170e+03 2.928237e+08
1.371084e+06 1.051271e+03 2.928199e+08
1.371074e+06 1.051373e+03 2.928160e+08
1.371064e+06 1.051474e+03 2.928121e+08
1.371054e+06 1.051576e+03 2.928082e+08
1.371046e+06 1.051665e+03 2.928048e+08
1.371036e+06 1.051766e+03 2.928009e+08
1.371025e+06 1.051868e+03 2.927970e+08
1.371015e+06 1.051969e+03 2.927931e+08
1.371005e+06 1.052070e+03 2.927892e+08
1.370995e+06 1.052172e+03 2.927853e+08
1.370985e+06 1.052273e+03 2.927814e+08
1.370975e+06 1.052375e+03 2.927775e+08
1.370965e+06 1.052476e+03 2.927736e+08
1.370955e+06 1.052578e+03 2.927697e+08
1.370945e+06 1.052679e+03 2.927657e+08
1.370935e+06 1.052781e+03 2.927618e+08
1.370926e+06 1.052870e+03 2.927584e+08
1.370916e+06 1.052971e+03 2.927544e+08
1.370906e+06 1.053073e+03 2.927505e+08
1.370895e+06 1.053174e+03 2.927465e+08
1.370885e+06 1.053275e+03 2.927426e+08
1.370875e+06 1.053377e+03 2.927386e+08
1.370865e+06 1.053478e+03 2.927347e+08
1.370855e+06 1.053580e+03 2.927307e+08
1.370845e+06 1.053681e+03 2.927268e+08
1.370834e+06 1.053783e+03 2.927228e+08
1.370824e+06 1.053884e+03 2.927188e+08
1.370814e+06 1.053986e+03 2.927148e+08
1.370804e+06 1.054087e+03 2.927109e+08
1.370795e+06 1.054176e+03 2.927074e+08
1.370784e+06 1.054277e+03 2.927034e+08
1.370774e+06 1.054379e+03 2.926994e+08
1.370764e+06 1.054480e+03 2.926954e+08
1.370754e+06 1.054582e+03 2.926914e+08
1.370743e+06 1.054683e+03 2.926874e+08
1.370733e+06 1.054785e+03 2.926834e+08
1.370723e+06 1.054886e+03 2.926794e+08
1.370713e+06 1.054988e+03 2.926754e+08
1.370702e+06 1.055089e+03 2.926714e+08
1.370692e+06 1.055191e+03 2.926674e+08
1.370682e+06 1.055292e+03 2.926634e+08
1.370671e+06 1.055394e+03 2.926594e+08
1.370661e+06 1.055495e+03 2.926554e+08
1.370650e+06 1.055597e+03 2.926514e+08
1.370640e+06 1.055698e+03 2.926473e+08
1.370631e+06 1.055787e+03 2.926438e+08
1.370621e+06 1.055888e+03 2.926398e+08
1.370610e+06 1.055990e+03 2.926357e+08
1.370600e+06 1.056091e+03 2.926317e+08
1.370590e+06 1.056193e+03 2.926277e+08
1.370579e+06 1.056294e+03 2.926236e+08
1.370569e+06 1.056396e+03 2.926196e+08
1.370558e+06 1.056497e+03 2.926155e+08
1.370548e+06 1.056599e+03 2.926115e+08
1.370537e+06 1.056700e+03 2.926074e+08
1.370527e+06 1.056802e+03 2.926034e+08
1.370517e+06 1.056903e+03 2.925993e+08
1.370506e+06 1.057005e+03 2.925953e+08
1.370496e+06 1.057106e+03 2.925912e+08
1.370485e+06 1.057207e+03 2.925871e+08
1.370475e+06 1.057309e+03 2.925831e+08
1.370464e+06 1.057410e+03 2.925790e+08
1.370454e+06 1.057512e+03 2.925749e+08
1.370443e+06 1.057613e+03 2.925708e+08
1.370434e+06 1.057702e+03 2.925673e+08
1.370423e+06 1.057804e+03 2.925632e+08
1.370413e+06 1.057905e+03 2.925591e+08
1.370402e+06 1.058007e+03 2.925550e+08
1.370392e+06 1.058108e+03 2.925509e+08
1.370381e+06 1.058209e+03 2.925468e+08
1.370371e+06 1.058311e+03 2.925427e+08
1.370360e+06 1.058412e+03 2.925386e+08
1.370350e+06 1.058514e+03 2.925345e+08
1.370339e+06 1.058615e+03 2.925304e+08
1.370329e+06 1.058717e+03 2.925263e+08
1.370318e+06 1.058818e+03 2.925222e+08
1.370307e+06 1.058920e+03 2.925181e+08
1.370297e+06 1.059021e+03 2.925140e+08
1.370286e+06 1.059123e+03 2.925099e+08
1.370276e+06 1.059224e+03 2.925058e+08
1.370265e+06 1.059326e+03 2.925017e+08
1.370255e+06 1.059427e+03 2.924976e+08
1.370244e+06 1.059529e+03 2.924934e+08
1.370233e+06 1.059630e+03 2.924893e+08
1.370223e+06 1.059732e+03 2.924852e+08
1.370212e+06 1.059833e+03 2.924811e+08
1.370201e+06 1.059935e+03 2.924769e+08
1.370191e+06 1.060036e+03 2.924728e+08
1.370180e+06 1.060137e+03 2.924687e+08
1.370169e+06 1.060239e+03 2.924645e+08
1.370159e+06 1.060340e+03 2.924604e+08
1.370148e+06 1.060442e+03 2.924563e+08
1.370138e+06 1.060543e+03 2.924521e+08
1.370127e+06 1.060645e+03 2.924480e+08
1.370117e+06 1.060734e+03 2.924443e+08
1.370107e+06 1.060835e+03 2.924402e+08
1.370096e+06 1.060937e+03 2.924360e+08
1.370085e+06 1.061038e+03 2.924319e+08
1.370075e+06 1.061139e+03 2.924277e+08
1.370064e+06 1.061241e+03 2.924236e+08
1.370053e+06 1.061342e+03 2.924194e+08
1.370043e+06 1.061444e+03 2.924153e+08
1.370032e+06 1.061545e+03 2.924111e+08
1.370021e+06 1.061647e+03 2.924069e+08
1.370010e+06 1.061748e+03 2.924028e+08
1.370000e+06 1.061850e+03 2.923986e+08
1.369989e+06 1.061951e+03 2.923944e+08
1.369978e+06 1.062053e+03 2.923903e+08
1.369968e+06 1.062154e+03 2.923861e+08
1.369957e+06 1.062256e+03 2.923819e+08
1.369946e+06 1.062357e+03 2.923778e+08
1.369935e+06 1.062459e+03 2.923736e+08
1.369925e+06 1.062560e+03 2.923694e+08
1.369914e+06 1.062662e+03 2.923652e+08
1.369903e+06 1.062763e+03 2.923610e+08
1.369892e+06 1.062864e+03 2.923569e+08
1.369881e+06 1.062966e+03 2.923527e+08
1.369871e+06 1.063067e+03 2.923485e+08
1.369860e+06 1.063169e+03 2.923443e+08
1.369849e+06 1.063270e+03 2.923401e+08
1.369838e+06 1.063372e+03 2.923359e+08
1.369827e+06 1.063473e+03 2.923317e+08
1.369817e+06 1.063575e+03 2.923275e+08
1.369806e+06 1.063676e+03 2.923233e+08
1.369795e+06 1.063778e+03 2.923191e+08
1.369784e+06 1.063879e+03 2.923149e+08
1.369773e+06 1.063981e+03 2.923107e+08
1.369763e+06 1.064082e+03 2.923065e+08
1.369752e+06 1.064184e+03 2.923023e+08
1.369741e+06 1.064285e+03 2.922981e+08
1.369730e+06 1.064387e+03 2.922939e+08
1.369719e+06 1.064488e+03 2.922897e+08
1.369708e+06 1.064590e+03 2.922855e+08
1.369698e+06 1.064691e+03 2.922813e+08
1.369687e+06 1.064792e+03 2.922771e+08
1.369676e+06 1.064894e+03 2.922729e+08
1.369665e+06 1.064995e+03 2.922687e+08
1.369654e+06 1.065097e+03 2.922644e+08
1.369643e+06 1.065198e+03 2.922602e+08
1.369632e+06 1.065300e+03 2.922560e+08
1.369622e+06 1.065401e+03 2.922518e+08
1.369611e+06 1.065503e+03 2.922476e+08
1.369600e+06 1.065604e+03 2.922433e+08
1.369589e+06 1.065706e+03 2.922391e+08
1.369578e+06 1.065807e+03 2.922349e+08
1.369567e+06 1.065909e+03 2.922307e+08
1.369556e+06 1.066010e+03 2.922264e+08
1.369545e+06 1.066112e+03 2.922222e+08
1.369534e+06 1.066213e+03 2.922180e+08
1.369524e+06 1.066315e+03 2.922137e+08
1.369513e+06 1.066416e+03 2.922095e+08
1.369500e+06 1.066530e+03 2.922048e+08
1.369489e+06 1.066632e+03 2.922005e+08
1.369479e+06 1.066733e+03 2.921963e+08
1.369468e+06 1.066835e+03 2.921920e+08
1.369457e+06 1.066936e+03 2.921878e+08
1.369446e+06 1.067037e+03 2.921836e+08
1.369435e+06 1.067139e+03 2.921793e+08
1.369424e+06 1.067240e+03 2.921751e+08
1.369413e+06 1.067342e+03 2.921708e+08
1.369402e+06 1.067443e+03 2.921666e+08
1.369391e+06 1.067545e+03 2.921623e+08
1.369380e+06 1.067646e+03 2.921581e+08
1.369369e+06 1.067748e+03 2.921539e+08
1.369358e+06 1.067849e+03 2.921496e+08
1.369347e+06 1.067951e+03 2.921454e+08
1.369336e+06 1.068052e+03 2.921411e+08
1.369325e+06 1.068154e+03 2.921369e+08
1.369315e+06 1.068255e+03 2.921326e+08
1.369304e+06 1.068357e+03 2.921283e+08
1.369293e+06 1.068458e+03 2.921241e+08
1.369282e+06 1.068560e+03 2.921198e+08
1.369271e+06 1.068661e+03 2.921156e+08
1.369260e+06 1.068763e+03 2.921113e+08
1.369249e+06 1.068864e+03 2.921071e+08
1.369238e+06 1.068965e+03 2.921028e+08
1.369227e+06 1.069067e+03 2.920985e+08
1.369216e+06 1.069168e+03 2.920943e+08
1.369205e+06 1.069270e+03 2.920900e+08
1.369194e+06 1.069371e+03 2.920858e+08
1.369183e+06 1.069473e+03 2.920815e+08
1.369171e+06 1.069587e+03 2.920767e+08
1.369160e+06 1.069688e+03 2.920724e+08
1.369149e+06 1.069790e+03 2.920682e+08
1.369138e+06 1.069891e+03 2.920639e+08
1.369127e+06 1.069993e+03 2.920596e+08
1.369116e+06 1.070094e+03 2.920554e+08
1.369105e+06 1.070196e+03 2.920511e+08
1.369094e+06 1.070297e+03 2.920468e+08
1.369083e+06 1.070399e+03 2.920426e+08
1.369072e+06 1.070500e+03 2.920383e+08
1.369060e+06 1.070602e+03 2.920340e+08
1.369049e+06 1.070703e+03 2.920297e+08
1.369038e+06 1.070805e+03 2.920255e+08
1.369027e+06 1.070906e+03 2.920212e+08
1.369016e+06 1.071008e+03 2.920169e+08
1.369005e+06 1.071109e+03 2.920126e+08
1.368994e+06 1.071211e+03 2.920084e+08
1.368983e+06 1.071312e+03 2.920041e+08
1.368972e+06 1.071413e+03 2.919998e+08
1.368960e+06 1.071528e+03 2.919950e+08
1.368949e+06 1.071629e+03 2.919907e+08
1.368938e+06 1.071731e+03 2.919864e+08
1.368927e+06 1.071832e+03 2.919821e+08
1.368916e+06 1.071933e+03 2.919779e+08
1.368905e+06 1.072035e+03 2.919736e+08
1.368894e+06 1.072136e+03 2.919693e+08
1.368883e+06 1.072238e+03 2.919650e+08
1.368872e+06 1.072339e+03 2.919607e+08
1.368861e+06 1.072441e+03 2.919564e+08
1.368850e+06 1.072542e+03 2.919521e+08
1.368838e+06 1.072644e+03 2.919479e+08
1.368827e+06 1.072745e+03 2.919436e+08
1.368816e+06 1.072847e+03 2.919393e+08
1.368805e+06 1.072948e+03 2.919350e+08
1.368794e+06 1.073050e+03 2.919307e+08
1.368782e+06 1.073164e+03 2.919259e+08
1.368771e+06 1.073265e+03 2.919216e+08
1.368760e+06 1.073367e+03 2.919173e+08
1.368749e+06 1.073468e+03 2.919130e+08
1.368738e+06 1.073570e+03 2.919087e+08
1.368727e+06 1.073671e+03 2.919044e+08
1.368715e+06 1.073773e+03 2.919001e+08
1.368704e+06 1.073874e+03 2.918958e+08
1.368693e+06 1.073976e+03 2.918915e+08
1.368682e+06 1.074077e+03 2.918872e+08
1.368671e+06 1.074179e+03 2.918829e+08
1.368660e+06 1.074280e+03 2.918786e+08
1.368649e+06 1.074381e+03 2.918743e+08
1.368637e+06 1.074496e+03 2.918695e+08
1.368625e+06 1.074597e+03 2.918652e+08
1.368614e+06 1.074699e+03 2.918609e+08
1.368603e+06 1.074800e+03 2.918566e+08
1.368592e+06 1.074902e+03 2.918523e+08
1.368581e+06 1.075003e+03 2.918480e+08
1.368570e+06 1.075104e+03 2.918437e+08
1.368559e+06 1.075206e+03 2.918394e+08
1.368548e+06 1.075307e+03 2.918351e+08
1.368537e+06 1.075409e+03 2.918308e+08
1.368526e+06 1.075510e+03 2.918265e+08
1.368513e+06 1.075625e+03 2.918217e+08
1.368502e+06 1.075726e+03 2.918174e+08
1.368491e+06 1.075827e+03 2.918131e+08
1.368480e+06 1.075929e+03 2.918088e+08
1.368469e+06 1.076030e+03 2.918045e+08
1.368458e+06 1.076132e+03 2.918001e+08
1.368447e+06 1.076233e+03 2.917958e+08
1.368436e+06 1.076335e+03 2.917915e+08
1.368424e+06 1.076436e+03 2.917872e+08
1.368413e+06 1.076538e+03 2.917829e+08
1.368402e+06 1.076639e+03 2.917786e+08
1.368390e+06 1.076753e+03 2.917738e+08
1.368379e+06 1.076855e+03 2.917695e+08
1.368368e+06 1.076956e+03 2.917652e+08
1.368356e+06 1.077058e+03 2.917608e+08
1.368345e+06 1.077159e+03 2.917565e+08
1.368334e+06 1.077261e+03 2.917522e+08
1.368323e+06 1.077362e+03 2.917479e+08
1.368312e+06 1.077464e+03 2.917436e+08
1.368301e+06 1.077565e+03 2.917393e+08
1.368290e+06 1.077667e+03 2.917350e+08
1.368277e+06 1.077781e+03 2.917301e+08
1.368266e+06 1.077882e+03 2.917258e+08
1.368255e+06 1.077984e+03 2.917215e+08
1.368244e+06 1.078085e+03 2.917172e+08
1.368233e+06 1.078187e+03 2.917129e+08
1.368222e+06 1.078288e+03 2.917086e+08
1.368211e+06 1.078390e+03 2.917043e+08
1.368200e+06 1.078491e+03 2.917000e+08
1.368188e+06 1.078593e+03 2.916956e+08
1.368176e+06 1.078707e+03 2.916908e+08
1.368165e+06 1.078808e+03 2.916865e+08
1.368154e+06 1.078910e+03 2.916822e+08
1.368143e+06 1.079011e+03 2.916779e+08
1.368131e+06 1.079113e+03 2.916735e+08
1.368120e+06 1.079214e+03 2.916692e+08
1.368109e+06 1.079316e+03 2.916649e+08
1.368098e+06 1.079417e+03 2.916606e+08
1.368086e+06 1.079531e+03 2.916557e+08
1.368074e+06 1.079633e+03 2.916514e+08
1.368063e+06 1.079734e+03 2.916471e+08
1.368052e+06 1.079836e+03 2.916428e+08
1.368041e+06 1.079937e+03 2.916385e+08
1.368030e+06 1.080039e+03 2.916342e+08
1.368019e+06 1.080140e+03 2.916298e+08
1.368008e+06 1.080241e+03 2.916255e+08
1.367995e+06 1.080356e+03 2.916207e+08
1.367984e+06 1.080457e+03 2.916164e+08
1.367973e+06 1.080559e+03 2.916120e+08
1.367962e+06 1.080660e+03 2.916077e+08
1.367951e+06 1.080761e+03 2.916034e+08
1.367939e+06 1.080863e+03 2.915991e+08
1.367928e+06 1.080964e+03 2.915948e+08
1.367917e+06 1.081066e+03 2.915905e+08
1.367905e+06 1.081180e+03 2.915856e+08
1.367894e+06 1.081282e+03 2.915813e+08
1.367882e+06 1.081383e+03 2.915770e+08
1.367871e+06 1.081484e+03 2.915726e+08
1.367860e+06 1.081586e+03 2.915683e+08
1.367849e+06 1.081687e+03 2.915640e+08
1.367838e+06 1.081789e+03 2.915597e+08
1.367827e+06 1.081890e+03 2.915554e+08
1.367814e+06 1.082005e+03 2.915505e+08
1.367803e+06 1.082106e+03 2.915462e+08
1.367792e+06 1.082207e+03 2.915419e+08
1.367781e+06 1.082309e+03 2.915375e+08
1.367770e+06 1.082410e+03 2.915332e+08
1.367758e+06 1.082512e+03 2.915289e+08
1.367747e+06 1.082613e+03 2.915246e+08
1.367735e+06 1.082728e+03 2.915197e+08
1.367724e+06 1.082829e+03 2.915154e+08
1.367713e+06 1.082930e+03 2.915111e+08
1.367701e+06 1.083032e+03 2.915068e+08
1.367690e+06 1.083133e+03 2.915024e+08
1.367679e+06 1.083235e+03 2.914981e+08
1.367668e+06 1.083336e+03 2.914938e+08
1.367655e+06 1.083450e+03 2.914889e+08
1.367644e+06 1.083552e+03 2.914846e+08
1.367633e+06 1.083653e+03 2.914803e+08
1.367622e+06 1.083755e+03 2.914760e+08
1.367611e+06 1.083856e+03 2.914717e+08
1.367600e+06 1.083958e+03 2.914673e+08
1.367587e+06 1.084072e+03 2.914625e+08
1.367576e+06 1.084173e+03 2.914582e+08
1.367565e+06 1.084275e+03 2.914538e+08
1.367554e+06 1.084376e+03 2.914495e+08
1.367543e+06 1.084478e+03 2.914452e+08
1.367531e+06 1.084579e+03 2.914409e+08
1.367520e+06 1.084681e+03 2.914366e+08
1.367508e+06 1.084795e+03 2.914317e+08
1.367497e+06 1.084896e+03 2.914274e+08
1.367485e+06 1.084998e+03 2.914231e+08
1.367474e+06 1.085099e+03 2.914187e+08
1.367463e+06 1.085201e+03 2.914144e+08
1.367452e+06 1.085302e+03 2.914101e+08
1.367439e+06 1.085416e+03 2.914052e+08
1.367428e+06 1.085518e+03 2.914009e+08
1.367417e+06 1.085619e+03 2.913966e+08
1.367406e+06 1.085721e+03 2.913923e+08
1.367395e+06 1.085822e+03 2.913879e+08
1.367384e+06 1.085924e+03 2.913836e+08
1.367371e+06 1.086038e+03 2.913788e+08
1.367360e+06 1.086139e+03 2.913744e+08
1.367349e+06 1.086241e+03 2.913701e+08
1.367338e+06 1.086342e+03 2.913658e+08
1.367327e+06 1.086444e+03 2.913615e+08
1.367316e+06 1.086545e+03 2.913572e+08
1.367303e+06 1.086660e+03 2.913523e+08
1.367292e+06 1.086761e+03 2.913480e+08
1.367281e+06 1.086862e+03 2.913437e+08
1.367270e+06 1.086964e+03 2.913393e+08
1.367258e+06 1.087065e+03 2.913350e+08
1.367246e+06 1.087180e+03 2.913302e+08
1.367235e+06 1.087281e+03 2.913258e+08
1.367224e+06 1.087383e+03 2.913215e+08
1.367212e+06 1.087484e+03 2.913172e+08
1.367201e+06 1.087585e+03 2.913129e+08
1.367190e+06 1.087687e+03 2.913086e+08
1.367178e+06 1.087801e+03 2.913037e+08
1.367166e+06 1.087903e+03 2.912994e+08
1.367155e+06 1.088004e+03 2.912951e+08
1.367144e+06 1.088105e+03 2.912907e+08
1.367133e+06 1.088207e+03 2.912864e+08
1.367120e+06 1.088321e+03 2.912816e+08
1.367109e+06 1.088423e+03 2.912772e+08
1.367098e+06 1.088524e+03 2.912729e+08
1.367087e+06 1.088626e+03 2.912686e+08
1.367076e+06 1.088727e+03 2.912643e+08
1.367065e+06 1.088828e+03 2.912600e+08
1.367052e+06 1.088943e+03 2.912551e+08
1.367041e+06 1.089044e+03 2.912508e+08
1.367030e+06 1.089146e+03 2.912465e+08
1.367019e+06 1.089247e+03 2.912421e+08
1.367008e+06 1.089349e+03 2.912378e+08
1.366995e+06 1.089463e+03 2.912330e+08
1.366984e+06 1.089564e+03 2.912287e+08
1.366973e+06 1.089666e+03 2.912243e+08
1.366962e+06 1.089767e+03 2.912200e+08
1.366951e+06 1.089869e+03 2.912157e+08
1.366938e+06 1.089983e+03 2.912108e+08
1.366927e+06 1.090084e+03 2.912065e+08
1.366916e+06 1.090186e+03 2.912022e+08
1.366905e+06 1.090287e+03 2.911979e+08
1.366893e+06 1.090389e+03 2.911936e+08
1.366881e+06 1.090503e+03 2.911887e+08
1.366870e+06 1.090604e+03 2.911844e+08
1.366859e+06 1.090706e+03 2.911801e+08
1.366848e+06 1.090807e+03 2.911758e+08
1.366836e+06 1.090909e+03 2.911715e+08
1.366824e+06 1.091023e+03 2.911666e+08
1.366813e+06 1.091124e+03 2.911623e+08
1.366802e+06 1.091226e+03 2.911580e+08
1.366790e+06 1.091327e+03 2.911536e+08
1.366779e+06 1.091429e+03 2.911493e+08
1.366767e+06 1.091543e+03 2.911445e+08
1.366756e+06 1.091644e+03 2.911402e+08
1.366745e+06 1.091746e+03 2.911358e+08
1.366733e+06 1.091847e+03 2.911315e+08
1.366721e+06 1.091961e+03 2.911267e+08
1.366710e+06 1.092063e+03 2.911224e+08
1.366699e+06 1.092164e+03 2.911180e+08
1.366687e+06 1.092266e+03 2.911137e+08
1.366676e+06 1.092367e+03 2.911094e+08
1.366664e+06 1.092481e+03 2.911046e+08
1.366653e+06 1.092583e+03 2.911003e+08
1.366642e+06 1.092684e+03 2.910959e+08
1.366630e+06 1.092786e+03 2.910916e+08
1.366619e+06 1.092887e+03 2.910873e+08
1.366607e+06 1.093001e+03 2.910825e+08
1.366596e+06 1.093103e+03 2.910782e+08
1.366585e+06 1.093204e+03 2.910738e+08
1.366573e+06 1.093306e+03 2.910695e+08
1.366561e+06 1.093420e+03 2.910647e+08
1.366550e+06 1.093522e+03 2.910604e+08
1.366539e+06 1.093623e+03 2.910561e+08
1.366528e+06 1.093724e+03 2.910517e+08
1.366516e+06 1.093826e+03 2.910474e+08
1.366504e+06 1.093940e+03 2.910426e+08
1.366493e+06 1.094042e+03 2.910383e+08
1.366482e+06 1.094143e+03 2.910340e+08
1.366470e+06 1.094244e+03 2.910296e+08
1.366458e+06 1.094359e+03 2.910248e+08
1.366447e+06 1.094460e+03 2.910205e+08
1.366436e+06 1.094562e+03 2.910162e+08
1.366425e+06 1.094663e+03 2.910119e+08
1.366412e+06 1.094777e+03 2.910070e+08
1.366401e+06 1.094879e+03 2.910027e+08
1.366390e+06 1.094980e+03 2.909984e+08
1.366379e+06 1.095082e+03 2.909941e+08
1.366368e+06 1.095183e+03 2.909898e+08
1.366355e+06 1.095297e+03 2.909849e+08
1.366344e+06 1.095399e+03 2.909806e+08
1.366333e+06 1.095500e+03 2.909763e+08
1.366322e+06 1.095602e+03 2.909720e+08
1.366309e+06 1.095716e+03 2.909672e+08
1.366298e+06 1.095817e+03 2.909629e+08
1.366287e+06 1.095919e+03 2.909586e+08
1.366276e+06 1.096020e+03 2.909543e+08
1.366263e+06 1.096134e+03 2.909494e+08
1.366252e+06 1.096236e+03 2.909451e+08
1.366241e+06 1.096337e+03 2.909408e+08
1.366230e+06 1.096439e+03 2.909365e+08
1.366218e+06 1.096553e+03 2.909316e+08
1.366206e+06 1.096654e+03 2.909273e+08
1.366195e+06 1.096756e+03 2.909230e+08
1.366184e+06 1.096857e+03 2.909187e+08
1.366172e+06 1.096972e+03 2.909139e+08
1.366161e+06 1.097073e+03 2.909096e+08
1.366150e+06 1.097174e+03 2.909053e+08
1.366138e+06 1.097276e+03 2.909010e+08
1.366126e+06 1.097390e+03 2.908961e+08
1.366115e+06 1.097492e+03 2.908918e+08
1.366104e+06 1.097593e+03 2.908875e+08
1.366093e+06 1.097695e+03 2.908832e+08
1.366080e+06 1.097809e+03 2.908784e+08
1.366069e+06 1.097910e+03 2.908741e+08
1.366058e+06 1.098012e+03 2.908698e+08
1.366047e+06 1.098113e+03 2.908655e+08
1.366034e+06 1.098227e+03 2.908607e+08
1.366023e+06 1.098329e+03 2.908564e+08
1.366012e+06 1.098430e+03 2.908521e+08
1.366000e+06 1.098544e+03 2.908472e+08
1.365989e+06 1.098646e+03 2.908429e+08
1.365977e+06 1.098747e+03 2.908386e+08
1.365966e+06 1.098849e+03 2.908343e+08
1.365954e+06 1.098963e+03 2.908295e+08
1.365943e+06 1.099064e+03 2.908252e+08
1.365932e+06 1.099166e+03 2.908209e+08
1.365921e+06 1.099267e+03 2.908166e+08
1.365908e+06 1.099381e+03 2.908118e+08
1.365897e+06 1.099483e+03 2.908075e+08
1.365886e+06 1.099584e+03 2.908032e+08
1.365875e+06 1.099686e+03 2.907989e+08
1.365862e+06 1.099800e+03 2.907940e+08
1.365851e+06 1.099902e+03 2.907897e+08
1.365840e+06 1.100003e+03 2.907854e+08
1.364788e+06 1.109516e+03 2.903779e+08
1.364101e+06 1.115858e+03 2.901121e+08
1.363078e+06 1.125371e+03 2.897164e+08
1.362401e+06 1.131713e+03 2.894545e+08
1.361392e+06 1.141226e+03 2.890648e+08
1.360724e+06 1.147568e+03 2.888070e+08
1.359731e+06 1.157081e+03 2.884234e+08
1.358746e+06 1.166594e+03 2.880436e+08
1.358095e+06 1.172936e+03 2.877924e+08
1.357125e+06 1.182448e+03 2.874187e+08
1.356484e+06 1.188790e+03 2.871716e+08
1.355529e+06 1.198303e+03 2.868038e+08
1.354582e+06 1.207816e+03 2.864396e+08
1.353956e+06 1.214158e+03 2.861987e+08
1.353024e+06 1.223671e+03 2.858402e+08
1.352099e+06 1.233184e+03 2.854851e+08
1.351488e+06 1.239526e+03 2.852502e+08
1.350577e+06 1.249039e+03 2.849006e+08
1.349674e+06 1.258552e+03 2.845541e+08
1.348779e+06 1.268065e+03 2.842108e+08
1.347891e+06 1.277578e+03 2.838707e+08
1.347304e+06 1.283920e+03 2.836456e+08
1.346429e+06 1.293433e+03 2.833105e+08
1.345561e+06 1.302946e+03 2.829783e+08
1.344700e+06 1.312459e+03 2.826491e+08
1.343847e+06 1.321972e+03 2.823228e+08
1.343000e+06 1.331484e+03 2.819993e+08
1.342160e+06 1.340997e+03 2.816786e+08
1.341327e+06 1.350510e+03 2.813606e+08
1.340501e+06 1.360023e+03 2.810454e+08
1.339681e+06 1.369536e+03 2.807328e+08
1.338868e+06 1.379049e+03 2.804228e+08
1.338061e+06 1.388562e+03 2.801154e+08
1.337260e+06 1.398075e+03 2.798106e+08
1.336466e+06 1.407588e+03 2.795082e+08
1.335678e+06 1.417101e+03 2.792083e+08
1.334895e+06 1.426614e+03 2.789109e+08
1.334119e+06 1.436127e+03 2.786158e+08
1.333093e+06 1.448811e+03 2.782261e+08
1.332330e+06 1.458324e+03 2.779365e+08
1.331573e+06 1.467837e+03 2.776492e+08
1.330821e+06 1.477350e+03 2.773641e+08
1.329828e+06 1.490033e+03 2.769874e+08
1.329089e+06 1.499546e+03 2.767075e+08
1.328089e+06 1.512230e+03 2.763291e+08
1.327362e+06 1.521743e+03 2.760539e+08
1.326640e+06 1.531256e+03 2.757807e+08
1.325923e+06 1.540769e+03 2.755095e+08
1.324503e+06 1.559795e+03 2.749729e+08
1.323800e+06 1.569308e+03 2.747075e+08
1.323102e+06 1.578821e+03 2.744440e+08
1.322409e+06 1.588334e+03 2.741825e+08
1.321720e+06 1.597847e+03 2.739228e+08
1.321036e+06 1.607360e+03 2.736651e+08
1.319683e+06 1.626386e+03 2.731550e+08
1.319013e+06 1.635898e+03 2.729028e+08
1.318347e+06 1.645411e+03 2.726523e+08
1.317686e+06 1.654924e+03 2.724035e+08
1.317029e+06 1.664437e+03 2.721565e+08
1.315728e+06 1.683463e+03 2.716676e+08
1.315084e+06 1.692976e+03 2.714257e+08
1.314444e+06 1.702489e+03 2.711855e+08
1.313808e+06 1.712002e+03 2.709468e+08
1.312548e+06 1.731028e+03 2.704744e+08
1.311924e+06 1.740541e+03 2.702406e+08
1.311305e+06 1.750054e+03 2.700083e+08
1.310076e+06 1.769080e+03 2.695483e+08
1.309468e+06 1.778593e+03 2.693206e+08
1.308863e+06 1.788105e+03 2.690943e+08
1.308262e+06 1.797618e+03 2.688696e+08
1.307071e+06 1.816644e+03 2.684243e+08
1.306481e+06 1.826157e+03 2.682038e+08
1.305894e+06 1.835670e+03 2.679847e+08
1.304731e+06 1.854696e+03 2.675506e+08
1.304154e+06 1.864209e+03 2.673356e+08
1.303011e+06 1.883235e+03 2.669094e+08
1.302444e+06 1.892748e+03 2.666983e+08
1.301881e+06 1.902261e+03 2.664884e+08
1.300764e+06 1.921287e+03 2.660726e+08
1.300210e+06 1.930800e+03 2.658666e+08
1.299112e+06 1.949825e+03 2.654582e+08
1.298568e+06 1.959338e+03 2.652558e+08
1.298026e+06 1.968851e+03 2.650547e+08
1.296952e+06 1.987877e+03 2.646559e+08
1.296420e+06 1.997390e+03 2.644582e+08
1.294998e+06 2.022758e+03 2.639307e+08
1.294129e+06 2.038613e+03 2.636086e+08
1.293268e+06 2.054468e+03 2.632894e+08
1.292414e+06 2.070323e+03 2.629732e+08
1.291567e+06 2.086178e+03 2.626599e+08
1.290728e+06 2.102032e+03 2.623495e+08
1.289896e+06 2.117887e+03 2.620420e+08
1.289071e+06 2.133742e+03 2.617373e+08
1.288254e+06 2.149597e+03 2.614353e+08
1.287443e+06 2.165452e+03 2.611361e+08
1.286639e+06 2.181307e+03 2.608396e+08
1.285842e+06 2.197162e+03 2.605457e+08
1.285052e+06 2.213017e+03 2.602544e+08
1.284268e+06 2.228872e+03 2.599657e+08
1.283491e+06 2.244726e+03 2.596795e+08
1.282720e+06 2.260581e+03 2.593958e+08
1.281955e+06 2.276436e+03 2.591145e+08
1.281197e+06 2.292291e+03 2.588356e+08
1.280444e+06 2.308146e+03 2.585591e+08
1.279698e+06 2.324001e+03 2.582849e+08
1.278957e+06 2.339856e+03 2.580130e+08
1.278222e+06 2.355711e+03 2.577434e+08
1.277493e+06 2.371566e+03 2.574761e+08
1.276770e+06 2.387421e+03 2.572109e+08
1.276052e+06 2.403275e+03 2.569479e+08
1.275340e+06 2.419130e+03 2.566871e+08
1.274633e+06 2.434985e+03 2.564283e+08
1.273932e+06 2.450840e+03 2.561717e+08
1.273236e+06 2.466695e+03 2.559171e+08
1.272545e+06 2.482550e+03 2.556645e+08
1.271859e+06 2.498405e+03 2.554139e+08
1.271179e+06 2.514260e+03 2.551652e+08
1.270503e+06 2.530115e+03 2.549186e+08
1.269832e+06 2.545970e+03 2.546738e+08
1.269167e+06 2.561824e+03 2.544309e+08
1.268506e+06 2.577679e+03 2.541899e+08
1.267849e+06 2.593534e+03 2.539507e+08
1.267198e+06 2.609389e+03 2.537133e+08
1.266551e+06 2.625244e+03 2.534777e+08
1.265271e+06 2.656954e+03 2.530118e+08
1.264637e+06 2.672809e+03 2.527814e+08
1.264008e+06 2.688664e+03 2.525527e+08
1.263384e+06 2.704518e+03 2.523257e+08
1.262763e+06 2.720373e+03 2.521003e+08
1.261535e+06 2.752083e+03 2.516545e+08
1.260928e+06 2.767938e+03 2.514340e+08
1.260324e+06 2.783793e+03 2.512150e+08
1.259724e+06 2.799648e+03 2.509976e+08
1.259129e+06 2.815503e+03 2.507817e+08
1.257949e+06 2.847213e+03 2.503545e+08
1.257365e+06 2.863067e+03 2.501431e+08
1.256785e+06 2.878922e+03 2.499332e+08
1.255636e+06 2.910632e+03 2.495177e+08
1.255067e+06 2.926487e+03 2.493120e+08
1.254502e+06 2.942342e+03 2.491077e+08
1.253940e+06 2.958197e+03 2.489048e+08
1.252827e+06 2.989907e+03 2.485031e+08
1.252276e+06 3.005761e+03 2.483042e+08
1.251729e+06 3.021616e+03 2.481066e+08
1.250643e+06 3.053326e+03 2.477154e+08
1.250106e+06 3.069181e+03 2.475217e+08
1.249571e+06 3.085036e+03 2.473293e+08
1.248512e+06 3.116746e+03 2.469481e+08
1.247988e+06 3.132601e+03 2.467593e+08
1.246948e+06 3.164310e+03 2.463854e+08
1.246433e+06 3.180165e+03 2.462002e+08
1.245920e+06 3.196020e+03 2.460161e+08
1.244905e+06 3.227730e+03 2.456515e+08
1.244402e+06 3.243585e+03 2.454709e+08
1.243404e+06 3.275295e+03 2.451129e+08
1.242909e+06 3.291150e+03 2.449355e+08
1.241928e+06 3.322859e+03 2.445840e+08
1.241442e+06 3.338714e+03 2.444097e+08
1.240959e+06 3.354569e+03 2.442366e+08
1.240000e+06 3.386279e+03 2.438933e+08
1.239524e+06 3.402134e+03 2.437231e+08
1.238581e+06 3.433844e+03 2.433858e+08
1.238113e+06 3.449699e+03 2.432186e+08
1.237185e+06 3.481408e+03 2.428872e+08
1.236268e+06 3.513118e+03 2.425596e+08
1.235813e+06 3.528973e+03 2.423972e+08
1.234910e+06 3.560683e+03 2.420752e+08
1.234463e+06 3.576538e+03 2.419156e+08
1.233575e+06 3.608248e+03 2.415990e+08
1.233134e+06 3.624102e+03 2.414420e+08
1.232260e+06 3.655812e+03 2.411307e+08
1.231395e+06 3.687522e+03 2.408228e+08
1.230965e+06 3.703377e+03 2.406701e+08
1.230114e+06 3.735087e+03 2.403673e+08
1.229271e+06 3.766797e+03 2.400677e+08
1.228852e+06 3.782651e+03 2.399191e+08
1.228022e+06 3.814361e+03 2.396243e+08
1.227200e+06 3.846071e+03 2.393326e+08
1.226793e+06 3.861926e+03 2.391879e+08
1.225983e+06 3.893636e+03 2.389008e+08
1.225181e+06 3.925345e+03 2.386166e+08
1.224783e+06 3.941200e+03 2.384757e+08
1.223994e+06 3.972910e+03 2.381959e+08
1.223211e+06 4.004620e+03 2.379190e+08
1.222437e+06 4.036330e+03 2.376450e+08
1.221669e+06 4.068040e+03 2.373737e+08
1.221288e+06 4.083894e+03 2.372390e+08
1.220532e+06 4.115604e+03 2.369718e+08
1.219783e+06 4.147314e+03 2.367072e+08
1.219041e+06 4.179024e+03 2.364452e+08
1.218305e+06 4.210734e+03 2.361858e+08
1.217577e+06 4.242443e+03 2.359289e+08
1.217215e+06 4.258298e+03 2.358014e+08
1.216496e+06 4.290008e+03 2.355482e+08
1.215784e+06 4.321718e+03 2.352974e+08
1.215079e+06 4.353428e+03 2.350490e+08
1.214379e+06 4.385137e+03 2.348030e+08
1.213686e+06 4.416847e+03 2.345593e+08
1.213000e+06 4.448557e+03 2.343178e+08
1.212319e+06 4.480267e+03 2.340786e+08
1.211644e+06 4.511977e+03 2.338416e+08
1.210975e+06 4.543686e+03 2.336068e+08
1.210312e+06 4.575396e+03 2.333741e+08
1.209654e+06 4.607106e+03 2.331435e+08
1.209003e+06 4.638816e+03 2.329150e+08
1.208356e+06 4.670526e+03 2.326886e+08
1.207716e+06 4.702235e+03 2.324641e+08
1.207080e+06 4.733945e+03 2.322417e+08
1.206450e+06 4.765655e+03 2.320212e+08
1.205825e+06 4.797365e+03 2.318026e+08
1.204898e+06 4.844929e+03 2.314783e+08
1.204286e+06 4.876639e+03 2.312645e+08
1.203679e+06 4.908349e+03 2.310525e+08
1.203077e+06 4.940059e+03 2.308423e+08
1.202480e+06 4.971769e+03 2.306338e+08
1.201887e+06 5.003478e+03 2.304272e+08
1.201008e+06 5.051043e+03 2.301204e+08
1.200427e+06 5.082753e+03 2.299181e+08
1.199851e+06 5.114463e+03 2.297174e+08
1.199280e+06 5.146172e+03 2.295183e+08
1.198431e+06 5.193737e+03 2.292229e+08
1.197870e+06 5.225447e+03 2.290279e+08
1.197314e+06 5.257157e+03 2.288345e+08
1.196488e+06 5.304721e+03 2.285473e+08
1.195943e+06 5.336431e+03 2.283577e+08
1.195401e+06 5.368141e+03 2.281697e+08
1.194597e+06 5.415706e+03 2.278905e+08
1.194066e+06 5.447415e+03 2.277061e+08
1.193276e+06 5.494980e+03 2.274323e+08
1.192755e+06 5.526690e+03 2.272516e+08
1.192237e+06 5.558400e+03 2.270722e+08
1.191468e+06 5.605964e+03 2.268057e+08
1.190960e+06 5.637674e+03 2.266298e+08
1.190204e+06 5.685239e+03 2.263683e+08
1.189705e+06 5.716949e+03 2.261957e+08
1.188964e+06 5.764513e+03 2.259391e+08
1.188474e+06 5.796223e+03 2.257697e+08
1.187745e+06 5.843788e+03 2.255180e+08
1.187024e+06 5.891353e+03 2.252690e+08
1.186548e+06 5.923062e+03 2.251046e+08
1.185839e+06 5.970627e+03 2.248601e+08
1.185138e+06 6.018192e+03 2.246184e+08
1.184675e+06 6.049902e+03 2.244587e+08
1.183986e+06 6.097466e+03 2.242212e+08
1.183304e+06 6.145031e+03 2.239863e+08
1.182853e+06 6.176741e+03 2.238311e+08
1.182183e+06 6.224305e+03 2.236002e+08
1.181519e+06 6.271870e+03 2.233718e+08
1.180861e+06 6.319435e+03 2.231458e+08
1.180427e+06 6.351145e+03 2.229964e+08
1.179780e+06 6.398709e+03 2.227743e+08
1.179140e+06 6.446274e+03 2.225544e+08
1.178506e+06 6.493839e+03 2.223367e+08
1.177878e+06 6.541403e+03 2.221213e+08
1.177257e+06 6.588968e+03 2.219081e+08
1.176642e+06 6.636533e+03 2.216971e+08
1.176235e+06 6.668242e+03 2.215576e+08
1.175629e+06 6.715807e+03 2.213501e+08
1.175029e+06 6.763372e+03 2.211447e+08
1.174435e+06 6.810937e+03 2.209413e+08
1.173846e+06 6.858501e+03 2.207399e+08
1.173263e+06 6.906066e+03 2.205404e+08
1.172494e+06 6.969485e+03 2.202776e+08
1.171924e+06 7.017050e+03 2.200826e+08
1.171359e+06 7.064615e+03 2.198896e+08
1.170799e+06 7.112180e+03 2.196983e+08
1.170244e+06 7.159744e+03 2.195090e+08
1.169694e+06 7.207309e+03 2.193214e+08
1.169149e+06 7.254874e+03 2.191355e+08
1.168430e+06 7.318293e+03 2.188905e+08
1.167897e+06 7.365858e+03 2.187087e+08
1.167368e+06 7.413423e+03 2.185286e+08
1.166844e+06 7.460987e+03 2.183502e+08
1.166153e+06 7.524407e+03 2.181148e+08
1.165639e+06 7.571972e+03 2.179402e+08
1.165131e+06 7.619536e+03 2.177671e+08
1.164459e+06 7.682956e+03 2.175388e+08
1.163961e+06 7.730521e+03 2.173694e+08
1.163302e+06 7.793940e+03 2.171458e+08
1.162814e+06 7.841505e+03 2.169799e+08
1.162169e+06 7.904924e+03 2.167610e+08
1.161690e+06 7.952489e+03 2.165985e+08
1.161057e+06 8.015909e+03 2.163840e+08
1.160588e+06 8.063473e+03 2.162248e+08
1.159968e+06 8.126893e+03 2.160147e+08
1.159507e+06 8.174458e+03 2.158587e+08
1.158899e+06 8.237877e+03 2.156528e+08
1.158298e+06 8.301297e+03 2.154492e+08
1.157851e+06 8.348861e+03 2.152980e+08
1.157261e+06 8.412281e+03 2.150985e+08
1.156677e+06 8.475701e+03 2.149012e+08
1.156244e+06 8.523265e+03 2.147547e+08
1.155671e+06 8.586685e+03 2.145612e+08
1.155105e+06 8.650104e+03 2.143699e+08
1.154544e+06 8.713524e+03 2.141807e+08
1.153990e+06 8.776944e+03 2.139936e+08
1.153441e+06 8.840363e+03 2.138085e+08
1.152898e+06 8.903783e+03 2.136255e+08
1.152361e+06 8.967202e+03 2.134444e+08
1.151962e+06 9.014767e+03 2.133099e+08
1.151434e+06 9.078187e+03 2.131322e+08
1.150782e+06 9.157461e+03 2.129127e+08
1.150267e+06 9.220881e+03 2.127393e+08
1.149757e+06 9.284300e+03 2.125677e+08
1.149252e+06 9.347720e+03 2.123979e+08
1.148752e+06 9.411139e+03 2.122298e+08
1.148257e+06 9.474559e+03 2.120636e+08
1.147768e+06 9.537979e+03 2.118990e+08
1.147162e+06 9.617253e+03 2.116957e+08
1.146683e+06 9.680673e+03 2.115350e+08
1.146209e+06 9.744092e+03 2.113759e+08
1.145740e+06 9.807512e+03 2.112184e+08
1.145159e+06 9.886786e+03 2.110238e+08
1.144700e+06 9.950206e+03 2.108699e+08
1.144086e+06 1.003582e+04 2.106639e+08
1.143614e+06 1.010241e+04 2.105061e+08
1.143148e+06 1.016900e+04 2.103499e+08
1.142686e+06 1.023559e+04 2.101953e+08
1.142229e+06 1.030218e+04 2.100424e+08
1.141626e+06 1.039097e+04 2.098409e+08
1.141180e+06 1.045756e+04 2.096916e+08
1.140738e+06 1.052415e+04 2.095438e+08
1.140155e+06 1.061294e+04 2.093491e+08
1.139723e+06 1.067953e+04 2.092048e+08
1.139295e+06 1.074612e+04 2.090620e+08
1.138732e+06 1.083491e+04 2.088738e+08
1.138314e+06 1.090150e+04 2.087343e+08
1.137762e+06 1.099029e+04 2.085505e+08
1.137354e+06 1.105688e+04 2.084142e+08
1.136815e+06 1.114567e+04 2.082347e+08
1.136416e+06 1.121226e+04 2.081015e+08
1.135889e+06 1.130104e+04 2.079261e+08
1.135498e+06 1.136763e+04 2.077960e+08
1.134983e+06 1.145642e+04 2.076245e+08
1.134601e+06 1.152301e+04 2.074973e+08
1.134097e+06 1.161180e+04 2.073296e+08
1.133599e+06 1.170059e+04 2.071642e+08
1.133230e+06 1.176718e+04 2.070414e+08
1.132743e+06 1.185596e+04 2.068796e+08
1.132262e+06 1.194475e+04 2.067198e+08
1.131787e+06 1.203354e+04 2.065621e+08
1.131318e+06 1.212233e+04 2.064063e+08
1.130970e+06 1.218892e+04 2.062908e+08
1.130511e+06 1.227770e+04 2.061384e+08
1.130057e+06 1.236649e+04 2.059879e+08
1.129609e+06 1.245528e+04 2.058393e+08
1.129166e+06 1.254407e+04 2.056925e+08
1.128728e+06 1.263285e+04 2.055475e+08
1.128296e+06 1.272164e+04 2.054043e+08
1.127868e+06 1.281043e+04 2.052628e+08
1.127446e+06 1.289922e+04 2.051230e+08
1.127029e+06 1.298800e+04 2.049849e+08
1.126617e+06 1.307679e+04 2.048485e+08
1.126209e+06 1.316558e+04 2.047136e+08
1.125706e+06 1.327656e+04 2.045474e+08
1.125309e+06 1.336535e+04 2.044161e+08
1.124917e+06 1.345414e+04 2.042865e+08
1.124529e+06 1.354293e+04 2.041583e+08
1.124050e+06 1.365391e+04 2.040002e+08
1.123672e+06 1.374270e+04 2.038754e+08
1.123298e+06 1.383148e+04 2.037520e+08
1.122837e+06 1.394247e+04 2.035998e+08
1.122473e+06 1.403126e+04 2.034797e+08
1.122112e+06 1.412004e+04 2.033609e+08
1.121668e+06 1.423103e+04 2.032143e+08
1.121317e+06 1.431982e+04 2.030986e+08
1.120883e+06 1.443080e+04 2.029558e+08
1.120456e+06 1.454178e+04 2.028150e+08
1.120118e+06 1.463057e+04 2.027038e+08
1.119701e+06 1.474156e+04 2.025666e+08
1.119372e+06 1.483034e+04 2.024582e+08
1.118965e+06 1.494133e+04 2.023244e+08
1.118564e+06 1.505231e+04 2.021925e+08
1.118169e+06 1.516330e+04 2.020624e+08
1.117856e+06 1.525208e+04 2.019596e+08
1.117470e+06 1.536307e+04 2.018328e+08
1.117089e+06 1.547405e+04 2.017078e+08
1.116714e+06 1.558504e+04 2.015844e+08
1.116343e+06 1.569602e+04 2.014628e+08
1.115978e+06 1.580700e+04 2.013428e+08
1.115617e+06 1.591799e+04 2.012245e+08
1.115262e+06 1.602897e+04 2.011077e+08
1.114911e+06 1.613996e+04 2.009926e+08
1.114564e+06 1.625094e+04 2.008790e+08
1.114223e+06 1.636193e+04 2.007670e+08
1.113819e+06 1.649511e+04 2.006346e+08
1.113487e+06 1.660609e+04 2.005258e+08
1.113159e+06 1.671708e+04 2.004185e+08
1.112836e+06 1.682806e+04 2.003126e+08
1.112454e+06 1.696124e+04 2.001875e+08
1.112140e+06 1.707223e+04 2.000847e+08
1.111830e+06 1.718321e+04 1.999833e+08
1.111463e+06 1.731639e+04 1.998633e+08
1.111162e+06 1.742737e+04 1.997648e+08
1.110806e+06 1.756056e+04 1.996483e+08
1.110455e+06 1.769374e+04 1.995336e+08
1.110173e+06 1.780472e+04 1.994393e+08
1.109842e+06 1.793790e+04 1.993278e+08
1.109569e+06 1.804889e+04 1.992361e+08
1.109247e+06 1.818207e+04 1.991277e+08
1.108929e+06 1.831525e+04 1.990210e+08
1.108616e+06 1.844843e+04 1.989159e+08
1.108308e+06 1.858161e+04 1.988124e+08
1.108055e+06 1.869260e+04 1.987274e+08
1.107755e+06 1.882578e+04 1.986269e+08
1.107460e+06 1.895896e+04 1.985278e+08
1.107170e+06 1.909214e+04 1.984303e+08
1.106883e+06 1.922532e+04 1.983342e+08
1.106601e+06 1.935850e+04 1.982396e+08
1.106277e+06 1.951388e+04 1.981310e+08
1.106004e+06 1.964706e+04 1.980395e+08
1.105735e+06 1.978024e+04 1.979493e+08
1.105470e+06 1.991342e+04 1.978605e+08
1.105166e+06 2.006880e+04 1.977586e+08
1.104909e+06 2.020198e+04 1.976726e+08
1.104657e+06 2.033516e+04 1.975879e+08
1.104366e+06 2.049054e+04 1.974907e+08
1.104121e+06 2.062372e+04 1.974088e+08
1.103840e+06 2.077910e+04 1.973146e+08
1.103603e+06 2.091228e+04 1.972353e+08
1.103331e+06 2.106766e+04 1.971441e+08
1.103063e+06 2.122304e+04 1.970546e+08
1.102837e+06 2.135622e+04 1.969790e+08
1.102577e+06 2.151160e+04 1.968923e+08
1.102322e+06 2.166697e+04 1.968070e+08
1.102071e+06 2.182235e+04 1.967231e+08
1.101825e+06 2.197773e+04 1.966407e+08
1.101582e+06 2.213311e+04 1.965597e+08
1.101344e+06 2.228849e+04 1.964800e+08
1.101109e+06 2.244386e+04 1.964017e+08
1.100879e+06 2.259924e+04 1.963247e+08
1.100652e+06 2.275462e+04 1.962490e+08
1.100429e+06 2.291000e+04 1.961746e+08
1.100178e+06 2.308757e+04 1.960910e+08
1.099963e+06 2.324295e+04 1.960192e+08
1.099752e+06 2.339833e+04 1.959486e+08
1.099514e+06 2.357590e+04 1.958693e+08
1.099310e+06 2.373128e+04 1.958012e+08
1.099080e+06 2.390886e+04 1.957247e+08
1.098883e+06 2.406423e+04 1.956590e+08
1.098662e+06 2.424181e+04 1.955851e+08
1.098444e+06 2.441938e+04 1.955127e+08
1.098257e+06 2.457476e+04 1.954505e+08
1.098047e+06 2.475234e+04 1.953805e+08
1.097842e+06 2.492991e+04 1.953119e+08
1.097639e+06 2.510749e+04 1.952446e+08
1.097441e+06 2.528506e+04 1.951785e+08
1.097246e+06 2.546264e+04 1.951137e+08
1.097055e+06 2.564021e+04 1.950500e+08
1.096867e+06 2.581779e+04 1.949876e+08
1.096683e+06 2.599536e+04 1.949263e+08
1.096502e+06 2.617294e+04 1.948661e+08
1.096303e+06 2.637271e+04 1.947997e+08
1.096129e+06 2.655028e+04 1.947418e+08
1.095958e+06 2.672786e+04 1.946850e+08
1.095769e+06 2.692763e+04 1.946224e+08
1.095605e+06 2.710520e+04 1.945678e+08
1.095424e+06 2.730498e+04 1.945075e+08
1.095246e+06 2.750475e+04 1.944485e+08
1.095092e+06 2.768232e+04 1.943971e+08
1.094921e+06 2.788209e+04 1.943403e+08
1.094754e+06 2.808186e+04 1.942847e+08
1.094590e+06 2.828164e+04 1.942303e+08
1.094429e+06 2.848141e+04 1.941769e+08
1.094272e+06 2.868118e+04 1.941247e+08
1.094118e+06 2.888095e+04 1.940735e+08
1.093966e+06 2.908072e+04 1.940233e+08
1.093818e+06 2.928050e+04 1.939741e+08
1.093657e+06 2.950246e+04 1.939207e+08
1.093516e+06 2.970224e+04 1.938736e+08
1.093377e+06 2.990201e+04 1.938275e+08
1.093225e+06 3.012398e+04 1.937773e+08
1.093092e+06 3.032375e+04 1.937331e+08
1.092947e+06 3.054572e+04 1.936851e+08
1.092806e+06 3.076768e+04 1.936381e+08
1.092681e+06 3.096746e+04 1.935967e+08
1.092545e+06 3.118942e+04 1.935517e+08
1.092412e+06 3.141139e+04 1.935076e+08
1.092283e+06 3.163336e+04 1.934646e+08
1.092156e+06 3.185533e+04 1.934225e+08
1.092032e+06 3.207730e+04 1.933813e+08
1.091910e+06 3.229927e+04 1.933411e+08
1.091780e+06 3.254343e+04 1.932978e+08
1.091664e+06 3.276540e+04 1.932594e+08
1.091550e+06 3.298737e+04 1.932218e+08
1.091429e+06 3.323154e+04 1.931815e+08
1.091320e+06 3.345350e+04 1.931456e+08
1.091204e+06 3.369767e+04 1.931071e+08
1.091091e+06 3.394183e+04 1.930695e+08
1.090990e+06 3.416380e+04 1.930361e+08
1.090881e+06 3.440797e+04 1.930002e+08
1.090776e+06 3.465213e+04 1.929652e+08
1.090672e+06 3.489630e+04 1.929310e+08
1.090572e+06 3.514046e+04 1.928976e+08
1.090473e+06 3.538463e+04 1.928651e+08
1.090377e+06 3.562880e+04 1.928333e+08
1.090275e+06 3.589516e+04 1.927995e+08
1.090184e+06 3.613932e+04 1.927693e+08
1.090087e+06 3.640569e+04 1.927371e+08
1.090000e+06 3.664985e+04 1.927084e+08
1.089908e+06 3.691621e+04 1.926779e+08
1.089825e+06 3.716038e+04 1.926506e+08
1.089738e+06 3.742674e+04 1.926215e+08
1.089652e+06 3.769310e+04 1.925932e+08
1.089569e+06 3.795947e+04 1.925657e+08
1.089488e+06 3.822583e+04 1.925388e+08
1.089409e+06 3.849219e+04 1.925127e+08
1.089332e+06 3.875855e+04 1.924872e+08
1.089250e+06 3.904711e+04 1.924603e+08
1.089178e+06 3.931347e+04 1.924362e+08
1.089106e+06 3.957984e+04 1.924127e+08
1.089032e+06 3.986839e+04 1.923880e+08
1.088959e+06 4.015695e+04 1.923639e+08
1.088893e+06 4.042332e+04 1.923422e+08
1.088824e+06 4.071188e+04 1.923194e+08
1.088757e+06 4.100043e+04 1.922973e+08
1.088692e+06 4.128899e+04 1.922757e+08
1.088629e+06 4.157755e+04 1.922548e+08
1.088567e+06 4.186611e+04 1.922344e+08
1.088503e+06 4.217687e+04 1.922131e+08
1.088445e+06 4.246543e+04 1.921939e+08
1.088388e+06 4.275399e+04 1.921752e+08
1.088329e+06 4.306474e+04 1.921557e+08
1.088272e+06 4.337550e+04 1.921367e+08
1.088220e+06 4.366406e+04 1.921197e+08
1.088166e+06 4.397481e+04 1.921018e+08
1.088114e+06 4.428557e+04 1.920844e+08
1.088063e+06 4.459632e+04 1.920676e+08
1.088013e+06 4.490708e+04 1.920513e+08
1.087962e+06 4.524003e+04 1.920343e+08
1.087916e+06 4.555079e+04 1.920190e+08
1.087871e+06 4.586155e+04 1.920041e+08
1.087824e+06 4.619450e+04 1.919887e+08
1.087779e+06 4.652745e+04 1.919737e+08
1.087738e+06 4.683821e+04 1.919602e+08
1.087695e+06 4.717116e+04 1.919462e+08
1.087654e+06 4.750411e+04 1.919326e+08
1.087614e+06 4.783707e+04 1.919194e+08
1.087575e+06 4.817002e+04 1.919066e+08
1.087536e+06 4.852517e+04 1.918935e+08
1.087499e+06 4.885812e+04 1.918815e+08
1.087465e+06 4.919107e+04 1.918700e+08
1.087428e+06 4.954622e+04 1.918581e+08
1.087394e+06 4.990137e+04 1.918466e+08
1.087361e+06 5.024067e+04 1.918359e+08
1.087327e+06 5.061167e+04 1.918247e+08
1.087297e+06 5.095414e+04 1.918147e+08
1.087265e+06 5.132514e+04 1.918042e+08
1.087237e+06 5.166761e+04 1.917948e+08
1.087207e+06 5.203861e+04 1.917850e+08
1.087179e+06 5.240962e+04 1.917756e+08
1.087151e+06 5.278062e+04 1.917665e+08
1.087124e+06 5.315163e+04 1.917577e+08
1.087099e+06 5.352263e+04 1.917492e+08
1.087074e+06 5.389364e+04 1.917410e+08
1.087050e+06 5.426464e+04 1.917331e+08
1.087025e+06 5.466418e+04 1.917249e+08
1.087003e+06 5.503519e+04 1.917176e+08
1.086980e+06 5.543473e+04 1.917100e+08
1.086958e+06 5.583427e+04 1.917026e+08
1.086938e+06 5.620528e+04 1.916961e+08
1.086917e+06 5.660482e+04 1.916893e+08
1.086898e+06 5.700437e+04 1.916828e+08
1.086878e+06 5.740391e+04 1.916765e+08
1.086860e+06 5.780345e+04 1.916704e+08
1.086841e+06 5.823154e+04 1.916642e+08
1.086824e+06 5.863108e+04 1.916586e+08
1.086808e+06 5.903062e+04 1.916532e+08
1.086791e+06 5.945870e+04 1.916477e+08
1.086775e+06 5.988679e+04 1.916424e+08
1.086761e+06 6.028633e+04 1.916376e+08
1.086746e+06 6.071441e+04 1.916327e+08
1.086732e+06 6.114249e+04 1.916280e+08
1.086718e+06 6.157058e+04 1.916235e+08
1.086705e+06 6.199866e+04 1.916191e+08
1.086691e+06 6.245528e+04 1.916147e+08
1.086679e+06 6.288336e+04 1.916107e+08
1.086667e+06 6.333998e+04 1.916066e+08
1.086656e+06 6.376806e+04 1.916030e+08
1.086645e+06 6.422469e+04 1.915992e+08
1.086634e+06 6.468131e+04 1.915957e+08
1.086623e+06 6.513793e+04 1.915922e+08
1.086613e+06 6.559455e+04 1.915890e+08
1.086604e+06 6.605117e+04 1.915858e+08
1.086595e+06 6.650779e+04 1.915828e+08
1.086586e+06 6.699295e+04 1.915798e+08
1.086577e+06 6.744957e+04 1.915770e+08
1.086569e+06 6.793473e+04 1.915743e+08
1.086561e+06 6.839135e+04 1.915718e+08
1.086554e+06 6.887651e+04 1.915692e+08
1.086546e+06 6.936167e+04 1.915668e+08
1.086539e+06 6.984683e+04 1.915645e+08
1.086532e+06 7.036053e+04 1.915621e+08
1.086526e+06 7.084569e+04 1.915600e+08
1.086520e+06 7.133085e+04 1.915580e+08
1.086514e+06 7.184455e+04 1.915560e+08
1.086508e+06 7.235825e+04 1.915541e+08
1.086502e+06 7.287195e+04 1.915522e+08
1.086497e+06 7.338564e+04 1.915505e+08
1.086492e+06 7.389934e+04 1.915488e+08
1.086487e+06 7.441304e+04 1.915472e+08
1.086482e+06 7.492674e+04 1.915457e+08
1.086478e+06 7.546898e+04 1.915442e+08
1.086474e+06 7.598268e+04 1.915428e+08
1.086470e+06 7.652491e+04 1.915415e+08
1.086466e+06 7.706715e+04 1.915402e+08
1.086462e+06 7.760939e+04 1.915389e+08
1.086458e+06 7.815163e+04 1.915378e+08
1.086455e+06 7.869386e+04 1.915367e+08
1.086452e+06 7.926464e+04 1.915356e+08
1.086449e+06 7.980688e+04 1.915346e+08
1.086446e+06 8.037765e+04 1.915336e+08
1.086443e+06 8.094843e+04 1.915326e+08
1.086440e+06 8.151921e+04 1.915317e+08
1.086437e+06 8.208998e+04 1.915309e+08
1.086435e+06 8.266076e+04 1.915301e+08
1.086433e+06 8.323154e+04 1.915293e+08
1.086430e+06 8.383085e+04 1.915286e+08
1.086428e+06 8.440163e+04 1.915279e+08
1.086426e+06 8.500094e+04 1.915272e+08
1.086424e+06 8.560026e+04 1.915266e+08
1.086423e+06 8.619957e+04 1.915260e+08
1.086421e+06 8.682743e+04 1.915254e+08
1.086419e+06 8.742674e+04 1.915249e+08
1.086418e+06 8.805459e+04 1.915244e+08
1.086416e+06 8.865391e+04 1.915239e+08
1.086415e+06 8.928176e+04 1.915234e+08
1.086413e+06 8.990962e+04 1.915230e+08
1.086412e+06 9.053747e+04 1.915226e+08
1.086411e+06 9.119386e+04 1.915222e+08
1.086410e+06 9.182172e+04 1.915218e+08
1.086409e+06 9.247811e+04 1.915214e+08
1.086408e+06 9.313450e+04 1.915211e+08
1.086407e+06 9.376236e+04 1.915208e+08
1.086406e+06 9.444729e+04 1.915205e+08
1.086405e+06 9.510368e+04 1.915202e+08
1.086404e+06 9.576007e+04 1.915199e+08
1.086404e+06 9.644501e+04 1.915197e+08
1.086403e+06 9.712994e+04 1.915194e+08
1.086402e+06 9.781487e+04 1.915192e+08
1.086401e+06 9.849980e+04 1.915190e+08
1.086401e+06 9.918473e+04 1.915188e+08
1.086400e+06 9.986966e+04 1.915186e+08
1.086400e+06 1.005831e+05 1.915184e+08
1.086399e+06 1.012807e+05 1.915183e+08
1.086399e+06 1.020101e+05 1.915181e+08
1.086398e+06 1.027394e+05 1.915180e+08
1.086398e+06 1.034370e+05 1.915178e+08
1.086398e+06 1.041663e+05 1.915177e+08
1.086397e+06 1.048957e+05 1.915176e+08
1.086397e+06 1.056567e+05 1.915175e+08
1.086396e+06 1.063860e+05 1.915174e+08
1.086396e+06 1.071471e+05 1.915173e+08
1.086396e+06 1.079081e+05 1.915172e+08
1.086396e+06 1.086374e+05 1.915171e+08
1.086395e+06 1.094302e+05 1.915170e+08
1.086395e+06 1.101912e+05 1.915169e+08
1.086395e+06 1.109522e+05 1.915168e+08
1.086395e+06 1.117450e+05 1.915168e+08
1.086395e+06 1.125377e+05 1.915167e+08
1.086394e+06 1.133305e+05 1.915167e+08
1.086394e+06 1.141232e+05 1.915166e+08
1.086394e+06 1.149160e+05 1.915165e+08
1.086394e+06 1.157404e+05 1.915165e+08
1.086394e+06 1.165332e+05 1.915165e+08
1.086394e+06 1.173576e+05 1.915164e+08
1.086393e+06 1.181821e+05 1.915164e+08
1.086393e+06 1.190065e+05 1.915163e+08
1.086393e+06 1.198627e+05 1.915163e+08
1.086393e+06 1.206871e+05 1.915163e+08
1.086393e+06 1.215433e+05 1.915162e+08
1.086393e+06 1.223995e+05 1.915162e+08
1.086393e+06 1.232556e+05 1.915162e+08
1.086393e+06 1.241435e+05 1.915162e+08
1.086393e+06 1.249997e+05 1.915161e+08
1.086393e+06 1.258875e+05 1.915161e+08
1.086393e+06 1.267754e+05 1.915161e+08
1.086393e+06 1.276633e+05 1.915161e+08
1.086393e+06 1.285512e+05 1.915161e+08
1.086393e+06 1.294708e+05 1.915161e+08
1.086393e+06 1.303903e+05 1.915160e+08
1.086392e+06 1.313099e+05 1.915160e+08
1.086392e+06 1.322295e+05 1.915160e+08
1.086392e+06 1.331491e+05 1.915160e+08
1.086392e+06 1.341004e+05 1.915160e+08
1.086392e+06 1.350200e+05 1.915160e+08
1.086392e+06 1.359713e+05 1.915160e+08
1.086392e+06 1.369226e+05 1.915160e+08
1.086392e+06 1.379056e+05 1.915160e+08
1.086392e+06 1.388569e+05 1.915160e+08
1.086392e+06 1.398399e+05 1.915160e+08
1.086392e+06 1.408229e+05 1.915160e+08
1.086392e+06 1.418059e+05 1.915160e+08
1.086392e+06 1.428206e+05 1.915159e+08
1.086392e+06 1.438353e+05 1.915159e+08
1.086392e+06 1.448500e+05 1.915159e+08
1.086392e+06 1.458647e+05 1.915159e+08
1.086392e+06 1.468794e+05 1.915159e+08
1.086392e+06 1.479259e+05 1.915159e+08
1.086392e+06 1.489406e+05 1.915159e+08
1.086392e+06 1.499870e+05 1.915159e+08
1.086392e+06 1.510651e+05 1.915159e+08
1.086392e+06 1.521115e+05 1.915159e+08
1.086392e+06 1.531897e+05 1.915159e+08
1.086392e+06 1.542678e+05 1.915159e+08
1.086392e+06 1.553459e+05 1.915159e+08
1.086392e+06 1.564558e+05 1.915159e+08
1.086392e+06 1.575339e+05 1.915159e+08
1.086392e+06 1.586438e+05 1.915159e+08
1.086392e+06 1.597853e+05 1.915159e+08
1.086392e+06 1.608952e+05 1.915159e+08
1.086392e+06 1.620367e+05 1.915159e+08
1.086392e+06 1.631783e+05 1.915159e+08
1.086392e+06 1.643198e+05 1.915159e+08
1.086392e+06 1.654614e+05 1.915159e+08
1.086392e+06 1.666346e+05 1.915159e+08
1.086392e+06 1.678079e+05 1.915159e+08
1.086392e+06 1.689812e+05 1.915159e+08
1.086392e+06 1.701861e+05 1.915159e+08
1.086392e+06 1.713911e+05 1.915159e+08
1.086392e+06 1.725961e+05 1.915159e+08
1.086392e+06 1.738010e+05 1.915159e+08
1.086392e+06 1.750060e+05 1.915159e+08
1.086392e+06 1.762427e+05 1.915159e+08
1.086392e+06 1.774794e+05 1.915159e+08
1.086392e+06 1.787478e+05 1.915159e+08
1.086392e+06 1.799845e+05 1.915159e+08
1.086392e+06 1.812528e+05 1.915159e+08
1.086392e+06 1.825529e+05 1.915159e+08
1.086392e+06 1.838213e+05 1.915159e+08
1.086392e+06 1.851214e+05 1.915159e+08
1.086392e+06 1.864215e+05 1.915159e+08
1.086392e+06 1.877216e+05 1.915159e+08
1.086392e+06 1.890535e+05 1.915159e+08
1.086392e+06 1.903853e+05 1.915159e+08
1.086392e+06 1.917171e+05 1.915159e+08
1.086392e+06 1.930806e+05 1.915159e+08
1.086392e+06 1.944124e+05 1.915159e+08
1.086392e+06 1.958076e+05 1.915159e+08
1.086392e+06 1.971712e+05 1.915159e+08
1.086392e+06 1.985664e+05 1.915159e+08
1.086392e+06 1.999616e+05 1.915159e+08
1.086392e+06 2.013569e+05 1.915159e+08
1.086392e+06 2.027838e+05 1.915159e+08
1.086392e+06 2.042107e+05 1.915159e+08
1.086392e+06 2.056377e+05 1.915159e+08
1.086392e+06 2.070963e+05 1.915159e+08
1.086392e+06 2.085550e+05 1.915159e+08
1.086392e+06 2.100136e+05 1.915159e+08
