1.118964e+07 3.170979e-07 1.233751e+10
1.117069e+07 6.341958e-07 1.230039e+10
1.115231e+07 9.512938e-07 1.226447e+10
1.113449e+07 1.268392e-06 1.222966e+10
1.111719e+07 1.585490e-06 1.219591e+10
1.110038e+07 1.902588e-06 1.216315e+10
1.108404e+07 2.219685e-06 1.213134e+10
1.106814e+07 2.536783e-06 1.210044e+10
1.105267e+07 2.853881e-06 1.207040e+10
1.103760e+07 3.170979e-06 1.204116e+10
1.102291e+07 3.488077e-06 1.201270e+10
1.100858e+07 3.805175e-06 1.198497e+10
1.099460e+07 4.122273e-06 1.195793e+10
1.098095e+07 4.439371e-06 1.193156e+10
1.096762e+07 4.756469e-06 1.190582e+10
1.095458e+07 5.073567e-06 1.188069e+10
1.094184e+07 5.390665e-06 1.185614e+10
1.092937e+07 5.707763e-06 1.183214e+10
1.091716e+07 6.024860e-06 1.180867e+10
1.090521e+07 6.341958e-06 1.178571e+10
1.089351e+07 6.659056e-06 1.176323e+10
1.088203e+07 6.976154e-06 1.174122e+10
1.087078e+07 7.293252e-06 1.171966e+10
1.085975e+07 7.610350e-06 1.169853e+10
1.084893e+07 7.927448e-06 1.167782e+10
1.083831e+07 8.244546e-06 1.165751e+10
1.082788e+07 8.561644e-06 1.163758e+10
1.081764e+07 8.878742e-06 1.161802e+10
1.080757e+07 9.195840e-06 1.159883e+10
1.079769e+07 9.512938e-06 1.157998e+10
1.078797e+07 9.830036e-06 1.156146e+10
1.077841e+07 1.014713e-05 1.154327e+10
1.076901e+07 1.046423e-05 1.152539e+10
1.075977e+07 1.078133e-05 1.150781e+10
1.075067e+07 1.109843e-05 1.149052e+10
1.074172e+07 1.141553e-05 1.147352e+10
1.073290e+07 1.173262e-05 1.145679e+10
1.072422e+07 1.204972e-05 1.144033e+10
1.071567e+07 1.236682e-05 1.142413e+10
1.070725e+07 1.268392e-05 1.140818e+10
1.069895e+07 1.300101e-05 1.139247e+10
1.069078e+07 1.331811e-05 1.137700e+10
1.068272e+07 1.363521e-05 1.136176e+10
1.067477e+07 1.395231e-05 1.134674e+10
1.066693e+07 1.426941e-05 1.133194e+10
1.065920e+07 1.458650e-05 1.131735e+10
1.065157e+07 1.490360e-05 1.130297e+10
1.064405e+07 1.522070e-05 1.128878e+10
1.063663e+07 1.553780e-05 1.127480e+10
1.062930e+07 1.585490e-05 1.126100e+10
1.062207e+07 1.617199e-05 1.124738e+10
1.061493e+07 1.648909e-05 1.123395e+10
1.060787e+07 1.680619e-05 1.122069e+10
1.060091e+07 1.712329e-05 1.120760e+10
1.059403e+07 1.744039e-05 1.119468e+10
1.058724e+07 1.775748e-05 1.118192e+10
1.058052e+07 1.807458e-05 1.116933e+10
1.057389e+07 1.839168e-05 1.115688e+10
1.056733e+07 1.870878e-05 1.114459e+10
1.056085e+07 1.902588e-05 1.113245e+10
1.055445e+07 1.934297e-05 1.112045e+10
1.054811e+07 1.966007e-05 1.110860e+10
1.054185e+07 1.997717e-05 1.109688e+10
1.053566e+07 2.029427e-05 1.108529e+10
1.052953e+07 2.061136e-05 1.107384e+10
1.052346e+07 2.092846e-05 1.106250e+10
1.051746e+07 2.124556e-05 1.105129e+10
1.051152e+07 2.156266e-05 1.104020e+10
1.050564e+07 2.187976e-05 1.102923e+10
1.049982e+07 2.219685e-05 1.101837e+10
1.049405e+07 2.251395e-05 1.100762e+10
1.048835e+07 2.283105e-05 1.099698e+10
1.048270e+07 2.314815e-05 1.098646e+10
1.047710e+07 2.346525e-05 1.097604e+10
1.047156e+07 2.378234e-05 1.096572e+10
1.046607e+07 2.409944e-05 1.095550e+10
1.046063e+07 2.441654e-05 1.094539e+10
1.045524e+07 2.473364e-05 1.093538e+10
1.044991e+07 2.505074e-05 1.092546e+10
1.044462e+07 2.536783e-05 1.091563e+10
1.043938e+07 2.568493e-05 1.090590e+10
1.043418e+07 2.600203e-05 1.089626e+10
1.042904e+07 2.631913e-05 1.088671e+10
1.042394e+07 2.663623e-05 1.087725e+10
1.041888e+07 2.695332e-05 1.086788e+10
1.041387e+07 2.727042e-05 1.085859e+10
1.037528e+07 2.980720e-05 1.078719e+10
1.032616e+07 3.329528e-05 1.069660e+10
1.028104e+07 3.678336e-05 1.061368e+10
1.023208e+07 4.090563e-05 1.052401e+10
1.018052e+07 4.566210e-05 1.042996e+10
1.013042e+07 5.073567e-05 1.033891e+10
1.007907e+07 5.644343e-05 1.024596e+10
1.002720e+07 6.278539e-05 1.015245e+10
9.975273e+06 6.976154e-05 1.005920e+10
9.923366e+06 7.737189e-05 9.966363e+09
9.868031e+06 8.625063e-05 9.867813e+09
9.813972e+06 9.576357e-05 9.771949e+09
9.758152e+06 1.065449e-04 9.673392e+09
9.701459e+06 1.185946e-04 9.573740e+09
9.645822e+06 1.315956e-04 9.476385e+09
9.587590e+06 1.464992e-04 9.374955e+09
9.528891e+06 1.629883e-04 9.273194e+09
9.470185e+06 1.810629e-04 9.171908e+09
9.409456e+06 2.013572e-04 9.067643e+09
9.346601e+06 2.241882e-04 8.960278e+09
9.283259e+06 2.492390e-04 8.852647e+09
9.218527e+06 2.771436e-04 8.743243e+09
9.152418e+06 3.082192e-04 8.632125e+09
9.084536e+06 3.427829e-04 8.518674e+09
9.015034e+06 3.811517e-04 8.403198e+09
8.942958e+06 4.239599e-04 8.284172e+09
8.868070e+06 4.715246e-04 8.161291e+09
8.790257e+06 5.244800e-04 8.034462e+09
8.709946e+06 5.831431e-04 7.904472e+09
8.625889e+06 6.487823e-04 7.769413e+09
8.538778e+06 7.213978e-04 7.630524e+09
8.447356e+06 8.022577e-04 7.485939e+09
8.351292e+06 8.923135e-04 7.335319e+09
8.250696e+06 9.925165e-04 7.179029e+09
8.122908e+06 1.126966e-03 6.982619e+09
8.009954e+06 1.253805e-03 6.810996e+09
7.903118e+06 1.380644e-03 6.650390e+09
7.777532e+06 1.539193e-03 6.463744e+09
7.659833e+06 1.697742e-03 6.290932e+09
7.527408e+06 1.888001e-03 6.098951e+09
7.383626e+06 2.109970e-03 5.893458e+09
7.250045e+06 2.331938e-03 5.705310e+09
7.108404e+06 2.585616e-03 5.508731e+09
6.945785e+06 2.902714e-03 5.286763e+09
6.797131e+06 3.219812e-03 5.087359e+09
6.647570e+06 3.568620e-03 4.890117e+09
6.487011e+06 3.980847e-03 4.682173e+09
6.330867e+06 4.424784e-03 4.483745e+09
6.179787e+06 4.900431e-03 4.295341e+09
6.025808e+06 5.439498e-03 4.106970e+09
5.864207e+06 6.073694e-03 3.913259e+09
5.713486e+06 6.739599e-03 3.736292e+09
5.560618e+06 7.500634e-03 3.560471e+09
5.414354e+06 8.325089e-03 3.395726e+09
5.265760e+06 9.276383e-03 3.231863e+09
5.122101e+06 1.032281e-02 3.076806e+09
4.969636e+06 1.159120e-02 2.915892e+09
4.837808e+06 1.285959e-02 2.779816e+09
4.695655e+06 1.444508e-02 2.636279e+09
4.573455e+06 1.603057e-02 2.515560e+09
4.467053e+06 1.761606e-02 2.412467e+09
4.355940e+06 1.951865e-02 2.306830e+09
4.244325e+06 2.173833e-02 2.202805e+09
4.135463e+06 2.427511e-02 2.103374e+09
4.042079e+06 2.681190e-02 2.019686e+09
3.942336e+06 2.998288e-02 1.931911e+09
3.849285e+06 3.347095e-02 1.851557e+09
3.769907e+06 3.695903e-02 1.784193e+09
3.689568e+06 4.108130e-02 1.717130e+09
3.611045e+06 4.583777e-02 1.652673e+09
3.540104e+06 5.091134e-02 1.595369e+09
3.472335e+06 5.661910e-02 1.541456e+09
3.408698e+06 6.296106e-02 1.491570e+09
3.349417e+06 6.993721e-02 1.445746e+09
3.292492e+06 7.786466e-02 1.402335e+09
3.240705e+06 8.642631e-02 1.363345e+09
3.190629e+06 9.625634e-02 1.326102e+09
3.134105e+06 1.095745e-01 1.284607e+09
3.100233e+06 1.190874e-01 1.260018e+09
3.052969e+06 1.349423e-01 1.226010e+09
3.021466e+06 1.476262e-01 1.203569e+09
2.988096e+06 1.634811e-01 1.179995e+09
2.954930e+06 1.825070e-01 1.156769e+09
2.923380e+06 2.047038e-01 1.134863e+09
2.897593e+06 2.269007e-01 1.117094e+09
2.873450e+06 2.522685e-01 1.100570e+09
2.851453e+06 2.808073e-01 1.085609e+09
2.833666e+06 3.093461e-01 1.073577e+09
2.816263e+06 3.442269e-01 1.061862e+09
2.800283e+06 3.854496e-01 1.051154e+09
2.787940e+06 4.266724e-01 1.042916e+09
2.776955e+06 4.742371e-01 1.035608e+09
2.767506e+06 5.281437e-01 1.029340e+09
2.759558e+06 5.883923e-01 1.024081e+09
2.753216e+06 6.518119e-01 1.019893e+09
2.747640e+06 7.247444e-01 1.016216e+09
2.742792e+06 8.071899e-01 1.013025e+09
2.738681e+06 8.959773e-01 1.010323e+09
2.734883e+06 9.974486e-01 1.007828e+09
2.730495e+06 1.127459e+00 1.004950e+09
2.726936e+06 1.254298e+00 1.002618e+09
2.723892e+06 1.381137e+00 1.000626e+09
2.720617e+06 1.539686e+00 9.984836e+08
2.717746e+06 1.698235e+00 9.966079e+08
2.714675e+06 1.888494e+00 9.946032e+08
2.711463e+06 2.110462e+00 9.925082e+08
2.708554e+06 2.332431e+00 9.906124e+08
2.705167e+06 2.617819e+00 9.884068e+08
2.702093e+06 2.903207e+00 9.864075e+08
2.698975e+06 3.220305e+00 9.843812e+08
2.695831e+06 3.569113e+00 9.823393e+08
2.692427e+06 3.981340e+00 9.801314e+08
2.689066e+06 4.425277e+00 9.779534e+08
2.685538e+06 4.932634e+00 9.756694e+08
2.682087e+06 5.471700e+00 9.734373e+08
2.678521e+06 6.074186e+00 9.711335e+08
2.674704e+06 6.771802e+00 9.686700e+08
2.670850e+06 7.532837e+00 9.661848e+08
2.666972e+06 8.357291e+00 9.636881e+08
2.662803e+06 9.308585e+00 9.610063e+08
2.656029e+06 1.064040e+01 9.566563e+08
2.652292e+06 1.159169e+01 9.542604e+08
2.647596e+06 1.286008e+01 9.512529e+08
2.641881e+06 1.444557e+01 9.475988e+08
2.636162e+06 1.603106e+01 9.439485e+08
2.630296e+06 1.761655e+01 9.402104e+08
2.621602e+06 1.983624e+01 9.346826e+08
2.612115e+06 2.205592e+01 9.286668e+08
2.601600e+06 2.427561e+01 9.220191e+08
2.586301e+06 2.712949e+01 9.123840e+08
2.568795e+06 2.998337e+01 9.014135e+08
2.544229e+06 3.347145e+01 8.861172e+08
2.513279e+06 3.727662e+01 8.670090e+08
2.474991e+06 4.139889e+01 8.436239e+08
2.428568e+06 4.583827e+01 8.156470e+08
2.366822e+06 5.122893e+01 7.790406e+08
2.297220e+06 5.693669e+01 7.386082e+08
2.219098e+06 6.327865e+01 6.943587e+08
2.136362e+06 7.025481e+01 6.488131e+08
2.050388e+06 7.818225e+01 6.029304e+08
1.969690e+06 8.674390e+01 5.612165e+08
1.893147e+06 9.657393e+01 5.228715e+08
1.827104e+06 1.073553e+02 4.906981e+08
1.771473e+06 1.194050e+02 4.642145e+08
1.726302e+06 1.327231e+02 4.431898e+08
1.689483e+06 1.476267e+02 4.263725e+08
1.659431e+06 1.641158e+02 4.128598e+08
1.633903e+06 1.825075e+02 4.015334e+08
1.611269e+06 2.031188e+02 3.916074e+08
1.590714e+06 2.259499e+02 3.826885e+08
1.571699e+06 2.510006e+02 3.745191e+08
1.553340e+06 2.792223e+02 3.667058e+08
1.534476e+06 3.128347e+02 3.587533e+08
1.517560e+06 3.477155e+02 3.516880e+08
1.501351e+06 3.857672e+02 3.449764e+08
1.484791e+06 4.301609e+02 3.381786e+08
1.469240e+06 4.777256e+02 3.318492e+08
1.454599e+06 5.284613e+02 3.259393e+08
1.439260e+06 5.887099e+02 3.197977e+08
1.424408e+06 6.553005e+02 3.138684e+08
1.410154e+06 7.282330e+02 3.081774e+08
1.395909e+06 8.106784e+02 3.025370e+08
1.382320e+06 8.994659e+02 2.972004e+08
1.368687e+06 1.000000e+03 2.918891e+08
1.368675e+06 1.000095e+03 2.918846e+08
1.368663e+06 1.000191e+03 2.918799e+08
1.368651e+06 1.000286e+03 2.918753e+08
1.368640e+06 1.000382e+03 2.918707e+08
1.368628e+06 1.000477e+03 2.918664e+08
1.368618e+06 1.000573e+03 2.918622e+08
1.368608e+06 1.000668e+03 2.918583e+08
1.368598e+06 1.000764e+03 2.918546e+08
1.368589e+06 1.000859e+03 2.918512e+08
1.368581e+06 1.000955e+03 2.918480e+08
1.368573e+06 1.001051e+03 2.918450e+08
1.368566e+06 1.001146e+03 2.918421e+08
1.368559e+06 1.001241e+03 2.918395e+08
1.368552e+06 1.001338e+03 2.918369e+08
1.368546e+06 1.001433e+03 2.918344e+08
1.368540e+06 1.001528e+03 2.918321e+08
1.368534e+06 1.001623e+03 2.918298e+08
1.368528e+06 1.001720e+03 2.918275e+08
1.368523e+06 1.001815e+03 2.918253e+08
1.368517e+06 1.001910e+03 2.918232e+08
1.368511e+06 1.002007e+03 2.918210e+08
1.368506e+06 1.002102e+03 2.918189e+08
1.368501e+06 1.002197e+03 2.918167e+08
1.368495e+06 1.002292e+03 2.918146e+08
1.368490e+06 1.002389e+03 2.918125e+08
1.368484e+06 1.002484e+03 2.918103e+08
1.368479e+06 1.002579e+03 2.918082e+08
1.368473e+06 1.002676e+03 2.918060e+08
1.368467e+06 1.002771e+03 2.918038e+08
1.368462e+06 1.002866e+03 2.918017e+08
1.368456e+06 1.002963e+03 2.917994e+08
1.368450e+06 1.003058e+03 2.917972e+08
1.368444e+06 1.003153e+03 2.917949e+08
1.368438e+06 1.003250e+03 2.917926e+08
1.368432e+06 1.003345e+03 2.917903e+08
1.368426e+06 1.003442e+03 2.917879e+08
1.368420e+06 1.003537e+03 2.917856e+08
1.368414e+06 1.003632e+03 2.917832e+08
1.368408e+06 1.003729e+03 2.917807e+08
1.368401e+06 1.003824e+03 2.917783e+08
1.368395e+06 1.003921e+03 2.917758e+08
1.368389e+06 1.004016e+03 2.917733e+08
1.368382e+06 1.004111e+03 2.917708e+08
1.368375e+06 1.004208e+03 2.917682e+08
1.368369e+06 1.004303e+03 2.917656e+08
1.368362e+06 1.004400e+03 2.917630e+08
1.368355e+06 1.004495e+03 2.917604e+08
1.368348e+06 1.004591e+03 2.917577e+08
1.368341e+06 1.004687e+03 2.917550e+08
1.368334e+06 1.004783e+03 2.917523e+08
1.368327e+06 1.004878e+03 2.917496e+08
1.368320e+06 1.004974e+03 2.917468e+08
1.368313e+06 1.005070e+03 2.917440e+08
1.368306e+06 1.005165e+03 2.917412e+08
1.368299e+06 1.005262e+03 2.917384e+08
1.368291e+06 1.005357e+03 2.917356e+08
1.368284e+06 1.005454e+03 2.917327e+08
1.368276e+06 1.005549e+03 2.917298e+08
1.368269e+06 1.005646e+03 2.917269e+08
1.368261e+06 1.005741e+03 2.917239e+08
1.368254e+06 1.005838e+03 2.917210e+08
1.368246e+06 1.005933e+03 2.917180e+08
1.368238e+06 1.006029e+03 2.917150e+08
1.368230e+06 1.006126e+03 2.917120e+08
1.368223e+06 1.006221e+03 2.917090e+08
1.368215e+06 1.006318e+03 2.917059e+08
1.368207e+06 1.006413e+03 2.917028e+08
1.368199e+06 1.006510e+03 2.916997e+08
1.368191e+06 1.006605e+03 2.916967e+08
1.368183e+06 1.006702e+03 2.916935e+08
1.368175e+06 1.006797e+03 2.916904e+08
1.368167e+06 1.006894e+03 2.916872e+08
1.368158e+06 1.006990e+03 2.916840e+08
1.368150e+06 1.007085e+03 2.916809e+08
1.368142e+06 1.007182e+03 2.916776e+08
1.368134e+06 1.007277e+03 2.916745e+08
1.368125e+06 1.007374e+03 2.916712e+08
1.368117e+06 1.007471e+03 2.916679e+08
1.368109e+06 1.007566e+03 2.916647e+08
1.368100e+06 1.007662e+03 2.916614e+08
1.368092e+06 1.007759e+03 2.916581e+08
1.368083e+06 1.007854e+03 2.916548e+08
1.368075e+06 1.007951e+03 2.916515e+08
1.368066e+06 1.008048e+03 2.916481e+08
1.368057e+06 1.008143e+03 2.916448e+08
1.368049e+06 1.008240e+03 2.916414e+08
1.368040e+06 1.008336e+03 2.916380e+08
1.368031e+06 1.008431e+03 2.916347e+08
1.368022e+06 1.008528e+03 2.916313e+08
1.368014e+06 1.008625e+03 2.916278e+08
1.368005e+06 1.008720e+03 2.916245e+08
1.367996e+06 1.008817e+03 2.916210e+08
1.367987e+06 1.008913e+03 2.916175e+08
1.367978e+06 1.009009e+03 2.916141e+08
1.367969e+06 1.009105e+03 2.916106e+08
1.367960e+06 1.009202e+03 2.916071e+08
1.367951e+06 1.009299e+03 2.916036e+08
1.367942e+06 1.009394e+03 2.916002e+08
1.367933e+06 1.009491e+03 2.915966e+08
1.367924e+06 1.009587e+03 2.915931e+08
1.367915e+06 1.009684e+03 2.915896e+08
1.367906e+06 1.009779e+03 2.915861e+08
1.367897e+06 1.009876e+03 2.915825e+08
1.367887e+06 1.009973e+03 2.915789e+08
1.367878e+06 1.010071e+03 2.915753e+08
1.367869e+06 1.010166e+03 2.915717e+08
1.367860e+06 1.010261e+03 2.915682e+08
1.367850e+06 1.010359e+03 2.915645e+08
1.367841e+06 1.010455e+03 2.915609e+08
1.367832e+06 1.010553e+03 2.915572e+08
1.367822e+06 1.010648e+03 2.915536e+08
1.367813e+06 1.010743e+03 2.915501e+08
1.367803e+06 1.010841e+03 2.915463e+08
1.367794e+06 1.010937e+03 2.915427e+08
1.367784e+06 1.011035e+03 2.915390e+08
1.367775e+06 1.011130e+03 2.915354e+08
1.367766e+06 1.011225e+03 2.915317e+08
1.367756e+06 1.011323e+03 2.915280e+08
1.367747e+06 1.011419e+03 2.915243e+08
1.367737e+06 1.011517e+03 2.915205e+08
1.367727e+06 1.011612e+03 2.915169e+08
1.367718e+06 1.011710e+03 2.915131e+08
1.367708e+06 1.011805e+03 2.915094e+08
1.367698e+06 1.011904e+03 2.915056e+08
1.367689e+06 1.011999e+03 2.915019e+08
1.367679e+06 1.012094e+03 2.914982e+08
1.367669e+06 1.012192e+03 2.914944e+08
1.367660e+06 1.012287e+03 2.914907e+08
1.367650e+06 1.012386e+03 2.914868e+08
1.367640e+06 1.012481e+03 2.914831e+08
1.367630e+06 1.012579e+03 2.914792e+08
1.367621e+06 1.012674e+03 2.914755e+08
1.367611e+06 1.012773e+03 2.914716e+08
1.367601e+06 1.012868e+03 2.914679e+08
1.367591e+06 1.012966e+03 2.914640e+08
1.367581e+06 1.013061e+03 2.914602e+08
1.367571e+06 1.013159e+03 2.914563e+08
1.367562e+06 1.013255e+03 2.914526e+08
1.367551e+06 1.013353e+03 2.914486e+08
1.367542e+06 1.013448e+03 2.914449e+08
1.367532e+06 1.013543e+03 2.914411e+08
1.367522e+06 1.013641e+03 2.914371e+08
1.367512e+06 1.013737e+03 2.914333e+08
1.367502e+06 1.013835e+03 2.914294e+08
1.367492e+06 1.013933e+03 2.914254e+08
1.367482e+06 1.014028e+03 2.914216e+08
1.367472e+06 1.014127e+03 2.914177e+08
1.367462e+06 1.014222e+03 2.914138e+08
1.367451e+06 1.014320e+03 2.914099e+08
1.367442e+06 1.014415e+03 2.914060e+08
1.367431e+06 1.014513e+03 2.914020e+08
1.367421e+06 1.014609e+03 2.913982e+08
1.367411e+06 1.014707e+03 2.913942e+08
1.367401e+06 1.014802e+03 2.913903e+08
1.367391e+06 1.014900e+03 2.913863e+08
1.367381e+06 1.014995e+03 2.913825e+08
1.367370e+06 1.015094e+03 2.913784e+08
1.367360e+06 1.015189e+03 2.913746e+08
1.367350e+06 1.015287e+03 2.913705e+08
1.367340e+06 1.015382e+03 2.913666e+08
1.367330e+06 1.015481e+03 2.913626e+08
1.367319e+06 1.015579e+03 2.913586e+08
1.367309e+06 1.015674e+03 2.913547e+08
1.367299e+06 1.015772e+03 2.913506e+08
1.367289e+06 1.015867e+03 2.913467e+08
1.367278e+06 1.015966e+03 2.913427e+08
1.367268e+06 1.016061e+03 2.913387e+08
1.367257e+06 1.016159e+03 2.913347e+08
1.367247e+06 1.016254e+03 2.913307e+08
1.367237e+06 1.016353e+03 2.913267e+08
1.367226e+06 1.016451e+03 2.913226e+08
1.367216e+06 1.016546e+03 2.913186e+08
1.367206e+06 1.016644e+03 2.913146e+08
1.367195e+06 1.016739e+03 2.913106e+08
1.367185e+06 1.016838e+03 2.913065e+08
1.367174e+06 1.016936e+03 2.913024e+08
1.367164e+06 1.017031e+03 2.912984e+08
1.367153e+06 1.017129e+03 2.912943e+08
1.367143e+06 1.017225e+03 2.912904e+08
1.367133e+06 1.017323e+03 2.912863e+08
1.367122e+06 1.017421e+03 2.912821e+08
1.367112e+06 1.017516e+03 2.912781e+08
1.367101e+06 1.017615e+03 2.912740e+08
1.367091e+06 1.017710e+03 2.912700e+08
1.367080e+06 1.017808e+03 2.912659e+08
1.367069e+06 1.017906e+03 2.912618e+08
1.367059e+06 1.018001e+03 2.912578e+08
1.367048e+06 1.018100e+03 2.912536e+08
1.367038e+06 1.018198e+03 2.912495e+08
1.367027e+06 1.018293e+03 2.912455e+08
1.367017e+06 1.018392e+03 2.912413e+08
1.367006e+06 1.018490e+03 2.912371e+08
1.366996e+06 1.018585e+03 2.912331e+08
1.366985e+06 1.018683e+03 2.912289e+08
1.366974e+06 1.018778e+03 2.912249e+08
1.366964e+06 1.018877e+03 2.912207e+08
1.366953e+06 1.018975e+03 2.912166e+08
1.366942e+06 1.019070e+03 2.912125e+08
1.366932e+06 1.019168e+03 2.912083e+08
1.366921e+06 1.019267e+03 2.912042e+08
1.366910e+06 1.019362e+03 2.912001e+08
1.366900e+06 1.019460e+03 2.911959e+08
1.366889e+06 1.019558e+03 2.911917e+08
1.366878e+06 1.019654e+03 2.911877e+08
1.366867e+06 1.019752e+03 2.911835e+08
1.366857e+06 1.019850e+03 2.911793e+08
1.366846e+06 1.019945e+03 2.911752e+08
1.366835e+06 1.020044e+03 2.911710e+08
1.366824e+06 1.020142e+03 2.911668e+08
1.366813e+06 1.020240e+03 2.911625e+08
1.366803e+06 1.020335e+03 2.911585e+08
1.366792e+06 1.020434e+03 2.911542e+08
1.366781e+06 1.020532e+03 2.911500e+08
1.366771e+06 1.020627e+03 2.911459e+08
1.366760e+06 1.020725e+03 2.911417e+08
1.366749e+06 1.020824e+03 2.911375e+08
1.366738e+06 1.020922e+03 2.911332e+08
1.366727e+06 1.021017e+03 2.911291e+08
1.366716e+06 1.021115e+03 2.911249e+08
1.366705e+06 1.021214e+03 2.911206e+08
1.366695e+06 1.021309e+03 2.911165e+08
1.366684e+06 1.021407e+03 2.911123e+08
1.366673e+06 1.021505e+03 2.911080e+08
1.366662e+06 1.021604e+03 2.911038e+08
1.366651e+06 1.021699e+03 2.910996e+08
1.366640e+06 1.021797e+03 2.910954e+08
1.366629e+06 1.021895e+03 2.910911e+08
1.366618e+06 1.021994e+03 2.910868e+08
1.366607e+06 1.022089e+03 2.910827e+08
1.366596e+06 1.022187e+03 2.910784e+08
1.366585e+06 1.022285e+03 2.910742e+08
1.366574e+06 1.022384e+03 2.910699e+08
1.366564e+06 1.022479e+03 2.910658e+08
1.366553e+06 1.022577e+03 2.910615e+08
1.366542e+06 1.022675e+03 2.910572e+08
1.366531e+06 1.022774e+03 2.910529e+08
1.366520e+06 1.022869e+03 2.910488e+08
1.366509e+06 1.022967e+03 2.910445e+08
1.366498e+06 1.023066e+03 2.910402e+08
1.366487e+06 1.023164e+03 2.910359e+08
1.366475e+06 1.023262e+03 2.910316e+08
1.366465e+06 1.023357e+03 2.910274e+08
1.366454e+06 1.023456e+03 2.910231e+08
1.366443e+06 1.023554e+03 2.910188e+08
1.366431e+06 1.023652e+03 2.910145e+08
1.366420e+06 1.023750e+03 2.910102e+08
1.366410e+06 1.023846e+03 2.910060e+08
1.366398e+06 1.023944e+03 2.910017e+08
1.366387e+06 1.024042e+03 2.909974e+08
1.366376e+06 1.024140e+03 2.909931e+08
1.366365e+06 1.024239e+03 2.909888e+08
1.366354e+06 1.024334e+03 2.909846e+08
1.366343e+06 1.024432e+03 2.909803e+08
1.366332e+06 1.024531e+03 2.909759e+08
1.366321e+06 1.024629e+03 2.909716e+08
1.366309e+06 1.024727e+03 2.909673e+08
1.366298e+06 1.024825e+03 2.909629e+08
1.366287e+06 1.024921e+03 2.909587e+08
1.366276e+06 1.025019e+03 2.909544e+08
1.366265e+06 1.025117e+03 2.909501e+08
1.366254e+06 1.025215e+03 2.909457e+08
1.366243e+06 1.025314e+03 2.909414e+08
1.366231e+06 1.025412e+03 2.909370e+08
1.366221e+06 1.025507e+03 2.909328e+08
1.366209e+06 1.025605e+03 2.909285e+08
1.366198e+06 1.025704e+03 2.909241e+08
1.366187e+06 1.025802e+03 2.909198e+08
1.366176e+06 1.025900e+03 2.909154e+08
1.366164e+06 1.025999e+03 2.909111e+08
1.366153e+06 1.026097e+03 2.909067e+08
1.366142e+06 1.026192e+03 2.909025e+08
1.366131e+06 1.026290e+03 2.908982e+08
1.366120e+06 1.026389e+03 2.908938e+08
1.366109e+06 1.026487e+03 2.908894e+08
1.366097e+06 1.026585e+03 2.908851e+08
1.366086e+06 1.026684e+03 2.908807e+08
1.366075e+06 1.026782e+03 2.908763e+08
1.366064e+06 1.026880e+03 2.908720e+08
1.366052e+06 1.026979e+03 2.908676e+08
1.366041e+06 1.027074e+03 2.908634e+08
1.366030e+06 1.027172e+03 2.908590e+08
1.366019e+06 1.027270e+03 2.908546e+08
1.366007e+06 1.027369e+03 2.908502e+08
1.365996e+06 1.027467e+03 2.908459e+08
1.365985e+06 1.027565e+03 2.908415e+08
1.365973e+06 1.027663e+03 2.908371e+08
1.365962e+06 1.027762e+03 2.908327e+08
1.365951e+06 1.027860e+03 2.908283e+08
1.365940e+06 1.027958e+03 2.908239e+08
1.365928e+06 1.028057e+03 2.908196e+08
1.365917e+06 1.028155e+03 2.908152e+08
1.365906e+06 1.028253e+03 2.908108e+08
1.365895e+06 1.028348e+03 2.908065e+08
1.365883e+06 1.028447e+03 2.908021e+08
1.365872e+06 1.028545e+03 2.907977e+08
1.365861e+06 1.028643e+03 2.907933e+08
1.365849e+06 1.028742e+03 2.907889e+08
1.365838e+06 1.028840e+03 2.907845e+08
1.365826e+06 1.028938e+03 2.907801e+08
1.365815e+06 1.029036e+03 2.907757e+08
1.365804e+06 1.029135e+03 2.907713e+08
1.365792e+06 1.029233e+03 2.907669e+08
1.365781e+06 1.029331e+03 2.907625e+08
1.365770e+06 1.029430e+03 2.907581e+08
1.365758e+06 1.029528e+03 2.907537e+08
1.365747e+06 1.029626e+03 2.907493e+08
1.365735e+06 1.029725e+03 2.907449e+08
1.365724e+06 1.029823e+03 2.907405e+08
1.365713e+06 1.029921e+03 2.907361e+08
1.365701e+06 1.030019e+03 2.907317e+08
1.365690e+06 1.030118e+03 2.907272e+08
1.365678e+06 1.030216e+03 2.907228e+08
1.365667e+06 1.030314e+03 2.907184e+08
1.365656e+06 1.030413e+03 2.907140e+08
1.365644e+06 1.030511e+03 2.907096e+08
1.365633e+06 1.030609e+03 2.907051e+08
1.365621e+06 1.030708e+03 2.907007e+08
1.365610e+06 1.030806e+03 2.906963e+08
1.365599e+06 1.030904e+03 2.906919e+08
1.365587e+06 1.031002e+03 2.906874e+08
1.365576e+06 1.031101e+03 2.906830e+08
1.365564e+06 1.031199e+03 2.906786e+08
1.365553e+06 1.031297e+03 2.906742e+08
1.365541e+06 1.031396e+03 2.906697e+08
1.365530e+06 1.031494e+03 2.906653e+08
1.365518e+06 1.031592e+03 2.906609e+08
1.365507e+06 1.031691e+03 2.906564e+08
1.365496e+06 1.031789e+03 2.906520e+08
1.365484e+06 1.031887e+03 2.906476e+08
1.365473e+06 1.031985e+03 2.906431e+08
1.365461e+06 1.032084e+03 2.906387e+08
1.365450e+06 1.032182e+03 2.906342e+08
1.365438e+06 1.032280e+03 2.906298e+08
1.365427e+06 1.032379e+03 2.906254e+08
1.365415e+06 1.032480e+03 2.906208e+08
1.365403e+06 1.032578e+03 2.906163e+08
1.365392e+06 1.032677e+03 2.906119e+08
1.365381e+06 1.032775e+03 2.906074e+08
1.365369e+06 1.032873e+03 2.906030e+08
1.365358e+06 1.032972e+03 2.905986e+08
1.365346e+06 1.033070e+03 2.905941e+08
1.365335e+06 1.033168e+03 2.905897e+08
1.365323e+06 1.033267e+03 2.905852e+08
1.365312e+06 1.033365e+03 2.905808e+08
1.365300e+06 1.033463e+03 2.905763e+08
1.365289e+06 1.033561e+03 2.905719e+08
1.365277e+06 1.033663e+03 2.905673e+08
1.365265e+06 1.033761e+03 2.905628e+08
1.365254e+06 1.033860e+03 2.905584e+08
1.365242e+06 1.033958e+03 2.905539e+08
1.365231e+06 1.034056e+03 2.905494e+08
1.365219e+06 1.034154e+03 2.905450e+08
1.365208e+06 1.034253e+03 2.905405e+08
1.365196e+06 1.034351e+03 2.905361e+08
1.365185e+06 1.034449e+03 2.905316e+08
1.365173e+06 1.034551e+03 2.905270e+08
1.365161e+06 1.034649e+03 2.905225e+08
1.365150e+06 1.034747e+03 2.905181e+08
1.365138e+06 1.034846e+03 2.905136e+08
1.365127e+06 1.034944e+03 2.905092e+08
1.365115e+06 1.035042e+03 2.905047e+08
1.365104e+06 1.035141e+03 2.905002e+08
1.365092e+06 1.035239e+03 2.904958e+08
1.365080e+06 1.035340e+03 2.904912e+08
1.365069e+06 1.035439e+03 2.904867e+08
1.365057e+06 1.035537e+03 2.904822e+08
1.365046e+06 1.035635e+03 2.904778e+08
1.365034e+06 1.035734e+03 2.904733e+08
1.365022e+06 1.035832e+03 2.904688e+08
1.365011e+06 1.035933e+03 2.904642e+08
1.364999e+06 1.036032e+03 2.904597e+08
1.364987e+06 1.036130e+03 2.904553e+08
1.364976e+06 1.036228e+03 2.904508e+08
1.364964e+06 1.036327e+03 2.904463e+08
1.364953e+06 1.036425e+03 2.904418e+08
1.364941e+06 1.036526e+03 2.904372e+08
1.364929e+06 1.036625e+03 2.904328e+08
1.364918e+06 1.036723e+03 2.904283e+08
1.364906e+06 1.036821e+03 2.904238e+08
1.364895e+06 1.036920e+03 2.904193e+08
1.364883e+06 1.037021e+03 2.904147e+08
1.364871e+06 1.037119e+03 2.904102e+08
1.364860e+06 1.037218e+03 2.904057e+08
1.364848e+06 1.037316e+03 2.904013e+08
1.364836e+06 1.037414e+03 2.903968e+08
1.364824e+06 1.037516e+03 2.903922e+08
1.364813e+06 1.037614e+03 2.903877e+08
1.364801e+06 1.037712e+03 2.903832e+08
1.364790e+06 1.037811e+03 2.903787e+08
1.364778e+06 1.037912e+03 2.903741e+08
1.364766e+06 1.038010e+03 2.903696e+08
1.364755e+06 1.038109e+03 2.903651e+08
1.364743e+06 1.038207e+03 2.903607e+08
1.364731e+06 1.038305e+03 2.903562e+08
1.364720e+06 1.038407e+03 2.903515e+08
1.364708e+06 1.038505e+03 2.903471e+08
1.364696e+06 1.038603e+03 2.903426e+08
1.364685e+06 1.038702e+03 2.903381e+08
1.364673e+06 1.038803e+03 2.903335e+08
1.364661e+06 1.038901e+03 2.903290e+08
1.364650e+06 1.039000e+03 2.903245e+08
1.364638e+06 1.039101e+03 2.903199e+08
1.364626e+06 1.039199e+03 2.903154e+08
1.364614e+06 1.039298e+03 2.903109e+08
1.364603e+06 1.039396e+03 2.903064e+08
1.364591e+06 1.039498e+03 2.903018e+08
1.364579e+06 1.039596e+03 2.902973e+08
1.364568e+06 1.039694e+03 2.902928e+08
1.364556e+06 1.039792e+03 2.902883e+08
1.364544e+06 1.039894e+03 2.902837e+08
1.364533e+06 1.039992e+03 2.902792e+08
1.364521e+06 1.040091e+03 2.902747e+08
1.364509e+06 1.040192e+03 2.902700e+08
1.364497e+06 1.040290e+03 2.902655e+08
1.364486e+06 1.040389e+03 2.902611e+08
1.364474e+06 1.040487e+03 2.902566e+08
1.364462e+06 1.040588e+03 2.902519e+08
1.364451e+06 1.040687e+03 2.902474e+08
1.364439e+06 1.040785e+03 2.902429e+08
1.364427e+06 1.040886e+03 2.902383e+08
1.364415e+06 1.040985e+03 2.902338e+08
1.364404e+06 1.041083e+03 2.902293e+08
1.364392e+06 1.041185e+03 2.902247e+08
1.364380e+06 1.041283e+03 2.902202e+08
1.364368e+06 1.041381e+03 2.902157e+08
1.364356e+06 1.041483e+03 2.902110e+08
1.364345e+06 1.041581e+03 2.902065e+08
1.364333e+06 1.041679e+03 2.902020e+08
1.364321e+06 1.041781e+03 2.901974e+08
1.364310e+06 1.041879e+03 2.901929e+08
1.364298e+06 1.041977e+03 2.901884e+08
1.364286e+06 1.042079e+03 2.901838e+08
1.364274e+06 1.042177e+03 2.901793e+08
1.364263e+06 1.042275e+03 2.901748e+08
1.364251e+06 1.042377e+03 2.901701e+08
1.364239e+06 1.042475e+03 2.901656e+08
1.364227e+06 1.042577e+03 2.901610e+08
1.364216e+06 1.042675e+03 2.901565e+08
1.364204e+06 1.042773e+03 2.901520e+08
1.364192e+06 1.042875e+03 2.901473e+08
1.364180e+06 1.042973e+03 2.901428e+08
1.364169e+06 1.043071e+03 2.901383e+08
1.364157e+06 1.043173e+03 2.901337e+08
1.364145e+06 1.043271e+03 2.901292e+08
1.364133e+06 1.043372e+03 2.901245e+08
1.364121e+06 1.043471e+03 2.901200e+08
1.364110e+06 1.043569e+03 2.901155e+08
1.364098e+06 1.043671e+03 2.901109e+08
1.364086e+06 1.043769e+03 2.901064e+08
1.364074e+06 1.043870e+03 2.901018e+08
1.364062e+06 1.043969e+03 2.900973e+08
1.364051e+06 1.044067e+03 2.900928e+08
1.364039e+06 1.044168e+03 2.900881e+08
1.364027e+06 1.044267e+03 2.900836e+08
1.364015e+06 1.044368e+03 2.900790e+08
1.364004e+06 1.044466e+03 2.900745e+08
1.363992e+06 1.044568e+03 2.900698e+08
1.363980e+06 1.044666e+03 2.900653e+08
1.363968e+06 1.044765e+03 2.900608e+08
1.363956e+06 1.044866e+03 2.900561e+08
1.363945e+06 1.044964e+03 2.900516e+08
1.363933e+06 1.045066e+03 2.900470e+08
1.363921e+06 1.045164e+03 2.900425e+08
1.363909e+06 1.045266e+03 2.900378e+08
1.363897e+06 1.045364e+03 2.900333e+08
1.363886e+06 1.045462e+03 2.900288e+08
1.363874e+06 1.045564e+03 2.900242e+08
1.363862e+06 1.045662e+03 2.900197e+08
1.363850e+06 1.045763e+03 2.900150e+08
1.363838e+06 1.045862e+03 2.900105e+08
1.363826e+06 1.045963e+03 2.900059e+08
1.363815e+06 1.046061e+03 2.900014e+08
1.363803e+06 1.046163e+03 2.899967e+08
1.363791e+06 1.046261e+03 2.899922e+08
1.363779e+06 1.046363e+03 2.899876e+08
1.363767e+06 1.046461e+03 2.899831e+08
1.363755e+06 1.046562e+03 2.899784e+08
1.363744e+06 1.046661e+03 2.899739e+08
1.363732e+06 1.046762e+03 2.899693e+08
1.363720e+06 1.046861e+03 2.899648e+08
1.363708e+06 1.046962e+03 2.899601e+08
1.363696e+06 1.047060e+03 2.899556e+08
1.363684e+06 1.047162e+03 2.899510e+08
1.363673e+06 1.047260e+03 2.899464e+08
1.363661e+06 1.047362e+03 2.899418e+08
1.363649e+06 1.047460e+03 2.899373e+08
1.363637e+06 1.047561e+03 2.899326e+08
1.363625e+06 1.047660e+03 2.899281e+08
1.363613e+06 1.047761e+03 2.899235e+08
1.363602e+06 1.047859e+03 2.899190e+08
1.363590e+06 1.047961e+03 2.899143e+08
1.363578e+06 1.048059e+03 2.899098e+08
1.363566e+06 1.048161e+03 2.899052e+08
1.363554e+06 1.048259e+03 2.899007e+08
1.363542e+06 1.048360e+03 2.898960e+08
1.363531e+06 1.048459e+03 2.898915e+08
1.363519e+06 1.048560e+03 2.898869e+08
1.363507e+06 1.048662e+03 2.898822e+08
1.363495e+06 1.048760e+03 2.898777e+08
1.363483e+06 1.048861e+03 2.898731e+08
1.363471e+06 1.048960e+03 2.898686e+08
1.363459e+06 1.049061e+03 2.898639e+08
1.363448e+06 1.049160e+03 2.898594e+08
1.363436e+06 1.049261e+03 2.898547e+08
1.363424e+06 1.049362e+03 2.898501e+08
1.363412e+06 1.049461e+03 2.898456e+08
1.363400e+06 1.049562e+03 2.898409e+08
1.363388e+06 1.049661e+03 2.898364e+08
1.363376e+06 1.049762e+03 2.898318e+08
1.363365e+06 1.049860e+03 2.898273e+08
1.363353e+06 1.049962e+03 2.898226e+08
1.363340e+06 1.050066e+03 2.898178e+08
1.363328e+06 1.050168e+03 2.898132e+08
1.363316e+06 1.050269e+03 2.898085e+08
1.363304e+06 1.050371e+03 2.898039e+08
1.363292e+06 1.050472e+03 2.897992e+08
1.363280e+06 1.050574e+03 2.897946e+08
1.363269e+06 1.050663e+03 2.897905e+08
1.363257e+06 1.050764e+03 2.897858e+08
1.363245e+06 1.050866e+03 2.897812e+08
1.363233e+06 1.050967e+03 2.897765e+08
1.363221e+06 1.051068e+03 2.897719e+08
1.363209e+06 1.051170e+03 2.897672e+08
1.363197e+06 1.051271e+03 2.897626e+08
1.363185e+06 1.051373e+03 2.897579e+08
1.363173e+06 1.051474e+03 2.897533e+08
1.363161e+06 1.051576e+03 2.897487e+08
1.363151e+06 1.051665e+03 2.897446e+08
1.363139e+06 1.051766e+03 2.897399e+08
1.363127e+06 1.051868e+03 2.897353e+08
1.363115e+06 1.051969e+03 2.897306e+08
1.363103e+06 1.052070e+03 2.897260e+08
1.363091e+06 1.052172e+03 2.897213e+08
1.363079e+06 1.052273e+03 2.897167e+08
1.363067e+06 1.052375e+03 2.897120e+08
1.363055e+06 1.052476e+03 2.897074e+08
1.363043e+06 1.052578e+03 2.897027e+08
1.363031e+06 1.052679e+03 2.896981e+08
1.363018e+06 1.052781e+03 2.896935e+08
1.363008e+06 1.052870e+03 2.896894e+08
1.362996e+06 1.052971e+03 2.896847e+08
1.362984e+06 1.053073e+03 2.896801e+08
1.362972e+06 1.053174e+03 2.896754e+08
1.362960e+06 1.053275e+03 2.896708e+08
1.362948e+06 1.053377e+03 2.896661e+08
1.362936e+06 1.053478e+03 2.896615e+08
1.362924e+06 1.053580e+03 2.896569e+08
1.362912e+06 1.053681e+03 2.896522e+08
1.362900e+06 1.053783e+03 2.896476e+08
1.362888e+06 1.053884e+03 2.896429e+08
1.362876e+06 1.053986e+03 2.896383e+08
1.362864e+06 1.054087e+03 2.896336e+08
1.362853e+06 1.054176e+03 2.896296e+08
1.362841e+06 1.054277e+03 2.896249e+08
1.362829e+06 1.054379e+03 2.896203e+08
1.362817e+06 1.054480e+03 2.896156e+08
1.362805e+06 1.054582e+03 2.896110e+08
1.362793e+06 1.054683e+03 2.896063e+08
1.362781e+06 1.054785e+03 2.896017e+08
1.362769e+06 1.054886e+03 2.895970e+08
1.362757e+06 1.054988e+03 2.895924e+08
1.362745e+06 1.055089e+03 2.895878e+08
1.362733e+06 1.055191e+03 2.895831e+08
1.362721e+06 1.055292e+03 2.895785e+08
1.362709e+06 1.055394e+03 2.895738e+08
1.362697e+06 1.055495e+03 2.895692e+08
1.362685e+06 1.055597e+03 2.895645e+08
1.362673e+06 1.055698e+03 2.895599e+08
1.362663e+06 1.055787e+03 2.895558e+08
1.362651e+06 1.055888e+03 2.895512e+08
1.362639e+06 1.055990e+03 2.895465e+08
1.362627e+06 1.056091e+03 2.895419e+08
1.362615e+06 1.056193e+03 2.895373e+08
1.362603e+06 1.056294e+03 2.895326e+08
1.362591e+06 1.056396e+03 2.895280e+08
1.362579e+06 1.056497e+03 2.895233e+08
1.362567e+06 1.056599e+03 2.895187e+08
1.362554e+06 1.056700e+03 2.895141e+08
1.362542e+06 1.056802e+03 2.895094e+08
1.362530e+06 1.056903e+03 2.895048e+08
1.362518e+06 1.057005e+03 2.895001e+08
1.362506e+06 1.057106e+03 2.894955e+08
1.362494e+06 1.057207e+03 2.894909e+08
1.362482e+06 1.057309e+03 2.894862e+08
1.362470e+06 1.057410e+03 2.894816e+08
1.362458e+06 1.057512e+03 2.894769e+08
1.362446e+06 1.057613e+03 2.894723e+08
1.362436e+06 1.057702e+03 2.894682e+08
1.362424e+06 1.057804e+03 2.894636e+08
1.362412e+06 1.057905e+03 2.894590e+08
1.362400e+06 1.058007e+03 2.894543e+08
1.362388e+06 1.058108e+03 2.894497e+08
1.362376e+06 1.058209e+03 2.894451e+08
1.362364e+06 1.058311e+03 2.894404e+08
1.362352e+06 1.058412e+03 2.894358e+08
1.362340e+06 1.058514e+03 2.894311e+08
1.362328e+06 1.058615e+03 2.894265e+08
1.362316e+06 1.058717e+03 2.894219e+08
1.362304e+06 1.058818e+03 2.894172e+08
1.362292e+06 1.058920e+03 2.894126e+08
1.362280e+06 1.059021e+03 2.894080e+08
1.362268e+06 1.059123e+03 2.894033e+08
1.362256e+06 1.059224e+03 2.893987e+08
1.362244e+06 1.059326e+03 2.893941e+08
1.362232e+06 1.059427e+03 2.893894e+08
1.362220e+06 1.059529e+03 2.893848e+08
1.362208e+06 1.059630e+03 2.893802e+08
1.362196e+06 1.059732e+03 2.893755e+08
1.362184e+06 1.059833e+03 2.893709e+08
1.362172e+06 1.059935e+03 2.893663e+08
1.362160e+06 1.060036e+03 2.893616e+08
1.362148e+06 1.060137e+03 2.893570e+08
1.362136e+06 1.060239e+03 2.893524e+08
1.362124e+06 1.060340e+03 2.893477e+08
1.362112e+06 1.060442e+03 2.893431e+08
1.362100e+06 1.060543e+03 2.893385e+08
1.362088e+06 1.060645e+03 2.893338e+08
1.362078e+06 1.060734e+03 2.893298e+08
1.362066e+06 1.060835e+03 2.893252e+08
1.362054e+06 1.060937e+03 2.893205e+08
1.362042e+06 1.061038e+03 2.893159e+08
1.362030e+06 1.061139e+03 2.893113e+08
1.362018e+06 1.061241e+03 2.893066e+08
1.362006e+06 1.061342e+03 2.893020e+08
1.361994e+06 1.061444e+03 2.892974e+08
1.361982e+06 1.061545e+03 2.892928e+08
1.361970e+06 1.061647e+03 2.892881e+08
1.361958e+06 1.061748e+03 2.892835e+08
1.361946e+06 1.061850e+03 2.892789e+08
1.361934e+06 1.061951e+03 2.892742e+08
1.361922e+06 1.062053e+03 2.892696e+08
1.361910e+06 1.062154e+03 2.892650e+08
1.361898e+06 1.062256e+03 2.892604e+08
1.361886e+06 1.062357e+03 2.892557e+08
1.361874e+06 1.062459e+03 2.892511e+08
1.361862e+06 1.062560e+03 2.892465e+08
1.361850e+06 1.062662e+03 2.892419e+08
1.361838e+06 1.062763e+03 2.892372e+08
1.361826e+06 1.062864e+03 2.892326e+08
1.361814e+06 1.062966e+03 2.892280e+08
1.361802e+06 1.063067e+03 2.892234e+08
1.361790e+06 1.063169e+03 2.892187e+08
1.361778e+06 1.063270e+03 2.892141e+08
1.361766e+06 1.063372e+03 2.892095e+08
1.361755e+06 1.063473e+03 2.892049e+08
1.361743e+06 1.063575e+03 2.892003e+08
1.361731e+06 1.063676e+03 2.891956e+08
1.361719e+06 1.063778e+03 2.891910e+08
1.361707e+06 1.063879e+03 2.891864e+08
1.361695e+06 1.063981e+03 2.891818e+08
1.361683e+06 1.064082e+03 2.891772e+08
1.361671e+06 1.064184e+03 2.891725e+08
1.361659e+06 1.064285e+03 2.891679e+08
1.361647e+06 1.064387e+03 2.891633e+08
1.361635e+06 1.064488e+03 2.891587e+08
1.361623e+06 1.064590e+03 2.891541e+08
1.361611e+06 1.064691e+03 2.891494e+08
1.361599e+06 1.064792e+03 2.891448e+08
1.361587e+06 1.064894e+03 2.891402e+08
1.361575e+06 1.064995e+03 2.891356e+08
1.361563e+06 1.065097e+03 2.891310e+08
1.361551e+06 1.065198e+03 2.891264e+08
1.361539e+06 1.065300e+03 2.891217e+08
1.361527e+06 1.065401e+03 2.891171e+08
1.361515e+06 1.065503e+03 2.891125e+08
1.361503e+06 1.065604e+03 2.891079e+08
1.361492e+06 1.065706e+03 2.891033e+08
1.361480e+06 1.065807e+03 2.890987e+08
1.361468e+06 1.065909e+03 2.890941e+08
1.361456e+06 1.066010e+03 2.890894e+08
1.361444e+06 1.066112e+03 2.890848e+08
1.361432e+06 1.066213e+03 2.890802e+08
1.361420e+06 1.066315e+03 2.890756e+08
1.361408e+06 1.066416e+03 2.890710e+08
1.361395e+06 1.066530e+03 2.890658e+08
1.361383e+06 1.066632e+03 2.890612e+08
1.361371e+06 1.066733e+03 2.890566e+08
1.361359e+06 1.066835e+03 2.890520e+08
1.361347e+06 1.066936e+03 2.890474e+08
1.361335e+06 1.067037e+03 2.890427e+08
1.361323e+06 1.067139e+03 2.890381e+08
1.361311e+06 1.067240e+03 2.890335e+08
1.361299e+06 1.067342e+03 2.890289e+08
1.361287e+06 1.067443e+03 2.890243e+08
1.361275e+06 1.067545e+03 2.890197e+08
1.361263e+06 1.067646e+03 2.890151e+08
1.361251e+06 1.067748e+03 2.890105e+08
1.361239e+06 1.067849e+03 2.890059e+08
1.361227e+06 1.067951e+03 2.890013e+08
1.361216e+06 1.068052e+03 2.889967e+08
1.361204e+06 1.068154e+03 2.889921e+08
1.361192e+06 1.068255e+03 2.889875e+08
1.361180e+06 1.068357e+03 2.889829e+08
1.361168e+06 1.068458e+03 2.889783e+08
1.361156e+06 1.068560e+03 2.889736e+08
1.361144e+06 1.068661e+03 2.889690e+08
1.361132e+06 1.068763e+03 2.889644e+08
1.361120e+06 1.068864e+03 2.889598e+08
1.361108e+06 1.068965e+03 2.889552e+08
1.361096e+06 1.069067e+03 2.889506e+08
1.361084e+06 1.069168e+03 2.889460e+08
1.361073e+06 1.069270e+03 2.889414e+08
1.361061e+06 1.069371e+03 2.889368e+08
1.361049e+06 1.069473e+03 2.889322e+08
1.361035e+06 1.069587e+03 2.889271e+08
1.361023e+06 1.069688e+03 2.889225e+08
1.361011e+06 1.069790e+03 2.889179e+08
1.361000e+06 1.069891e+03 2.889133e+08
1.360988e+06 1.069993e+03 2.889087e+08
1.360976e+06 1.070094e+03 2.889041e+08
1.360964e+06 1.070196e+03 2.888995e+08
1.360952e+06 1.070297e+03 2.888949e+08
1.360940e+06 1.070399e+03 2.888903e+08
1.360928e+06 1.070500e+03 2.888857e+08
1.360916e+06 1.070602e+03 2.888811e+08
1.360904e+06 1.070703e+03 2.888765e+08
1.360892e+06 1.070805e+03 2.888719e+08
1.360881e+06 1.070906e+03 2.888673e+08
1.360869e+06 1.071008e+03 2.888627e+08
1.360857e+06 1.071109e+03 2.888581e+08
1.360845e+06 1.071211e+03 2.888535e+08
1.360833e+06 1.071312e+03 2.888489e+08
1.360821e+06 1.071413e+03 2.888443e+08
1.360808e+06 1.071528e+03 2.888391e+08
1.360796e+06 1.071629e+03 2.888346e+08
1.360784e+06 1.071731e+03 2.888300e+08
1.360772e+06 1.071832e+03 2.888254e+08
1.360760e+06 1.071933e+03 2.888208e+08
1.360748e+06 1.072035e+03 2.888162e+08
1.360736e+06 1.072136e+03 2.888116e+08
1.360724e+06 1.072238e+03 2.888070e+08
1.360713e+06 1.072339e+03 2.888024e+08
1.360701e+06 1.072441e+03 2.887978e+08
1.360689e+06 1.072542e+03 2.887932e+08
1.360677e+06 1.072644e+03 2.887887e+08
1.360665e+06 1.072745e+03 2.887841e+08
1.360653e+06 1.072847e+03 2.887795e+08
1.360641e+06 1.072948e+03 2.887749e+08
1.360629e+06 1.073050e+03 2.887703e+08
1.360616e+06 1.073164e+03 2.887651e+08
1.360604e+06 1.073265e+03 2.887606e+08
1.360592e+06 1.073367e+03 2.887560e+08
1.360580e+06 1.073468e+03 2.887514e+08
1.360569e+06 1.073570e+03 2.887468e+08
1.360557e+06 1.073671e+03 2.887422e+08
1.360545e+06 1.073773e+03 2.887376e+08
1.360533e+06 1.073874e+03 2.887331e+08
1.360521e+06 1.073976e+03 2.887285e+08
1.360509e+06 1.074077e+03 2.887239e+08
1.360497e+06 1.074179e+03 2.887193e+08
1.360485e+06 1.074280e+03 2.887147e+08
1.360474e+06 1.074381e+03 2.887101e+08
1.360460e+06 1.074496e+03 2.887050e+08
1.360448e+06 1.074597e+03 2.887004e+08
1.360437e+06 1.074699e+03 2.886958e+08
1.360425e+06 1.074800e+03 2.886913e+08
1.360413e+06 1.074902e+03 2.886867e+08
1.360401e+06 1.075003e+03 2.886821e+08
1.360389e+06 1.075104e+03 2.886775e+08
1.360377e+06 1.075206e+03 2.886729e+08
1.360365e+06 1.075307e+03 2.886684e+08
1.360354e+06 1.075409e+03 2.886638e+08
1.360342e+06 1.075510e+03 2.886592e+08
1.360328e+06 1.075625e+03 2.886541e+08
1.360316e+06 1.075726e+03 2.886495e+08
1.360305e+06 1.075827e+03 2.886449e+08
1.360293e+06 1.075929e+03 2.886403e+08
1.360281e+06 1.076030e+03 2.886358e+08
1.360269e+06 1.076132e+03 2.886312e+08
1.360257e+06 1.076233e+03 2.886266e+08
1.360245e+06 1.076335e+03 2.886220e+08
1.360234e+06 1.076436e+03 2.886175e+08
1.360222e+06 1.076538e+03 2.886129e+08
1.360210e+06 1.076639e+03 2.886083e+08
1.360197e+06 1.076753e+03 2.886032e+08
1.360185e+06 1.076855e+03 2.885986e+08
1.360173e+06 1.076956e+03 2.885940e+08
1.360161e+06 1.077058e+03 2.885895e+08
1.360149e+06 1.077159e+03 2.885849e+08
1.360137e+06 1.077261e+03 2.885803e+08
1.360126e+06 1.077362e+03 2.885758e+08
1.360114e+06 1.077464e+03 2.885712e+08
1.360102e+06 1.077565e+03 2.885666e+08
1.360090e+06 1.077667e+03 2.885621e+08
1.360077e+06 1.077781e+03 2.885569e+08
1.360065e+06 1.077882e+03 2.885524e+08
1.360053e+06 1.077984e+03 2.885478e+08
1.360041e+06 1.078085e+03 2.885432e+08
1.360029e+06 1.078187e+03 2.885387e+08
1.360018e+06 1.078288e+03 2.885341e+08
1.360006e+06 1.078390e+03 2.885295e+08
1.359994e+06 1.078491e+03 2.885250e+08
1.359982e+06 1.078593e+03 2.885204e+08
1.359969e+06 1.078707e+03 2.885153e+08
1.359957e+06 1.078808e+03 2.885107e+08
1.359945e+06 1.078910e+03 2.885062e+08
1.359933e+06 1.079011e+03 2.885016e+08
1.359922e+06 1.079113e+03 2.884970e+08
1.359910e+06 1.079214e+03 2.884925e+08
1.359898e+06 1.079316e+03 2.884879e+08
1.359886e+06 1.079417e+03 2.884834e+08
1.359873e+06 1.079531e+03 2.884782e+08
1.359861e+06 1.079633e+03 2.884737e+08
1.359849e+06 1.079734e+03 2.884691e+08
1.359837e+06 1.079836e+03 2.884646e+08
1.359826e+06 1.079937e+03 2.884600e+08
1.359814e+06 1.080039e+03 2.884554e+08
1.359802e+06 1.080140e+03 2.884509e+08
1.359790e+06 1.080241e+03 2.884463e+08
1.359777e+06 1.080356e+03 2.884412e+08
1.359765e+06 1.080457e+03 2.884366e+08
1.359753e+06 1.080559e+03 2.884321e+08
1.359741e+06 1.080660e+03 2.884275e+08
1.359730e+06 1.080761e+03 2.884230e+08
1.359718e+06 1.080863e+03 2.884184e+08
1.359706e+06 1.080964e+03 2.884139e+08
1.359694e+06 1.081066e+03 2.884093e+08
1.359681e+06 1.081180e+03 2.884042e+08
1.359669e+06 1.081282e+03 2.883997e+08
1.359657e+06 1.081383e+03 2.883951e+08
1.359646e+06 1.081484e+03 2.883906e+08
1.359634e+06 1.081586e+03 2.883860e+08
1.359622e+06 1.081687e+03 2.883815e+08
1.359610e+06 1.081789e+03 2.883769e+08
1.359598e+06 1.081890e+03 2.883724e+08
1.359585e+06 1.082005e+03 2.883672e+08
1.359573e+06 1.082106e+03 2.883627e+08
1.359562e+06 1.082207e+03 2.883581e+08
1.359550e+06 1.082309e+03 2.883536e+08
1.359538e+06 1.082410e+03 2.883491e+08
1.359526e+06 1.082512e+03 2.883445e+08
1.359515e+06 1.082613e+03 2.883400e+08
1.359501e+06 1.082728e+03 2.883349e+08
1.359489e+06 1.082829e+03 2.883303e+08
1.359478e+06 1.082930e+03 2.883258e+08
1.359466e+06 1.083032e+03 2.883212e+08
1.359454e+06 1.083133e+03 2.883167e+08
1.359442e+06 1.083235e+03 2.883121e+08
1.359431e+06 1.083336e+03 2.883076e+08
1.359417e+06 1.083450e+03 2.883025e+08
1.359406e+06 1.083552e+03 2.882979e+08
1.359394e+06 1.083653e+03 2.882934e+08
1.359382e+06 1.083755e+03 2.882889e+08
1.359370e+06 1.083856e+03 2.882843e+08
1.359359e+06 1.083958e+03 2.882798e+08
1.359345e+06 1.084072e+03 2.882747e+08
1.359334e+06 1.084173e+03 2.882701e+08
1.359322e+06 1.084275e+03 2.882656e+08
1.359310e+06 1.084376e+03 2.882611e+08
1.359298e+06 1.084478e+03 2.882565e+08
1.359287e+06 1.084579e+03 2.882520e+08
1.359275e+06 1.084681e+03 2.882475e+08
1.359262e+06 1.084795e+03 2.882424e+08
1.359250e+06 1.084896e+03 2.882378e+08
1.359238e+06 1.084998e+03 2.882333e+08
1.359226e+06 1.085099e+03 2.882287e+08
1.359215e+06 1.085201e+03 2.882242e+08
1.359203e+06 1.085302e+03 2.882197e+08
1.359190e+06 1.085416e+03 2.882146e+08
1.359178e+06 1.085518e+03 2.882101e+08
1.359166e+06 1.085619e+03 2.882055e+08
1.359154e+06 1.085721e+03 2.882010e+08
1.359143e+06 1.085822e+03 2.881965e+08
1.359131e+06 1.085924e+03 2.881919e+08
1.359118e+06 1.086038e+03 2.881868e+08
1.359106e+06 1.086139e+03 2.881823e+08
1.359094e+06 1.086241e+03 2.881778e+08
1.359082e+06 1.086342e+03 2.881732e+08
1.359071e+06 1.086444e+03 2.881687e+08
1.359059e+06 1.086545e+03 2.881642e+08
1.359046e+06 1.086660e+03 2.881591e+08
1.359034e+06 1.086761e+03 2.881546e+08
1.359022e+06 1.086862e+03 2.881500e+08
1.359011e+06 1.086964e+03 2.881455e+08
1.358999e+06 1.087065e+03 2.881410e+08
1.358986e+06 1.087180e+03 2.881359e+08
1.358974e+06 1.087281e+03 2.881314e+08
1.358962e+06 1.087383e+03 2.881269e+08
1.358950e+06 1.087484e+03 2.881223e+08
1.358939e+06 1.087585e+03 2.881178e+08
1.358927e+06 1.087687e+03 2.881133e+08
1.358914e+06 1.087801e+03 2.881082e+08
1.358902e+06 1.087903e+03 2.881037e+08
1.358890e+06 1.088004e+03 2.880992e+08
1.358879e+06 1.088105e+03 2.880946e+08
1.358867e+06 1.088207e+03 2.880901e+08
1.358854e+06 1.088321e+03 2.880850e+08
1.358842e+06 1.088423e+03 2.880805e+08
1.358830e+06 1.088524e+03 2.880760e+08
1.358819e+06 1.088626e+03 2.880715e+08
1.358807e+06 1.088727e+03 2.880670e+08
1.358795e+06 1.088828e+03 2.880624e+08
1.358782e+06 1.088943e+03 2.880574e+08
1.358770e+06 1.089044e+03 2.880528e+08
1.358759e+06 1.089146e+03 2.880483e+08
1.358747e+06 1.089247e+03 2.880438e+08
1.358735e+06 1.089349e+03 2.880393e+08
1.358722e+06 1.089463e+03 2.880342e+08
1.358710e+06 1.089564e+03 2.880297e+08
1.358699e+06 1.089666e+03 2.880252e+08
1.358687e+06 1.089767e+03 2.880207e+08
1.358675e+06 1.089869e+03 2.880162e+08
1.358662e+06 1.089983e+03 2.880111e+08
1.358650e+06 1.090084e+03 2.880066e+08
1.358639e+06 1.090186e+03 2.880021e+08
1.358627e+06 1.090287e+03 2.879976e+08
1.358615e+06 1.090389e+03 2.879931e+08
1.358602e+06 1.090503e+03 2.879880e+08
1.358590e+06 1.090604e+03 2.879835e+08
1.358579e+06 1.090706e+03 2.879790e+08
1.358567e+06 1.090807e+03 2.879745e+08
1.358555e+06 1.090909e+03 2.879700e+08
1.358542e+06 1.091023e+03 2.879649e+08
1.358530e+06 1.091124e+03 2.879604e+08
1.358519e+06 1.091226e+03 2.879559e+08
1.358507e+06 1.091327e+03 2.879514e+08
1.358495e+06 1.091429e+03 2.879469e+08
1.358482e+06 1.091543e+03 2.879418e+08
1.358471e+06 1.091644e+03 2.879373e+08
1.358459e+06 1.091746e+03 2.879328e+08
1.358447e+06 1.091847e+03 2.879283e+08
1.358434e+06 1.091961e+03 2.879232e+08
1.358422e+06 1.092063e+03 2.879187e+08
1.358411e+06 1.092164e+03 2.879142e+08
1.358399e+06 1.092266e+03 2.879097e+08
1.358387e+06 1.092367e+03 2.879052e+08
1.358374e+06 1.092481e+03 2.879001e+08
1.358363e+06 1.092583e+03 2.878956e+08
1.358351e+06 1.092684e+03 2.878912e+08
1.358339e+06 1.092786e+03 2.878867e+08
1.358328e+06 1.092887e+03 2.878822e+08
1.358315e+06 1.093001e+03 2.878771e+08
1.358303e+06 1.093103e+03 2.878726e+08
1.358291e+06 1.093204e+03 2.878681e+08
1.358280e+06 1.093306e+03 2.878636e+08
1.358266e+06 1.093420e+03 2.878585e+08
1.358255e+06 1.093522e+03 2.878541e+08
1.358243e+06 1.093623e+03 2.878496e+08
1.358231e+06 1.093724e+03 2.878451e+08
1.358220e+06 1.093826e+03 2.878406e+08
1.358207e+06 1.093940e+03 2.878355e+08
1.358195e+06 1.094042e+03 2.878310e+08
1.358183e+06 1.094143e+03 2.878265e+08
1.358172e+06 1.094244e+03 2.878220e+08
1.358159e+06 1.094359e+03 2.878170e+08
1.358147e+06 1.094460e+03 2.878125e+08
1.358135e+06 1.094562e+03 2.878080e+08
1.358124e+06 1.094663e+03 2.878035e+08
1.358111e+06 1.094777e+03 2.877985e+08
1.358099e+06 1.094879e+03 2.877940e+08
1.358087e+06 1.094980e+03 2.877895e+08
1.358076e+06 1.095082e+03 2.877850e+08
1.358064e+06 1.095183e+03 2.877805e+08
1.358051e+06 1.095297e+03 2.877755e+08
1.358039e+06 1.095399e+03 2.877710e+08
1.358028e+06 1.095500e+03 2.877665e+08
1.358016e+06 1.095602e+03 2.877620e+08
1.358003e+06 1.095716e+03 2.877570e+08
1.357991e+06 1.095817e+03 2.877525e+08
1.357980e+06 1.095919e+03 2.877480e+08
1.357968e+06 1.096020e+03 2.877435e+08
1.357955e+06 1.096134e+03 2.877385e+08
1.357943e+06 1.096236e+03 2.877340e+08
1.357932e+06 1.096337e+03 2.877295e+08
1.357920e+06 1.096439e+03 2.877250e+08
1.357907e+06 1.096553e+03 2.877200e+08
1.357895e+06 1.096654e+03 2.877155e+08
1.357884e+06 1.096756e+03 2.877110e+08
1.357872e+06 1.096857e+03 2.877065e+08
1.357859e+06 1.096972e+03 2.877015e+08
1.357847e+06 1.097073e+03 2.876970e+08
1.357836e+06 1.097174e+03 2.876925e+08
1.357824e+06 1.097276e+03 2.876881e+08
1.357811e+06 1.097390e+03 2.876830e+08
1.357800e+06 1.097492e+03 2.876786e+08
1.357788e+06 1.097593e+03 2.876741e+08
1.357776e+06 1.097695e+03 2.876696e+08
1.357763e+06 1.097809e+03 2.876646e+08
1.357752e+06 1.097910e+03 2.876601e+08
1.357740e+06 1.098012e+03 2.876556e+08
1.357728e+06 1.098113e+03 2.876511e+08
1.357715e+06 1.098227e+03 2.876461e+08
1.357704e+06 1.098329e+03 2.876416e+08
1.357692e+06 1.098430e+03 2.876372e+08
1.357679e+06 1.098544e+03 2.876321e+08
1.357668e+06 1.098646e+03 2.876277e+08
1.357656e+06 1.098747e+03 2.876232e+08
1.357644e+06 1.098849e+03 2.876187e+08
1.357631e+06 1.098963e+03 2.876137e+08
1.357620e+06 1.099064e+03 2.876092e+08
1.357608e+06 1.099166e+03 2.876048e+08
1.357596e+06 1.099267e+03 2.876003e+08
1.357583e+06 1.099381e+03 2.875953e+08
1.357572e+06 1.099483e+03 2.875908e+08
1.357560e+06 1.099584e+03 2.875863e+08
1.357549e+06 1.099686e+03 2.875819e+08
1.357536e+06 1.099800e+03 2.875768e+08
1.357524e+06 1.099902e+03 2.875724e+08
1.357512e+06 1.100003e+03 2.875679e+08
1.356415e+06 1.109516e+03 2.871453e+08
1.355701e+06 1.115858e+03 2.868700e+08
1.354636e+06 1.125371e+03 2.864604e+08
1.353932e+06 1.131713e+03 2.861895e+08
1.352884e+06 1.141226e+03 2.857864e+08
1.352190e+06 1.147568e+03 2.855199e+08
1.351157e+06 1.157081e+03 2.851233e+08
1.350134e+06 1.166594e+03 2.847306e+08
1.349457e+06 1.172936e+03 2.844709e+08
1.348449e+06 1.182448e+03 2.840845e+08
1.347782e+06 1.188790e+03 2.838290e+08
1.346790e+06 1.198303e+03 2.834487e+08
1.345806e+06 1.207816e+03 2.830720e+08
1.345154e+06 1.214158e+03 2.828229e+08
1.344185e+06 1.223671e+03 2.824521e+08
1.343223e+06 1.233184e+03 2.820847e+08
1.342587e+06 1.239526e+03 2.818417e+08
1.341640e+06 1.249039e+03 2.814799e+08
1.340700e+06 1.258552e+03 2.811214e+08
1.339769e+06 1.268065e+03 2.807662e+08
1.338845e+06 1.277578e+03 2.804141e+08
1.338234e+06 1.283920e+03 2.801811e+08
1.337323e+06 1.293433e+03 2.798342e+08
1.336419e+06 1.302946e+03 2.794904e+08
1.335523e+06 1.312459e+03 2.791495e+08
1.334634e+06 1.321972e+03 2.788116e+08
1.333752e+06 1.331484e+03 2.784766e+08
1.332878e+06 1.340997e+03 2.781444e+08
1.332010e+06 1.350510e+03 2.778150e+08
1.331149e+06 1.360023e+03 2.774884e+08
1.330295e+06 1.369536e+03 2.771645e+08
1.329447e+06 1.379049e+03 2.768433e+08
1.328606e+06 1.388562e+03 2.765247e+08
1.327771e+06 1.398075e+03 2.762087e+08
1.326943e+06 1.407588e+03 2.758953e+08
1.326121e+06 1.417101e+03 2.755844e+08
1.325305e+06 1.426614e+03 2.752760e+08
1.324495e+06 1.436127e+03 2.749700e+08
1.323424e+06 1.448811e+03 2.745657e+08
1.322628e+06 1.458324e+03 2.742653e+08
1.321838e+06 1.467837e+03 2.739672e+08
1.321053e+06 1.477350e+03 2.736714e+08
1.320016e+06 1.490033e+03 2.732805e+08
1.319244e+06 1.499546e+03 2.729899e+08
1.318201e+06 1.512230e+03 2.725973e+08
1.317441e+06 1.521743e+03 2.723116e+08
1.316687e+06 1.531256e+03 2.720279e+08
1.315937e+06 1.540769e+03 2.717462e+08
1.314452e+06 1.559795e+03 2.711887e+08
1.313718e+06 1.569308e+03 2.709129e+08
1.312988e+06 1.578821e+03 2.706391e+08
1.312262e+06 1.588334e+03 2.703672e+08
1.311542e+06 1.597847e+03 2.700973e+08
1.310827e+06 1.607360e+03 2.698293e+08
1.309410e+06 1.626386e+03 2.692988e+08
1.308708e+06 1.635898e+03 2.690364e+08
1.308011e+06 1.645411e+03 2.687757e+08
1.307318e+06 1.654924e+03 2.685169e+08
1.306630e+06 1.664437e+03 2.682598e+08
1.305267e+06 1.683463e+03 2.677508e+08
1.304592e+06 1.692976e+03 2.674989e+08
1.303921e+06 1.702489e+03 2.672486e+08
1.303254e+06 1.712002e+03 2.670000e+08
1.301933e+06 1.731028e+03 2.665077e+08
1.301278e+06 1.740541e+03 2.662640e+08
1.300628e+06 1.750054e+03 2.660219e+08
1.299339e+06 1.769080e+03 2.655424e+08
1.298700e+06 1.778593e+03 2.653049e+08
1.298065e+06 1.788105e+03 2.650689e+08
1.297433e+06 1.797618e+03 2.648344e+08
1.296182e+06 1.816644e+03 2.643698e+08
1.295561e+06 1.826157e+03 2.641397e+08
1.294945e+06 1.835670e+03 2.639109e+08
1.293722e+06 1.854696e+03 2.634577e+08
1.293116e+06 1.864209e+03 2.632332e+08
1.291913e+06 1.883235e+03 2.627881e+08
1.291317e+06 1.892748e+03 2.625676e+08
1.290725e+06 1.902261e+03 2.623484e+08
1.289549e+06 1.921287e+03 2.619138e+08
1.288966e+06 1.930800e+03 2.616984e+08
1.287810e+06 1.949825e+03 2.612714e+08
1.287236e+06 1.959338e+03 2.610597e+08
1.286666e+06 1.968851e+03 2.608493e+08
1.285534e+06 1.987877e+03 2.604320e+08
1.284973e+06 1.997390e+03 2.602251e+08
1.283473e+06 2.022758e+03 2.596728e+08
1.282556e+06 2.038613e+03 2.593354e+08
1.281646e+06 2.054468e+03 2.590009e+08
1.280744e+06 2.070323e+03 2.586693e+08
1.279850e+06 2.086178e+03 2.583407e+08
1.278963e+06 2.102032e+03 2.580151e+08
1.278083e+06 2.117887e+03 2.576923e+08
1.277211e+06 2.133742e+03 2.573724e+08
1.276345e+06 2.149597e+03 2.570553e+08
1.275487e+06 2.165452e+03 2.567409e+08
1.274636e+06 2.181307e+03 2.564293e+08
1.273792e+06 2.197162e+03 2.561203e+08
1.272954e+06 2.213017e+03 2.558139e+08
1.272123e+06 2.228872e+03 2.555102e+08
1.271298e+06 2.244726e+03 2.552090e+08
1.270480e+06 2.260581e+03 2.549103e+08
1.269669e+06 2.276436e+03 2.546141e+08
1.268863e+06 2.292291e+03 2.543203e+08
1.268064e+06 2.308146e+03 2.540289e+08
1.267271e+06 2.324001e+03 2.537399e+08
1.266483e+06 2.339856e+03 2.534531e+08
1.265702e+06 2.355711e+03 2.531687e+08
1.264926e+06 2.371566e+03 2.528865e+08
1.264157e+06 2.387421e+03 2.526066e+08
1.263392e+06 2.403275e+03 2.523288e+08
1.262634e+06 2.419130e+03 2.520532e+08
1.261880e+06 2.434985e+03 2.517797e+08
1.261133e+06 2.450840e+03 2.515083e+08
1.260390e+06 2.466695e+03 2.512390e+08
1.259653e+06 2.482550e+03 2.509717e+08
1.258921e+06 2.498405e+03 2.507064e+08
1.258194e+06 2.514260e+03 2.504431e+08
1.257472e+06 2.530115e+03 2.501818e+08
1.256755e+06 2.545970e+03 2.499223e+08
1.256043e+06 2.561824e+03 2.496648e+08
1.255336e+06 2.577679e+03 2.494091e+08
1.254634e+06 2.593534e+03 2.491553e+08
1.253936e+06 2.609389e+03 2.489033e+08
1.253243e+06 2.625244e+03 2.486531e+08
1.251871e+06 2.656954e+03 2.481579e+08
1.251191e+06 2.672809e+03 2.479130e+08
1.250517e+06 2.688664e+03 2.476698e+08
1.249846e+06 2.704518e+03 2.474282e+08
1.249180e+06 2.720373e+03 2.471883e+08
1.247860e+06 2.752083e+03 2.467135e+08
1.247207e+06 2.767938e+03 2.464784e+08
1.246557e+06 2.783793e+03 2.462450e+08
1.245912e+06 2.799648e+03 2.460131e+08
1.245271e+06 2.815503e+03 2.457828e+08
1.244000e+06 2.847213e+03 2.453266e+08
1.243370e+06 2.863067e+03 2.451008e+08
1.242744e+06 2.878922e+03 2.448764e+08
1.241504e+06 2.910632e+03 2.444320e+08
1.240890e+06 2.926487e+03 2.442119e+08
1.240279e+06 2.942342e+03 2.439932e+08
1.239672e+06 2.958197e+03 2.437759e+08
1.238468e+06 2.989907e+03 2.433454e+08
1.237871e+06 3.005761e+03 2.431321e+08
1.237278e+06 3.021616e+03 2.429203e+08
1.236102e+06 3.053326e+03 2.425005e+08
1.235519e+06 3.069181e+03 2.422925e+08
1.234940e+06 3.085036e+03 2.420857e+08
1.233791e+06 3.116746e+03 2.416760e+08
1.233221e+06 3.132601e+03 2.414730e+08
1.232090e+06 3.164310e+03 2.410705e+08
1.231530e+06 3.180165e+03 2.408710e+08
1.230973e+06 3.196020e+03 2.406727e+08
1.229867e+06 3.227730e+03 2.402795e+08
1.229318e+06 3.243585e+03 2.400846e+08
1.228230e+06 3.275295e+03 2.396981e+08
1.227691e+06 3.291150e+03 2.395065e+08
1.226620e+06 3.322859e+03 2.391265e+08
1.226088e+06 3.338714e+03 2.389381e+08
1.225560e+06 3.354569e+03 2.387508e+08
1.224511e+06 3.386279e+03 2.383791e+08
1.223990e+06 3.402134e+03 2.381948e+08
1.222957e+06 3.433844e+03 2.378292e+08
1.222445e+06 3.449699e+03 2.376479e+08
1.221428e+06 3.481408e+03 2.372882e+08
1.220420e+06 3.513118e+03 2.369323e+08
1.219920e+06 3.528973e+03 2.367558e+08
1.218928e+06 3.560683e+03 2.364055e+08
1.218435e+06 3.576538e+03 2.362317e+08
1.217457e+06 3.608248e+03 2.358868e+08
1.216972e+06 3.624102e+03 2.357157e+08
1.216008e+06 3.655812e+03 2.353760e+08
1.215053e+06 3.687522e+03 2.350398e+08
1.214578e+06 3.703377e+03 2.348730e+08
1.213637e+06 3.735087e+03 2.345419e+08
1.212704e+06 3.766797e+03 2.342140e+08
1.212241e+06 3.782651e+03 2.340512e+08
1.211321e+06 3.814361e+03 2.337281e+08
1.210409e+06 3.846071e+03 2.334082e+08
1.209956e+06 3.861926e+03 2.332494e+08
1.209057e+06 3.893636e+03 2.329340e+08
1.208165e+06 3.925345e+03 2.326216e+08
1.207722e+06 3.941200e+03 2.324665e+08
1.206843e+06 3.972910e+03 2.321585e+08
1.205971e+06 4.004620e+03 2.318534e+08
1.205106e+06 4.036330e+03 2.315511e+08
1.204249e+06 4.068040e+03 2.312515e+08
1.203823e+06 4.083894e+03 2.311027e+08
1.202977e+06 4.115604e+03 2.308072e+08
1.202137e+06 4.147314e+03 2.305144e+08
1.201305e+06 4.179024e+03 2.302241e+08
1.200480e+06 4.210734e+03 2.299365e+08
1.199661e+06 4.242443e+03 2.296513e+08
1.199255e+06 4.258298e+03 2.295097e+08
1.198446e+06 4.290008e+03 2.292282e+08
1.197644e+06 4.321718e+03 2.289492e+08
1.196848e+06 4.353428e+03 2.286725e+08
1.196059e+06 4.385137e+03 2.283982e+08
1.195276e+06 4.416847e+03 2.281263e+08
1.194499e+06 4.448557e+03 2.278565e+08
1.193728e+06 4.480267e+03 2.275891e+08
1.192963e+06 4.511977e+03 2.273238e+08
1.192204e+06 4.543686e+03 2.270607e+08
1.191450e+06 4.575396e+03 2.267996e+08
1.190703e+06 4.607106e+03 2.265407e+08
1.189960e+06 4.638816e+03 2.262839e+08
1.189224e+06 4.670526e+03 2.260291e+08
1.188493e+06 4.702235e+03 2.257763e+08
1.187767e+06 4.733945e+03 2.255255e+08
1.187046e+06 4.765655e+03 2.252766e+08
1.186331e+06 4.797365e+03 2.250297e+08
1.185267e+06 4.844929e+03 2.246629e+08
1.184565e+06 4.876639e+03 2.244207e+08
1.183867e+06 4.908349e+03 2.241803e+08
1.183175e+06 4.940059e+03 2.239417e+08
1.182487e+06 4.971769e+03 2.237049e+08
1.181804e+06 5.003478e+03 2.234699e+08
1.180788e+06 5.051043e+03 2.231205e+08
1.180117e+06 5.082753e+03 2.228898e+08
1.179450e+06 5.114463e+03 2.226607e+08
1.178787e+06 5.146172e+03 2.224333e+08
1.177802e+06 5.193737e+03 2.220952e+08
1.177151e+06 5.225447e+03 2.218719e+08
1.176505e+06 5.257157e+03 2.216502e+08
1.175543e+06 5.304721e+03 2.213205e+08
1.174906e+06 5.336431e+03 2.211027e+08
1.174274e+06 5.368141e+03 2.208864e+08
1.173334e+06 5.415706e+03 2.205646e+08
1.172712e+06 5.447415e+03 2.203520e+08
1.171787e+06 5.494980e+03 2.200357e+08
1.171174e+06 5.526690e+03 2.198266e+08
1.170566e+06 5.558400e+03 2.196189e+08
1.169661e+06 5.605964e+03 2.193100e+08
1.169062e+06 5.637674e+03 2.191057e+08
1.168170e+06 5.685239e+03 2.188018e+08
1.167580e+06 5.716949e+03 2.186008e+08
1.166702e+06 5.764513e+03 2.183018e+08
1.166121e+06 5.796223e+03 2.181040e+08
1.165256e+06 5.843788e+03 2.178097e+08
1.164399e+06 5.891353e+03 2.175183e+08
1.163831e+06 5.923062e+03 2.173255e+08
1.162986e+06 5.970627e+03 2.170385e+08
1.162149e+06 6.018192e+03 2.167541e+08
1.161594e+06 6.049902e+03 2.165660e+08
1.160768e+06 6.097466e+03 2.162860e+08
1.159950e+06 6.145031e+03 2.160086e+08
1.159408e+06 6.176741e+03 2.158250e+08
1.158600e+06 6.224305e+03 2.155516e+08
1.157800e+06 6.271870e+03 2.152807e+08
1.157006e+06 6.319435e+03 2.150122e+08
1.156480e+06 6.351145e+03 2.148345e+08
1.155697e+06 6.398709e+03 2.145699e+08
1.154920e+06 6.446274e+03 2.143076e+08
1.154149e+06 6.493839e+03 2.140475e+08
1.153385e+06 6.541403e+03 2.137896e+08
1.152627e+06 6.588968e+03 2.135339e+08
1.151874e+06 6.636533e+03 2.132804e+08
1.151376e+06 6.668242e+03 2.131125e+08
1.150633e+06 6.715807e+03 2.128625e+08
1.149896e+06 6.763372e+03 2.126145e+08
1.149165e+06 6.810937e+03 2.123685e+08
1.148439e+06 6.858501e+03 2.121246e+08
1.147719e+06 6.906066e+03 2.118826e+08
1.146767e+06 6.969485e+03 2.115629e+08
1.146059e+06 7.017050e+03 2.113254e+08
1.145356e+06 7.064615e+03 2.110898e+08
1.144659e+06 7.112180e+03 2.108560e+08
1.143966e+06 7.159744e+03 2.106240e+08
1.143279e+06 7.207309e+03 2.103938e+08
1.142596e+06 7.254874e+03 2.101654e+08
1.141694e+06 7.318293e+03 2.098635e+08
1.141023e+06 7.365858e+03 2.096391e+08
1.140357e+06 7.413423e+03 2.094164e+08
1.139695e+06 7.460987e+03 2.091954e+08
1.138820e+06 7.524407e+03 2.089032e+08
1.138168e+06 7.571972e+03 2.086859e+08
1.137522e+06 7.619536e+03 2.084702e+08
1.136667e+06 7.682956e+03 2.081852e+08
1.136030e+06 7.730521e+03 2.079731e+08
1.135188e+06 7.793940e+03 2.076928e+08
1.134562e+06 7.841505e+03 2.074843e+08
1.133733e+06 7.904924e+03 2.072086e+08
1.133116e+06 7.952489e+03 2.070035e+08
1.132299e+06 8.015909e+03 2.067322e+08
1.131692e+06 8.063473e+03 2.065304e+08
1.130888e+06 8.126893e+03 2.062635e+08
1.130289e+06 8.174458e+03 2.060650e+08
1.129497e+06 8.237877e+03 2.058022e+08
1.128711e+06 8.301297e+03 2.055419e+08
1.128126e+06 8.348861e+03 2.053481e+08
1.127352e+06 8.412281e+03 2.050918e+08
1.126584e+06 8.475701e+03 2.048377e+08
1.126012e+06 8.523265e+03 2.046486e+08
1.125255e+06 8.586685e+03 2.043984e+08
1.124504e+06 8.650104e+03 2.041503e+08
1.123760e+06 8.713524e+03 2.039043e+08
1.123021e+06 8.776944e+03 2.036604e+08
1.122287e+06 8.840363e+03 2.034186e+08
1.121560e+06 8.903783e+03 2.031788e+08
1.120838e+06 8.967202e+03 2.029410e+08
1.120300e+06 9.014767e+03 2.027639e+08
1.119588e+06 9.078187e+03 2.025294e+08
1.118706e+06 9.157461e+03 2.022390e+08
1.118005e+06 9.220881e+03 2.020088e+08
1.117311e+06 9.284300e+03 2.017804e+08
1.116621e+06 9.347720e+03 2.015539e+08
1.115937e+06 9.411139e+03 2.013292e+08
1.115257e+06 9.474559e+03 2.011062e+08
1.114583e+06 9.537979e+03 2.008850e+08
1.113746e+06 9.617253e+03 2.006109e+08
1.113083e+06 9.680673e+03 2.003934e+08
1.112424e+06 9.744092e+03 2.001777e+08
1.111770e+06 9.807512e+03 1.999636e+08
1.110959e+06 9.886786e+03 1.996982e+08
1.110317e+06 9.950206e+03 1.994877e+08
1.109476e+06 1.003582e+04 1.992050e+08
1.108829e+06 1.010241e+04 1.989874e+08
1.108187e+06 1.016900e+04 1.987716e+08
1.107549e+06 1.023559e+04 1.985575e+08
1.106915e+06 1.030218e+04 1.983449e+08
1.106078e+06 1.039097e+04 1.980640e+08
1.105454e+06 1.045756e+04 1.978552e+08
1.104836e+06 1.052415e+04 1.976479e+08
1.104017e+06 1.061294e+04 1.973739e+08
1.103409e+06 1.067953e+04 1.971702e+08
1.102804e+06 1.074612e+04 1.969680e+08
1.102004e+06 1.083491e+04 1.967006e+08
1.101409e+06 1.090150e+04 1.965018e+08
1.100622e+06 1.099029e+04 1.962389e+08
1.100036e+06 1.105688e+04 1.960434e+08
1.099261e+06 1.114567e+04 1.957848e+08
1.098684e+06 1.121226e+04 1.955925e+08
1.097920e+06 1.130104e+04 1.953381e+08
1.097352e+06 1.136763e+04 1.951489e+08
1.096600e+06 1.145642e+04 1.948986e+08
1.096040e+06 1.152301e+04 1.947123e+08
1.095299e+06 1.161180e+04 1.944660e+08
1.094564e+06 1.170059e+04 1.942218e+08
1.094017e+06 1.176718e+04 1.940401e+08
1.093293e+06 1.185596e+04 1.937997e+08
1.092575e+06 1.194475e+04 1.935615e+08
1.091862e+06 1.203354e+04 1.933253e+08
1.091156e+06 1.212233e+04 1.930911e+08
1.090630e+06 1.218892e+04 1.929168e+08
1.089933e+06 1.227770e+04 1.926861e+08
1.089242e+06 1.236649e+04 1.924574e+08
1.088556e+06 1.245528e+04 1.922307e+08
1.087876e+06 1.254407e+04 1.920058e+08
1.087200e+06 1.263285e+04 1.917828e+08
1.086530e+06 1.272164e+04 1.915616e+08
1.085866e+06 1.281043e+04 1.913422e+08
1.085206e+06 1.289922e+04 1.911246e+08
1.084551e+06 1.298800e+04 1.909088e+08
1.083901e+06 1.307679e+04 1.906947e+08
1.083256e+06 1.316558e+04 1.904823e+08
1.082457e+06 1.327656e+04 1.902192e+08
1.081823e+06 1.336535e+04 1.900106e+08
1.081193e+06 1.345414e+04 1.898036e+08
1.080568e+06 1.354293e+04 1.895982e+08
1.079793e+06 1.365391e+04 1.893437e+08
1.079178e+06 1.374270e+04 1.891418e+08
1.078567e+06 1.383148e+04 1.889415e+08
1.077810e+06 1.394247e+04 1.886932e+08
1.077209e+06 1.403126e+04 1.884963e+08
1.076612e+06 1.412004e+04 1.883008e+08
1.075872e+06 1.423103e+04 1.880585e+08
1.075284e+06 1.431982e+04 1.878662e+08
1.074555e+06 1.443080e+04 1.876279e+08
1.073832e+06 1.454178e+04 1.873917e+08
1.073259e+06 1.463057e+04 1.872043e+08
1.072547e+06 1.474156e+04 1.869719e+08
1.071982e+06 1.483034e+04 1.867875e+08
1.071280e+06 1.494133e+04 1.865588e+08
1.070585e+06 1.505231e+04 1.863321e+08
1.069895e+06 1.516330e+04 1.861074e+08
1.069347e+06 1.525208e+04 1.859290e+08
1.068667e+06 1.536307e+04 1.857078e+08
1.067993e+06 1.547405e+04 1.854884e+08
1.067324e+06 1.558504e+04 1.852710e+08
1.066660e+06 1.569602e+04 1.850553e+08
1.066001e+06 1.580700e+04 1.848415e+08
1.065348e+06 1.591799e+04 1.846294e+08
1.064700e+06 1.602897e+04 1.844191e+08
1.064056e+06 1.613996e+04 1.842105e+08
1.063418e+06 1.625094e+04 1.840037e+08
1.062784e+06 1.636193e+04 1.837985e+08
1.062030e+06 1.649511e+04 1.835544e+08
1.061407e+06 1.660609e+04 1.833528e+08
1.060788e+06 1.671708e+04 1.831528e+08
1.060174e+06 1.682806e+04 1.829544e+08
1.059443e+06 1.696124e+04 1.827183e+08
1.058839e+06 1.707223e+04 1.825233e+08
1.058239e+06 1.718321e+04 1.823297e+08
1.057525e+06 1.731639e+04 1.820995e+08
1.056935e+06 1.742737e+04 1.819092e+08
1.056232e+06 1.756056e+04 1.816827e+08
1.055535e+06 1.769374e+04 1.814583e+08
1.054958e+06 1.780472e+04 1.812728e+08
1.054272e+06 1.793790e+04 1.810520e+08
1.053704e+06 1.804889e+04 1.808696e+08
1.053028e+06 1.818207e+04 1.806524e+08
1.052357e+06 1.831525e+04 1.804371e+08
1.051692e+06 1.844843e+04 1.802236e+08
1.051032e+06 1.858161e+04 1.800120e+08
1.050487e+06 1.869260e+04 1.798370e+08
1.049837e+06 1.882578e+04 1.796287e+08
1.049192e+06 1.895896e+04 1.794222e+08
1.048552e+06 1.909214e+04 1.792173e+08
1.047917e+06 1.922532e+04 1.790142e+08
1.047287e+06 1.935850e+04 1.788128e+08
1.046558e+06 1.951388e+04 1.785798e+08
1.045938e+06 1.964706e+04 1.783820e+08
1.045323e+06 1.978024e+04 1.781857e+08
1.044713e+06 1.991342e+04 1.779910e+08
1.044007e+06 2.006880e+04 1.777658e+08
1.043406e+06 2.020198e+04 1.775745e+08
1.042810e+06 2.033516e+04 1.773847e+08
1.042121e+06 2.049054e+04 1.771651e+08
1.041534e+06 2.062372e+04 1.769784e+08
1.040855e+06 2.077910e+04 1.767625e+08
1.040278e+06 2.091228e+04 1.765790e+08
1.039610e+06 2.106766e+04 1.763667e+08
1.038947e+06 2.122304e+04 1.761563e+08
1.038383e+06 2.135622e+04 1.759774e+08
1.037731e+06 2.151160e+04 1.757704e+08
1.037083e+06 2.166697e+04 1.755652e+08
1.036441e+06 2.182235e+04 1.753618e+08
1.035804e+06 2.197773e+04 1.751601e+08
1.035173e+06 2.213311e+04 1.749601e+08
1.034546e+06 2.228849e+04 1.747618e+08
1.033924e+06 2.244386e+04 1.745652e+08
1.033307e+06 2.259924e+04 1.743703e+08
1.032695e+06 2.275462e+04 1.741770e+08
1.032088e+06 2.291000e+04 1.739853e+08
1.031399e+06 2.308757e+04 1.737681e+08
1.030802e+06 2.324295e+04 1.735797e+08
1.030209e+06 2.339833e+04 1.733928e+08
1.029537e+06 2.357590e+04 1.731811e+08
1.028954e+06 2.373128e+04 1.729975e+08
1.028292e+06 2.390886e+04 1.727894e+08
1.027718e+06 2.406423e+04 1.726088e+08
1.027067e+06 2.424181e+04 1.724042e+08
1.026422e+06 2.441938e+04 1.722014e+08
1.025861e+06 2.457476e+04 1.720254e+08
1.025226e+06 2.475234e+04 1.718260e+08
1.024596e+06 2.492991e+04 1.716283e+08
1.023970e+06 2.510749e+04 1.714323e+08
1.023350e+06 2.528506e+04 1.712380e+08
1.022735e+06 2.546264e+04 1.710453e+08
1.022125e+06 2.564021e+04 1.708544e+08
1.021520e+06 2.581779e+04 1.706650e+08
1.020919e+06 2.599536e+04 1.704772e+08
1.020323e+06 2.617294e+04 1.702910e+08
1.019659e+06 2.637271e+04 1.700833e+08
1.019073e+06 2.655028e+04 1.699004e+08
1.018491e+06 2.672786e+04 1.697189e+08
1.017842e+06 2.692763e+04 1.695166e+08
1.017270e+06 2.710520e+04 1.693382e+08
1.016632e+06 2.730498e+04 1.691393e+08
1.015999e+06 2.750475e+04 1.689422e+08
1.015440e+06 2.768232e+04 1.687684e+08
1.014817e+06 2.788209e+04 1.685746e+08
1.014199e+06 2.808186e+04 1.683825e+08
1.013587e+06 2.828164e+04 1.681921e+08
1.012979e+06 2.848141e+04 1.680033e+08
1.012376e+06 2.868118e+04 1.678162e+08
1.011778e+06 2.888095e+04 1.676306e+08
1.011185e+06 2.908072e+04 1.674467e+08
1.010596e+06 2.928050e+04 1.672643e+08
1.009948e+06 2.950246e+04 1.670635e+08
1.009370e+06 2.970224e+04 1.668844e+08
1.008796e+06 2.990201e+04 1.667068e+08
1.008163e+06 3.012398e+04 1.665111e+08
1.007598e+06 3.032375e+04 1.663366e+08
1.006976e+06 3.054572e+04 1.661443e+08
1.006359e+06 3.076768e+04 1.659538e+08
1.005808e+06 3.096746e+04 1.657838e+08
1.005201e+06 3.118942e+04 1.655965e+08
1.004599e+06 3.141139e+04 1.654109e+08
1.004002e+06 3.163336e+04 1.652269e+08
1.003410e+06 3.185533e+04 1.650445e+08
1.002823e+06 3.207730e+04 1.648638e+08
1.002241e+06 3.229927e+04 1.646846e+08
1.001605e+06 3.254343e+04 1.644892e+08
1.001033e+06 3.276540e+04 1.643132e+08
1.000465e+06 3.298737e+04 1.641388e+08
9.998455e+05 3.323154e+04 1.639485e+08
9.992870e+05 3.345350e+04 1.637771e+08
9.986778e+05 3.369767e+04 1.635903e+08
9.980738e+05 3.394183e+04 1.634051e+08
9.975291e+05 3.416380e+04 1.632382e+08
9.969349e+05 3.440797e+04 1.630562e+08
9.963457e+05 3.465213e+04 1.628758e+08
9.957615e+05 3.489630e+04 1.626971e+08
9.951822e+05 3.514046e+04 1.625199e+08
9.946077e+05 3.538463e+04 1.623443e+08
9.940380e+05 3.562880e+04 1.621703e+08
9.934219e+05 3.589516e+04 1.619821e+08
9.928619e+05 3.613932e+04 1.618112e+08
9.922563e+05 3.640569e+04 1.616265e+08
9.917058e+05 3.664985e+04 1.614587e+08
9.911104e+05 3.691621e+04 1.612772e+08
9.905691e+05 3.716038e+04 1.611124e+08
9.899835e+05 3.742674e+04 1.609341e+08
9.894030e+05 3.769310e+04 1.607575e+08
9.888275e+05 3.795947e+04 1.605825e+08
9.882569e+05 3.822583e+04 1.604090e+08
9.876911e+05 3.849219e+04 1.602372e+08
9.871301e+05 3.875855e+04 1.600668e+08
9.865277e+05 3.904711e+04 1.598840e+08
9.859764e+05 3.931347e+04 1.597168e+08
9.854297e+05 3.957984e+04 1.595510e+08
9.848426e+05 3.986839e+04 1.593731e+08
9.842606e+05 4.015695e+04 1.591968e+08
9.837280e+05 4.042332e+04 1.590356e+08
9.831559e+05 4.071188e+04 1.588625e+08
9.825888e+05 4.100043e+04 1.586910e+08
9.820266e+05 4.128899e+04 1.585210e+08
9.814693e+05 4.157755e+04 1.583526e+08
9.809168e+05 4.186611e+04 1.581858e+08
9.803270e+05 4.217687e+04 1.580078e+08
9.797842e+05 4.246543e+04 1.578440e+08
9.792460e+05 4.275399e+04 1.576817e+08
9.786715e+05 4.306474e+04 1.575086e+08
9.781021e+05 4.337550e+04 1.573371e+08
9.775780e+05 4.366406e+04 1.571793e+08
9.770184e+05 4.397481e+04 1.570109e+08
9.764638e+05 4.428557e+04 1.568441e+08
9.759140e+05 4.459632e+04 1.566788e+08
9.753691e+05 4.490708e+04 1.565150e+08
9.747905e+05 4.524003e+04 1.563413e+08
9.742554e+05 4.555079e+04 1.561806e+08
9.737249e+05 4.586155e+04 1.560214e+08
9.731615e+05 4.619450e+04 1.558525e+08
9.726033e+05 4.652745e+04 1.556852e+08
9.720869e+05 4.683821e+04 1.555304e+08
9.715384e+05 4.717116e+04 1.553662e+08
9.709948e+05 4.750411e+04 1.552035e+08
9.704561e+05 4.783707e+04 1.550423e+08
9.699222e+05 4.817002e+04 1.548827e+08
9.693579e+05 4.852517e+04 1.547140e+08
9.688337e+05 4.885812e+04 1.545574e+08
9.683141e+05 4.919107e+04 1.544023e+08
9.677652e+05 4.954622e+04 1.542385e+08
9.672213e+05 4.990137e+04 1.540762e+08
9.667062e+05 5.024067e+04 1.539226e+08
9.661484e+05 5.061167e+04 1.537564e+08
9.656382e+05 5.095414e+04 1.536044e+08
9.650905e+05 5.132514e+04 1.534414e+08
9.645896e+05 5.166761e+04 1.532923e+08
9.640517e+05 5.203861e+04 1.531323e+08
9.635189e+05 5.240962e+04 1.529739e+08
9.629910e+05 5.278062e+04 1.528171e+08
9.624680e+05 5.315163e+04 1.526617e+08
9.619498e+05 5.352263e+04 1.525079e+08
9.614364e+05 5.389364e+04 1.523555e+08
9.609276e+05 5.426464e+04 1.522046e+08
9.603849e+05 5.466418e+04 1.520437e+08
9.598856e+05 5.503519e+04 1.518958e+08
9.593530e+05 5.543473e+04 1.517380e+08
9.588254e+05 5.583427e+04 1.515818e+08
9.583401e+05 5.620528e+04 1.514382e+08
9.578223e+05 5.660482e+04 1.512851e+08
9.573093e+05 5.700437e+04 1.511334e+08
9.568012e+05 5.740391e+04 1.509833e+08
9.562979e+05 5.780345e+04 1.508346e+08
9.557638e+05 5.823154e+04 1.506770e+08
9.552701e+05 5.863108e+04 1.505313e+08
9.547811e+05 5.903062e+04 1.503870e+08
9.542620e+05 5.945870e+04 1.502340e+08
9.537481e+05 5.988679e+04 1.500826e+08
9.532730e+05 6.028633e+04 1.499426e+08
9.527687e+05 6.071441e+04 1.497942e+08
9.522694e+05 6.114249e+04 1.496472e+08
9.517748e+05 6.157058e+04 1.495018e+08
9.512850e+05 6.199866e+04 1.493578e+08
9.507677e+05 6.245528e+04 1.492057e+08
9.502875e+05 6.288336e+04 1.490647e+08
9.497803e+05 6.333998e+04 1.489158e+08
9.493094e+05 6.376806e+04 1.487776e+08
9.488120e+05 6.422469e+04 1.486317e+08
9.483195e+05 6.468131e+04 1.484873e+08
9.478319e+05 6.513793e+04 1.483444e+08
9.473491e+05 6.559455e+04 1.482029e+08
9.468710e+05 6.605117e+04 1.480630e+08
9.463977e+05 6.650779e+04 1.479244e+08
9.458998e+05 6.699295e+04 1.477788e+08
9.454358e+05 6.744957e+04 1.476431e+08
9.449478e+05 6.793473e+04 1.475005e+08
9.444931e+05 6.839135e+04 1.473676e+08
9.440147e+05 6.887651e+04 1.472279e+08
9.435412e+05 6.936167e+04 1.470897e+08
9.430724e+05 6.984683e+04 1.469529e+08
9.425812e+05 7.036053e+04 1.468096e+08
9.421221e+05 7.084569e+04 1.466758e+08
9.416676e+05 7.133085e+04 1.465433e+08
9.411912e+05 7.184455e+04 1.464046e+08
9.407198e+05 7.235825e+04 1.462673e+08
9.402534e+05 7.287195e+04 1.461316e+08
9.397917e+05 7.338564e+04 1.459973e+08
9.393349e+05 7.389934e+04 1.458644e+08
9.388827e+05 7.441304e+04 1.457330e+08
9.384352e+05 7.492674e+04 1.456030e+08
9.379677e+05 7.546898e+04 1.454672e+08
9.375295e+05 7.598268e+04 1.453400e+08
9.370717e+05 7.652491e+04 1.452072e+08
9.366188e+05 7.706715e+04 1.450758e+08
9.361707e+05 7.760939e+04 1.449459e+08
9.357274e+05 7.815163e+04 1.448174e+08
9.352887e+05 7.869386e+04 1.446904e+08
9.348318e+05 7.926464e+04 1.445581e+08
9.344025e+05 7.980688e+04 1.444338e+08
9.339554e+05 8.037765e+04 1.443045e+08
9.335132e+05 8.094843e+04 1.441766e+08
9.330758e+05 8.151921e+04 1.440501e+08
9.326431e+05 8.208998e+04 1.439251e+08
9.322151e+05 8.266076e+04 1.438015e+08
9.317917e+05 8.323154e+04 1.436792e+08
9.313520e+05 8.383085e+04 1.435523e+08
9.309378e+05 8.440163e+04 1.434328e+08
9.305076e+05 8.500094e+04 1.433087e+08
9.300822e+05 8.560026e+04 1.431861e+08
9.296615e+05 8.619957e+04 1.430649e+08
9.292258e+05 8.682743e+04 1.429394e+08
9.288146e+05 8.742674e+04 1.428210e+08
9.283886e+05 8.805459e+04 1.426984e+08
9.279865e+05 8.865391e+04 1.425827e+08
9.275699e+05 8.928176e+04 1.424629e+08
9.271581e+05 8.990962e+04 1.423445e+08
9.267509e+05 9.053747e+04 1.422275e+08
9.263302e+05 9.119386e+04 1.421066e+08
9.259323e+05 9.182172e+04 1.419924e+08
9.255212e+05 9.247811e+04 1.418744e+08
9.251148e+05 9.313450e+04 1.417578e+08
9.247305e+05 9.376236e+04 1.416475e+08
9.243161e+05 9.444729e+04 1.415287e+08
9.239237e+05 9.510368e+04 1.414163e+08
9.235358e+05 9.576007e+04 1.413051e+08
9.231358e+05 9.644501e+04 1.411906e+08
9.227405e+05 9.712994e+04 1.410774e+08
9.223500e+05 9.781487e+04 1.409657e+08
9.219642e+05 9.849980e+04 1.408553e+08
9.215830e+05 9.918473e+04 1.407463e+08
9.212063e+05 9.986966e+04 1.406386e+08
9.208185e+05 1.005831e+05 1.405278e+08
9.204439e+05 1.012807e+05 1.404208e+08
9.200571e+05 1.020101e+05 1.403103e+08
9.196751e+05 1.027394e+05 1.402013e+08
9.193141e+05 1.034370e+05 1.400983e+08
9.189412e+05 1.041663e+05 1.399919e+08
9.185729e+05 1.048957e+05 1.398869e+08
9.181934e+05 1.056567e+05 1.397787e+08
9.178343e+05 1.063860e+05 1.396764e+08
9.174641e+05 1.071471e+05 1.395709e+08
9.170987e+05 1.079081e+05 1.394669e+08
9.167528e+05 1.086374e+05 1.393684e+08
9.163815e+05 1.094302e+05 1.392628e+08
9.160297e+05 1.101912e+05 1.391627e+08
9.156822e+05 1.109522e+05 1.390639e+08
9.153249e+05 1.117450e+05 1.389623e+08
9.149722e+05 1.125377e+05 1.388621e+08
9.146241e+05 1.133305e+05 1.387632e+08
9.142804e+05 1.141232e+05 1.386656e+08
9.139411e+05 1.149160e+05 1.385693e+08
9.135929e+05 1.157404e+05 1.384704e+08
9.132625e+05 1.165332e+05 1.383767e+08
9.129233e+05 1.173576e+05 1.382805e+08
9.125885e+05 1.181821e+05 1.381856e+08
9.122582e+05 1.190065e+05 1.380919e+08
9.119197e+05 1.198627e+05 1.379960e+08
9.115982e+05 1.206871e+05 1.379050e+08
9.112687e+05 1.215433e+05 1.378117e+08
9.109437e+05 1.223995e+05 1.377197e+08
9.106231e+05 1.232556e+05 1.376289e+08
9.102951e+05 1.241435e+05 1.375361e+08
9.099832e+05 1.249997e+05 1.374479e+08
9.096642e+05 1.258875e+05 1.373577e+08
9.093495e+05 1.267754e+05 1.372688e+08
9.090393e+05 1.276633e+05 1.371811e+08
9.087333e+05 1.285512e+05 1.370947e+08
9.084208e+05 1.294708e+05 1.370064e+08
9.081128e+05 1.303903e+05 1.369195e+08
9.078091e+05 1.313099e+05 1.368338e+08
9.075097e+05 1.322295e+05 1.367493e+08
9.072145e+05 1.331491e+05 1.366661e+08
9.069136e+05 1.341004e+05 1.365812e+08
9.066268e+05 1.350200e+05 1.365003e+08
9.063343e+05 1.359713e+05 1.364179e+08
9.060461e+05 1.369226e+05 1.363367e+08
9.057526e+05 1.379056e+05 1.362540e+08
9.054728e+05 1.388569e+05 1.361752e+08
9.051878e+05 1.398399e+05 1.360950e+08
9.049071e+05 1.408229e+05 1.360160e+08
9.046305e+05 1.418059e+05 1.359382e+08
9.043493e+05 1.428206e+05 1.358591e+08
9.040724e+05 1.438353e+05 1.357812e+08
9.037997e+05 1.448500e+05 1.357046e+08
9.035311e+05 1.458647e+05 1.356291e+08
9.032665e+05 1.468794e+05 1.355547e+08
9.029979e+05 1.479259e+05 1.354793e+08
9.027414e+05 1.489406e+05 1.354072e+08
9.024809e+05 1.499870e+05 1.353341e+08
9.022167e+05 1.510651e+05 1.352599e+08
9.019643e+05 1.521115e+05 1.351891e+08
9.017083e+05 1.531897e+05 1.351173e+08
9.014564e+05 1.542678e+05 1.350466e+08
9.012084e+05 1.553459e+05 1.349771e+08
9.009573e+05 1.564558e+05 1.349067e+08
9.007172e+05 1.575339e+05 1.348394e+08
9.004740e+05 1.586438e+05 1.347712e+08
9.002279e+05 1.597853e+05 1.347023e+08
8.999926e+05 1.608952e+05 1.346364e+08
8.997545e+05 1.620367e+05 1.345697e+08
8.995204e+05 1.631783e+05 1.345041e+08
8.992901e+05 1.643198e+05 1.344397e+08
8.990636e+05 1.654614e+05 1.343763e+08
8.988347e+05 1.666346e+05 1.343122e+08
8.986096e+05 1.678079e+05 1.342493e+08
8.983883e+05 1.689812e+05 1.341874e+08
8.981650e+05 1.701861e+05 1.341250e+08
8.979454e+05 1.713911e+05 1.340636e+08
8.977297e+05 1.725961e+05 1.340033e+08
8.975177e+05 1.738010e+05 1.339440e+08
8.973093e+05 1.750060e+05 1.338858e+08
8.970991e+05 1.762427e+05 1.338271e+08
8.968926e+05 1.774794e+05 1.337695e+08
8.966846e+05 1.787478e+05 1.337114e+08
8.964853e+05 1.799845e+05 1.336558e+08
8.962846e+05 1.812528e+05 1.335997e+08
8.960826e+05 1.825529e+05 1.335434e+08
8.958891e+05 1.838213e+05 1.334894e+08
8.956943e+05 1.851214e+05 1.334350e+08
8.955030e+05 1.864215e+05 1.333817e+08
8.953152e+05 1.877216e+05 1.333294e+08
8.951264e+05 1.890535e+05 1.332767e+08
8.949412e+05 1.903853e+05 1.332251e+08
8.947593e+05 1.917171e+05 1.331744e+08
8.945767e+05 1.930806e+05 1.331235e+08
8.944016e+05 1.944124e+05 1.330747e+08
8.942217e+05 1.958076e+05 1.330246e+08
8.940492e+05 1.971712e+05 1.329766e+08
8.938761e+05 1.985664e+05 1.329284e+08
8.937063e+05 1.999616e+05 1.328812e+08
8.935398e+05 2.013569e+05 1.328348e+08
8.933729e+05 2.027838e+05 1.327884e+08
8.932093e+05 2.042107e+05 1.327428e+08
8.930488e+05 2.056377e+05 1.326982e+08
8.928881e+05 2.070963e+05 1.326535e+08
8.927306e+05 2.085550e+05 1.326097e+08
8.925762e+05 2.100136e+05 1.325667e+08
