1.118964e+07 3.170979e-07 1.233751e+10
1.117069e+07 6.341958e-07 1.230039e+10
1.115231e+07 9.512938e-07 1.226447e+10
1.113449e+07 1.268392e-06 1.222966e+10
1.111719e+07 1.585490e-06 1.219591e+10
1.110038e+07 1.902588e-06 1.216315e+10
1.108404e+07 2.219685e-06 1.213134e+10
1.106814e+07 2.536783e-06 1.210044e+10
1.105267e+07 2.853881e-06 1.207040e+10
1.103760e+07 3.170979e-06 1.204116e+10
1.102291e+07 3.488077e-06 1.201270e+10
1.100858e+07 3.805175e-06 1.198497e+10
1.099460e+07 4.122273e-06 1.195793e+10
1.098095e+07 4.439371e-06 1.193156e+10
1.096762e+07 4.756469e-06 1.190582e+10
1.095458e+07 5.073567e-06 1.188069e+10
1.094184e+07 5.390665e-06 1.185614e+10
1.092937e+07 5.707763e-06 1.183214e+10
1.091716e+07 6.024860e-06 1.180867e+10
1.090521e+07 6.341958e-06 1.178571e+10
1.089351e+07 6.659056e-06 1.176323e+10
1.088203e+07 6.976154e-06 1.174122e+10
1.087078e+07 7.293252e-06 1.171966e+10
1.085975e+07 7.610350e-06 1.169853e+10
1.084893e+07 7.927448e-06 1.167782e+10
1.083831e+07 8.244546e-06 1.165751e+10
1.082788e+07 8.561644e-06 1.163758e+10
1.081764e+07 8.878742e-06 1.161802e+10
1.080757e+07 9.195840e-06 1.159883e+10
1.079769e+07 9.512938e-06 1.157998e+10
1.078797e+07 9.830036e-06 1.156146e+10
1.077841e+07 1.014713e-05 1.154327e+10
1.076901e+07 1.046423e-05 1.152539e+10
1.075977e+07 1.078133e-05 1.150781e+10
1.075067e+07 1.109843e-05 1.149052e+10
1.074172e+07 1.141553e-05 1.147352e+10
1.073290e+07 1.173262e-05 1.145679e+10
1.072422e+07 1.204972e-05 1.144033e+10
1.071567e+07 1.236682e-05 1.142413e+10
1.070725e+07 1.268392e-05 1.140818e+10
1.069895e+07 1.300101e-05 1.139247e+10
1.069078e+07 1.331811e-05 1.137700e+10
1.068272e+07 1.363521e-05 1.136176e+10
1.067477e+07 1.395231e-05 1.134674e+10
1.066693e+07 1.426941e-05 1.133194e+10
1.065920e+07 1.458650e-05 1.131735e+10
1.065157e+07 1.490360e-05 1.130297e+10
1.064405e+07 1.522070e-05 1.128878e+10
1.063663e+07 1.553780e-05 1.127480e+10
1.062930e+07 1.585490e-05 1.126100e+10
1.062207e+07 1.617199e-05 1.124738e+10
1.061493e+07 1.648909e-05 1.123395e+10
1.060787e+07 1.680619e-05 1.122069e+10
1.060091e+07 1.712329e-05 1.120760e+10
1.059403e+07 1.744039e-05 1.119468e+10
1.058724e+07 1.775748e-05 1.118192e+10
1.058052e+07 1.807458e-05 1.116933e+10
1.057389e+07 1.839168e-05 1.115688e+10
1.056733e+07 1.870878e-05 1.114459e+10
1.056085e+07 1.902588e-05 1.113245e+10
1.055445e+07 1.934297e-05 1.112045e+10
1.054811e+07 1.966007e-05 1.110860e+10
1.054185e+07 1.997717e-05 1.109688e+10
1.053566e+07 2.029427e-05 1.108529e+10
1.052953e+07 2.061136e-05 1.107384e+10
1.052346e+07 2.092846e-05 1.106250e+10
1.051746e+07 2.124556e-05 1.105129e+10
1.051152e+07 2.156266e-05 1.104020e+10
1.050564e+07 2.187976e-05 1.102923e+10
1.049982e+07 2.219685e-05 1.101837e+10
1.049405e+07 2.251395e-05 1.100762e+10
1.048835e+07 2.283105e-05 1.099698e+10
1.048270e+07 2.314815e-05 1.098646e+10
1.047710e+07 2.346525e-05 1.097604e+10
1.047156e+07 2.378234e-05 1.096572e+10
1.046607e+07 2.409944e-05 1.095550e+10
1.046063e+07 2.441654e-05 1.094539e+10
1.045524e+07 2.473364e-05 1.093538e+10
1.044991e+07 2.505074e-05 1.092546e+10
1.044462e+07 2.536783e-05 1.091563e+10
1.043938e+07 2.568493e-05 1.090590e+10
1.043418e+07 2.600203e-05 1.089626e+10
1.042904e+07 2.631913e-05 1.088671e+10
1.042394e+07 2.663623e-05 1.087725e+10
1.041888e+07 2.695332e-05 1.086788e+10
1.041387e+07 2.727042e-05 1.085859e+10
1.037528e+07 2.980720e-05 1.078719e+10
1.032616e+07 3.329528e-05 1.069660e+10
1.028104e+07 3.678336e-05 1.061368e+10
1.023208e+07 4.090563e-05 1.052401e+10
1.018052e+07 4.566210e-05 1.042996e+10
1.013042e+07 5.073567e-05 1.033891e+10
1.007907e+07 5.644343e-05 1.024596e+10
1.002720e+07 6.278539e-05 1.015245e+10
9.975273e+06 6.976154e-05 1.005920e+10
9.923366e+06 7.737189e-05 9.966363e+09
9.868031e+06 8.625063e-05 9.867813e+09
9.813972e+06 9.576357e-05 9.771949e+09
9.758152e+06 1.065449e-04 9.673392e+09
9.701459e+06 1.185946e-04 9.573740e+09
9.645822e+06 1.315956e-04 9.476385e+09
9.587590e+06 1.464992e-04 9.374955e+09
9.528891e+06 1.629883e-04 9.273194e+09
9.470185e+06 1.810629e-04 9.171908e+09
9.409456e+06 2.013572e-04 9.067643e+09
9.346601e+06 2.241882e-04 8.960278e+09
9.283259e+06 2.492390e-04 8.852647e+09
9.218527e+06 2.771436e-04 8.743243e+09
9.152418e+06 3.082192e-04 8.632125e+09
9.084536e+06 3.427829e-04 8.518674e+09
9.015034e+06 3.811517e-04 8.403198e+09
8.942958e+06 4.239599e-04 8.284172e+09
8.868070e+06 4.715246e-04 8.161291e+09
8.790257e+06 5.244800e-04 8.034462e+09
8.709946e+06 5.831431e-04 7.904472e+09
8.625889e+06 6.487823e-04 7.769413e+09
8.538778e+06 7.213978e-04 7.630524e+09
8.447356e+06 8.022577e-04 7.485939e+09
8.351292e+06 8.923135e-04 7.335319e+09
8.250696e+06 9.925165e-04 7.179029e+09
8.122908e+06 1.126966e-03 6.982619e+09
8.009954e+06 1.253805e-03 6.810996e+09
7.903118e+06 1.380644e-03 6.650390e+09
7.777532e+06 1.539193e-03 6.463744e+09
7.659833e+06 1.697742e-03 6.290932e+09
7.527408e+06 1.888001e-03 6.098951e+09
7.383626e+06 2.109970e-03 5.893458e+09
7.250045e+06 2.331938e-03 5.705310e+09
7.108404e+06 2.585616e-03 5.508731e+09
6.945785e+06 2.902714e-03 5.286763e+09
6.797131e+06 3.219812e-03 5.087359e+09
6.647570e+06 3.568620e-03 4.890117e+09
6.487011e+06 3.980847e-03 4.682173e+09
6.330867e+06 4.424784e-03 4.483745e+09
6.179787e+06 4.900431e-03 4.295341e+09
6.025808e+06 5.439498e-03 4.106970e+09
5.864207e+06 6.073694e-03 3.913259e+09
5.713486e+06 6.739599e-03 3.736292e+09
5.560618e+06 7.500634e-03 3.560471e+09
5.414354e+06 8.325089e-03 3.395726e+09
5.265760e+06 9.276383e-03 3.231863e+09
5.122101e+06 1.032281e-02 3.076806e+09
4.969636e+06 1.159120e-02 2.915892e+09
4.837808e+06 1.285959e-02 2.779816e+09
4.695655e+06 1.444508e-02 2.636279e+09
4.573455e+06 1.603057e-02 2.515560e+09
4.467053e+06 1.761606e-02 2.412467e+09
4.355940e+06 1.951865e-02 2.306830e+09
4.244325e+06 2.173833e-02 2.202805e+09
4.135463e+06 2.427511e-02 2.103374e+09
4.042079e+06 2.681190e-02 2.019686e+09
3.942336e+06 2.998288e-02 1.931911e+09
3.849285e+06 3.347095e-02 1.851557e+09
3.769907e+06 3.695903e-02 1.784193e+09
3.689568e+06 4.108130e-02 1.717130e+09
3.611045e+06 4.583777e-02 1.652673e+09
3.540104e+06 5.091134e-02 1.595369e+09
3.472335e+06 5.661910e-02 1.541456e+09
3.408698e+06 6.296106e-02 1.491570e+09
3.349417e+06 6.993721e-02 1.445746e+09
3.292492e+06 7.786466e-02 1.402335e+09
3.240705e+06 8.642631e-02 1.363345e+09
3.190629e+06 9.625634e-02 1.326102e+09
3.134105e+06 1.095745e-01 1.284607e+09
3.100233e+06 1.190874e-01 1.260018e+09
3.052969e+06 1.349423e-01 1.226010e+09
3.021466e+06 1.476262e-01 1.203569e+09
2.988096e+06 1.634811e-01 1.179995e+09
2.954930e+06 1.825070e-01 1.156769e+09
2.923380e+06 2.047038e-01 1.134863e+09
2.897593e+06 2.269007e-01 1.117094e+09
2.873450e+06 2.522685e-01 1.100570e+09
2.851453e+06 2.808073e-01 1.085609e+09
2.833666e+06 3.093461e-01 1.073577e+09
2.816263e+06 3.442269e-01 1.061862e+09
2.800283e+06 3.854496e-01 1.051154e+09
2.787940e+06 4.266724e-01 1.042916e+09
2.776955e+06 4.742371e-01 1.035608e+09
2.767506e+06 5.281437e-01 1.029340e+09
2.759558e+06 5.883923e-01 1.024081e+09
2.753216e+06 6.518119e-01 1.019893e+09
2.747640e+06 7.247444e-01 1.016216e+09
2.742792e+06 8.071899e-01 1.013025e+09
2.738681e+06 8.959773e-01 1.010323e+09
2.734883e+06 9.974486e-01 1.007828e+09
2.730495e+06 1.127459e+00 1.004950e+09
2.726936e+06 1.254298e+00 1.002618e+09
2.723892e+06 1.381137e+00 1.000626e+09
2.720617e+06 1.539686e+00 9.984836e+08
2.717746e+06 1.698235e+00 9.966079e+08
2.714675e+06 1.888494e+00 9.946032e+08
2.711463e+06 2.110462e+00 9.925082e+08
2.708554e+06 2.332431e+00 9.906124e+08
2.705167e+06 2.617819e+00 9.884068e+08
2.702093e+06 2.903207e+00 9.864075e+08
2.698975e+06 3.220305e+00 9.843812e+08
2.695831e+06 3.569113e+00 9.823393e+08
2.692427e+06 3.981340e+00 9.801314e+08
2.689066e+06 4.425277e+00 9.779534e+08
2.685538e+06 4.932634e+00 9.756694e+08
2.682087e+06 5.471700e+00 9.734373e+08
2.678521e+06 6.074186e+00 9.711335e+08
2.674704e+06 6.771802e+00 9.686700e+08
2.670850e+06 7.532837e+00 9.661848e+08
2.666972e+06 8.357291e+00 9.636881e+08
2.662803e+06 9.308585e+00 9.610063e+08
2.656029e+06 1.064040e+01 9.566563e+08
2.652292e+06 1.159169e+01 9.542604e+08
2.647596e+06 1.286008e+01 9.512529e+08
2.641881e+06 1.444557e+01 9.475988e+08
2.636162e+06 1.603106e+01 9.439485e+08
2.630296e+06 1.761655e+01 9.402104e+08
2.621602e+06 1.983624e+01 9.346826e+08
2.612115e+06 2.205592e+01 9.286668e+08
2.601600e+06 2.427561e+01 9.220191e+08
2.586301e+06 2.712949e+01 9.123840e+08
2.568795e+06 2.998337e+01 9.014135e+08
2.544229e+06 3.347145e+01 8.861172e+08
2.513279e+06 3.727662e+01 8.670090e+08
2.474991e+06 4.139889e+01 8.436239e+08
2.428568e+06 4.583827e+01 8.156470e+08
2.366822e+06 5.122893e+01 7.790406e+08
2.297220e+06 5.693669e+01 7.386082e+08
2.219098e+06 6.327865e+01 6.943587e+08
2.136362e+06 7.025481e+01 6.488131e+08
2.050388e+06 7.818225e+01 6.029304e+08
1.969690e+06 8.674390e+01 5.612165e+08
1.893147e+06 9.657393e+01 5.228715e+08
1.827104e+06 1.073553e+02 4.906981e+08
1.771473e+06 1.194050e+02 4.642145e+08
1.726302e+06 1.327231e+02 4.431898e+08
1.689483e+06 1.476267e+02 4.263725e+08
1.659431e+06 1.641158e+02 4.128598e+08
1.633903e+06 1.825075e+02 4.015334e+08
1.611269e+06 2.031188e+02 3.916074e+08
1.590714e+06 2.259499e+02 3.826885e+08
1.571699e+06 2.510006e+02 3.745191e+08
1.553340e+06 2.792223e+02 3.667058e+08
1.534476e+06 3.128347e+02 3.587533e+08
1.517560e+06 3.477155e+02 3.516880e+08
1.501351e+06 3.857672e+02 3.449764e+08
1.484791e+06 4.301609e+02 3.381786e+08
1.469240e+06 4.777256e+02 3.318492e+08
1.454599e+06 5.284613e+02 3.259393e+08
1.439260e+06 5.887099e+02 3.197977e+08
1.424408e+06 6.553005e+02 3.138684e+08
1.410154e+06 7.282330e+02 3.081774e+08
1.395909e+06 8.106784e+02 3.025370e+08
1.382320e+06 8.994659e+02 2.972004e+08
1.368687e+06 1.000000e+03 2.918891e+08
1.368675e+06 1.000095e+03 2.918846e+08
1.368665e+06 1.000191e+03 2.918806e+08
1.368687e+06 1.000286e+03 2.918892e+08
1.368834e+06 1.000382e+03 2.919461e+08
1.369208e+06 1.000477e+03 2.920911e+08
1.369876e+06 1.000573e+03 2.923504e+08
1.370865e+06 1.000668e+03 2.927348e+08
1.372175e+06 1.000764e+03 2.932439e+08
1.373786e+06 1.000859e+03 2.938704e+08
1.375669e+06 1.000955e+03 2.946036e+08
1.377814e+06 1.001051e+03 2.954400e+08
1.380137e+06 1.001146e+03 2.963470e+08
1.382633e+06 1.001241e+03 2.973225e+08
1.385316e+06 1.001338e+03 2.983732e+08
1.388073e+06 1.001433e+03 2.994542e+08
1.390921e+06 1.001528e+03 3.005733e+08
1.393842e+06 1.001623e+03 3.017226e+08
1.396867e+06 1.001720e+03 3.029147e+08
1.399880e+06 1.001815e+03 3.041046e+08
1.402918e+06 1.001910e+03 3.053065e+08
1.406021e+06 1.002007e+03 3.065359e+08
1.409076e+06 1.002102e+03 3.077490e+08
1.412127e+06 1.002197e+03 3.089624e+08
1.415167e+06 1.002292e+03 3.101735e+08
1.418240e+06 1.002389e+03 3.114001e+08
1.421241e+06 1.002484e+03 3.125999e+08
1.424217e+06 1.002579e+03 3.137916e+08
1.427212e+06 1.002676e+03 3.149934e+08
1.430127e+06 1.002771e+03 3.161649e+08
1.433047e+06 1.002866e+03 3.173247e+08
1.435980e+06 1.002963e+03 3.184912e+08
1.438829e+06 1.003058e+03 3.196258e+08
1.441640e+06 1.003153e+03 3.207473e+08
1.444460e+06 1.003250e+03 3.218737e+08
1.447194e+06 1.003345e+03 3.229680e+08
1.449936e+06 1.003442e+03 3.240665e+08
1.452593e+06 1.003537e+03 3.251331e+08
1.455213e+06 1.003632e+03 3.261860e+08
1.457837e+06 1.003729e+03 3.272423e+08
1.460381e+06 1.003824e+03 3.282676e+08
1.462929e+06 1.003921e+03 3.292961e+08
1.465399e+06 1.004016e+03 3.302942e+08
1.467832e+06 1.004111e+03 3.312790e+08
1.470269e+06 1.004208e+03 3.322667e+08
1.472632e+06 1.004303e+03 3.332252e+08
1.474998e+06 1.004400e+03 3.341867e+08
1.477292e+06 1.004495e+03 3.351197e+08
1.479590e+06 1.004591e+03 3.360557e+08
1.481817e+06 1.004687e+03 3.369641e+08
1.484049e+06 1.004783e+03 3.378755e+08
1.486214e+06 1.004878e+03 3.387601e+08
1.488347e+06 1.004974e+03 3.396333e+08
1.490486e+06 1.005070e+03 3.405095e+08
1.492560e+06 1.005165e+03 3.413603e+08
1.494640e+06 1.005262e+03 3.422141e+08
1.496657e+06 1.005357e+03 3.430433e+08
1.498680e+06 1.005454e+03 3.438757e+08
1.500642e+06 1.005549e+03 3.446842e+08
1.502611e+06 1.005646e+03 3.454960e+08
1.504522e+06 1.005741e+03 3.462846e+08
1.506438e+06 1.005838e+03 3.470766e+08
1.508299e+06 1.005933e+03 3.478461e+08
1.510166e+06 1.006029e+03 3.486191e+08
1.512008e+06 1.006126e+03 3.493828e+08
1.513798e+06 1.006221e+03 3.501250e+08
1.515594e+06 1.006318e+03 3.508708e+08
1.517338e+06 1.006413e+03 3.515957e+08
1.519089e+06 1.006510e+03 3.523242e+08
1.520791e+06 1.006605e+03 3.530325e+08
1.522499e+06 1.006702e+03 3.537443e+08
1.524158e+06 1.006797e+03 3.544366e+08
1.525825e+06 1.006894e+03 3.551324e+08
1.527472e+06 1.006990e+03 3.558204e+08
1.529072e+06 1.007085e+03 3.564896e+08
1.530680e+06 1.007182e+03 3.571624e+08
1.532243e+06 1.007277e+03 3.578170e+08
1.533813e+06 1.007374e+03 3.584752e+08
1.535365e+06 1.007471e+03 3.591263e+08
1.536874e+06 1.007566e+03 3.597598e+08
1.538390e+06 1.007662e+03 3.603970e+08
1.539889e+06 1.007759e+03 3.610274e+08
1.541347e+06 1.007854e+03 3.616410e+08
1.542812e+06 1.007951e+03 3.622582e+08
1.544261e+06 1.008048e+03 3.628689e+08
1.545671e+06 1.008143e+03 3.634634e+08
1.547088e+06 1.008240e+03 3.640617e+08
1.548490e+06 1.008336e+03 3.646537e+08
1.549854e+06 1.008431e+03 3.652302e+08
1.551225e+06 1.008528e+03 3.658104e+08
1.552582e+06 1.008625e+03 3.663847e+08
1.553902e+06 1.008720e+03 3.669440e+08
1.555231e+06 1.008817e+03 3.675070e+08
1.556545e+06 1.008913e+03 3.680645e+08
1.557824e+06 1.009009e+03 3.686074e+08
1.559112e+06 1.009105e+03 3.691542e+08
1.560385e+06 1.009202e+03 3.696956e+08
1.561646e+06 1.009299e+03 3.702318e+08
1.562874e+06 1.009394e+03 3.707543e+08
1.564110e+06 1.009491e+03 3.712805e+08
1.565333e+06 1.009587e+03 3.718018e+08
1.566545e+06 1.009684e+03 3.723182e+08
1.567725e+06 1.009779e+03 3.728215e+08
1.568913e+06 1.009876e+03 3.733286e+08
1.570089e+06 1.009973e+03 3.738310e+08
1.571273e+06 1.010071e+03 3.743372e+08
1.572409e+06 1.010166e+03 3.748226e+08
1.573533e+06 1.010261e+03 3.753037e+08
1.574684e+06 1.010359e+03 3.757964e+08
1.575787e+06 1.010455e+03 3.762690e+08
1.576917e+06 1.010553e+03 3.767531e+08
1.578000e+06 1.010648e+03 3.772176e+08
1.579073e+06 1.010743e+03 3.776781e+08
1.580172e+06 1.010841e+03 3.781499e+08
1.581226e+06 1.010937e+03 3.786026e+08
1.582306e+06 1.011035e+03 3.790664e+08
1.583341e+06 1.011130e+03 3.795115e+08
1.584367e+06 1.011225e+03 3.799530e+08
1.585418e+06 1.011323e+03 3.804054e+08
1.586426e+06 1.011419e+03 3.808395e+08
1.587459e+06 1.011517e+03 3.812845e+08
1.588450e+06 1.011612e+03 3.817116e+08
1.589465e+06 1.011710e+03 3.821494e+08
1.590438e+06 1.011805e+03 3.825696e+08
1.591436e+06 1.011904e+03 3.830004e+08
1.592394e+06 1.011999e+03 3.834139e+08
1.593343e+06 1.012094e+03 3.838243e+08
1.594316e+06 1.012192e+03 3.842449e+08
1.595250e+06 1.012287e+03 3.846488e+08
1.596207e+06 1.012386e+03 3.850629e+08
1.597125e+06 1.012481e+03 3.854605e+08
1.598066e+06 1.012579e+03 3.858683e+08
1.598970e+06 1.012674e+03 3.862598e+08
1.599896e+06 1.012773e+03 3.866613e+08
1.600785e+06 1.012868e+03 3.870469e+08
1.601696e+06 1.012966e+03 3.874423e+08
1.602571e+06 1.013061e+03 3.878221e+08
1.603468e+06 1.013159e+03 3.882117e+08
1.604329e+06 1.013255e+03 3.885858e+08
1.605212e+06 1.013353e+03 3.889696e+08
1.606059e+06 1.013448e+03 3.893382e+08
1.606900e+06 1.013543e+03 3.897041e+08
1.607763e+06 1.013641e+03 3.900795e+08
1.608591e+06 1.013737e+03 3.904402e+08
1.609440e+06 1.013835e+03 3.908101e+08
1.610283e+06 1.013933e+03 3.911773e+08
1.611092e+06 1.014028e+03 3.915302e+08
1.611922e+06 1.014127e+03 3.918921e+08
1.612719e+06 1.014222e+03 3.922399e+08
1.613537e+06 1.014320e+03 3.925968e+08
1.614322e+06 1.014415e+03 3.929397e+08
1.615127e+06 1.014513e+03 3.932915e+08
1.615901e+06 1.014609e+03 3.936296e+08
1.616694e+06 1.014707e+03 3.939765e+08
1.617457e+06 1.014802e+03 3.943099e+08
1.618239e+06 1.014900e+03 3.946520e+08
1.618990e+06 1.014995e+03 3.949808e+08
1.619760e+06 1.015094e+03 3.953183e+08
1.620501e+06 1.015189e+03 3.956426e+08
1.621260e+06 1.015287e+03 3.959754e+08
1.621990e+06 1.015382e+03 3.962953e+08
1.622739e+06 1.015481e+03 3.966236e+08
1.623482e+06 1.015579e+03 3.969497e+08
1.624197e+06 1.015674e+03 3.972631e+08
1.624930e+06 1.015772e+03 3.975848e+08
1.625634e+06 1.015867e+03 3.978941e+08
1.626356e+06 1.015966e+03 3.982115e+08
1.627051e+06 1.016061e+03 3.985166e+08
1.627763e+06 1.016159e+03 3.988297e+08
1.628448e+06 1.016254e+03 3.991308e+08
1.629150e+06 1.016353e+03 3.994398e+08
1.629848e+06 1.016451e+03 3.997468e+08
1.630518e+06 1.016546e+03 4.000418e+08
1.631206e+06 1.016644e+03 4.003447e+08
1.631867e+06 1.016739e+03 4.006359e+08
1.632546e+06 1.016838e+03 4.009348e+08
1.633219e+06 1.016936e+03 4.012317e+08
1.633867e+06 1.017031e+03 4.015172e+08
1.634531e+06 1.017129e+03 4.018102e+08
1.635170e+06 1.017225e+03 4.020919e+08
1.635825e+06 1.017323e+03 4.023811e+08
1.636476e+06 1.017421e+03 4.026683e+08
1.637101e+06 1.017516e+03 4.029445e+08
1.637743e+06 1.017615e+03 4.032280e+08
1.638360e+06 1.017710e+03 4.035006e+08
1.638993e+06 1.017808e+03 4.037805e+08
1.639622e+06 1.017906e+03 4.040585e+08
1.640226e+06 1.018001e+03 4.043258e+08
1.640846e+06 1.018100e+03 4.046002e+08
1.641462e+06 1.018198e+03 4.048728e+08
1.642055e+06 1.018293e+03 4.051349e+08
1.642662e+06 1.018392e+03 4.054040e+08
1.643266e+06 1.018490e+03 4.056714e+08
1.643846e+06 1.018585e+03 4.059284e+08
1.644442e+06 1.018683e+03 4.061924e+08
1.645014e+06 1.018778e+03 4.064462e+08
1.645602e+06 1.018877e+03 4.067067e+08
1.646186e+06 1.018975e+03 4.069656e+08
1.646747e+06 1.019070e+03 4.072146e+08
1.647323e+06 1.019168e+03 4.074702e+08
1.647895e+06 1.019267e+03 4.077241e+08
1.648445e+06 1.019362e+03 4.079683e+08
1.649009e+06 1.019460e+03 4.082191e+08
1.649570e+06 1.019558e+03 4.084682e+08
1.650109e+06 1.019654e+03 4.087078e+08
1.650663e+06 1.019752e+03 4.089538e+08
1.651213e+06 1.019850e+03 4.091982e+08
1.651741e+06 1.019945e+03 4.094333e+08
1.652284e+06 1.020044e+03 4.096747e+08
1.652823e+06 1.020142e+03 4.099145e+08
1.653358e+06 1.020240e+03 4.101528e+08
1.653873e+06 1.020335e+03 4.103820e+08
1.654401e+06 1.020434e+03 4.106173e+08
1.654926e+06 1.020532e+03 4.108512e+08
1.655431e+06 1.020627e+03 4.110761e+08
1.655950e+06 1.020725e+03 4.113071e+08
1.656465e+06 1.020824e+03 4.115366e+08
1.656976e+06 1.020922e+03 4.117647e+08
1.657468e+06 1.021017e+03 4.119840e+08
1.657973e+06 1.021115e+03 4.122093e+08
1.658475e+06 1.021214e+03 4.124331e+08
1.658957e+06 1.021309e+03 4.126484e+08
1.659452e+06 1.021407e+03 4.128695e+08
1.659944e+06 1.021505e+03 4.130892e+08
1.660433e+06 1.021604e+03 4.133076e+08
1.660903e+06 1.021699e+03 4.135176e+08
1.661386e+06 1.021797e+03 4.137332e+08
1.661866e+06 1.021895e+03 4.139476e+08
1.662342e+06 1.021994e+03 4.141606e+08
1.662801e+06 1.022089e+03 4.143655e+08
1.663271e+06 1.022187e+03 4.145759e+08
1.663739e+06 1.022285e+03 4.147850e+08
1.664203e+06 1.022384e+03 4.149928e+08
1.664650e+06 1.022479e+03 4.151928e+08
1.665109e+06 1.022577e+03 4.153981e+08
1.665564e+06 1.022675e+03 4.156021e+08
1.666017e+06 1.022774e+03 4.158050e+08
1.666453e+06 1.022869e+03 4.160000e+08
1.666900e+06 1.022967e+03 4.162004e+08
1.667345e+06 1.023066e+03 4.163996e+08
1.667786e+06 1.023164e+03 4.165975e+08
1.668225e+06 1.023262e+03 4.167942e+08
1.668647e+06 1.023357e+03 4.169835e+08
1.669081e+06 1.023456e+03 4.171779e+08
1.669511e+06 1.023554e+03 4.173710e+08
1.669939e+06 1.023652e+03 4.175631e+08
1.670365e+06 1.023750e+03 4.177539e+08
1.670774e+06 1.023846e+03 4.179375e+08
1.671194e+06 1.023944e+03 4.181261e+08
1.671611e+06 1.024042e+03 4.183135e+08
1.672026e+06 1.024140e+03 4.184998e+08
1.672438e+06 1.024239e+03 4.186850e+08
1.672835e+06 1.024334e+03 4.188631e+08
1.673242e+06 1.024432e+03 4.190461e+08
1.673647e+06 1.024531e+03 4.192280e+08
1.674049e+06 1.024629e+03 4.194087e+08
1.674449e+06 1.024727e+03 4.195884e+08
1.674846e+06 1.024825e+03 4.197670e+08
1.675228e+06 1.024921e+03 4.199389e+08
1.675620e+06 1.025019e+03 4.201154e+08
1.676010e+06 1.025117e+03 4.202909e+08
1.676398e+06 1.025215e+03 4.204653e+08
1.676783e+06 1.025314e+03 4.206387e+08
1.677166e+06 1.025412e+03 4.208110e+08
1.677534e+06 1.025507e+03 4.209768e+08
1.677912e+06 1.025605e+03 4.211471e+08
1.678288e+06 1.025704e+03 4.213165e+08
1.678662e+06 1.025802e+03 4.214848e+08
1.679033e+06 1.025900e+03 4.216521e+08
1.679402e+06 1.025999e+03 4.218184e+08
1.679769e+06 1.026097e+03 4.219838e+08
1.680122e+06 1.026192e+03 4.221428e+08
1.680484e+06 1.026290e+03 4.223062e+08
1.680845e+06 1.026389e+03 4.224687e+08
1.681203e+06 1.026487e+03 4.226301e+08
1.681558e+06 1.026585e+03 4.227907e+08
1.681912e+06 1.026684e+03 4.229502e+08
1.682264e+06 1.026782e+03 4.231088e+08
1.682613e+06 1.026880e+03 4.232665e+08
1.682960e+06 1.026979e+03 4.234232e+08
1.683294e+06 1.027074e+03 4.235740e+08
1.683637e+06 1.027172e+03 4.237289e+08
1.683978e+06 1.027270e+03 4.238829e+08
1.684317e+06 1.027369e+03 4.240360e+08
1.684654e+06 1.027467e+03 4.241882e+08
1.684989e+06 1.027565e+03 4.243395e+08
1.685321e+06 1.027663e+03 4.244899e+08
1.685652e+06 1.027762e+03 4.246394e+08
1.685981e+06 1.027860e+03 4.247880e+08
1.686308e+06 1.027958e+03 4.249357e+08
1.686633e+06 1.028057e+03 4.250826e+08
1.686955e+06 1.028155e+03 4.252286e+08
1.687276e+06 1.028253e+03 4.253738e+08
1.687585e+06 1.028348e+03 4.255135e+08
1.687902e+06 1.028447e+03 4.256570e+08
1.688217e+06 1.028545e+03 4.257996e+08
1.688531e+06 1.028643e+03 4.259414e+08
1.688842e+06 1.028742e+03 4.260824e+08
1.689152e+06 1.028840e+03 4.262226e+08
1.689460e+06 1.028938e+03 4.263620e+08
1.689766e+06 1.029036e+03 4.265005e+08
1.690070e+06 1.029135e+03 4.266383e+08
1.690372e+06 1.029233e+03 4.267752e+08
1.690673e+06 1.029331e+03 4.269114e+08
1.690971e+06 1.029430e+03 4.270467e+08
1.691268e+06 1.029528e+03 4.271813e+08
1.691564e+06 1.029626e+03 4.273151e+08
1.691857e+06 1.029725e+03 4.274482e+08
1.692149e+06 1.029823e+03 4.275805e+08
1.692439e+06 1.029921e+03 4.277120e+08
1.692727e+06 1.030019e+03 4.278428e+08
1.693014e+06 1.030118e+03 4.279728e+08
1.693299e+06 1.030216e+03 4.281021e+08
1.693582e+06 1.030314e+03 4.282306e+08
1.693864e+06 1.030413e+03 4.283584e+08
1.694144e+06 1.030511e+03 4.284855e+08
1.694422e+06 1.030609e+03 4.286119e+08
1.694699e+06 1.030708e+03 4.287376e+08
1.694974e+06 1.030806e+03 4.288625e+08
1.695248e+06 1.030904e+03 4.289867e+08
1.695520e+06 1.031002e+03 4.291103e+08
1.695791e+06 1.031101e+03 4.292331e+08
1.696059e+06 1.031199e+03 4.293552e+08
1.696327e+06 1.031297e+03 4.294767e+08
1.696593e+06 1.031396e+03 4.295975e+08
1.696857e+06 1.031494e+03 4.297175e+08
1.697120e+06 1.031592e+03 4.298370e+08
1.697381e+06 1.031691e+03 4.299557e+08
1.697641e+06 1.031789e+03 4.300738e+08
1.697899e+06 1.031887e+03 4.301912e+08
1.698156e+06 1.031985e+03 4.303079e+08
1.698411e+06 1.032084e+03 4.304240e+08
1.698665e+06 1.032182e+03 4.305395e+08
1.698917e+06 1.032280e+03 4.306543e+08
1.699168e+06 1.032379e+03 4.307685e+08
1.699426e+06 1.032480e+03 4.308856e+08
1.699674e+06 1.032578e+03 4.309985e+08
1.699921e+06 1.032677e+03 4.311107e+08
1.700166e+06 1.032775e+03 4.312223e+08
1.700410e+06 1.032873e+03 4.313333e+08
1.700652e+06 1.032972e+03 4.314437e+08
1.700893e+06 1.033070e+03 4.315535e+08
1.701133e+06 1.033168e+03 4.316626e+08
1.701371e+06 1.033267e+03 4.317711e+08
1.701608e+06 1.033365e+03 4.318791e+08
1.701844e+06 1.033463e+03 4.319864e+08
1.702078e+06 1.033561e+03 4.320931e+08
1.702319e+06 1.033663e+03 4.322027e+08
1.702551e+06 1.033761e+03 4.323082e+08
1.702781e+06 1.033860e+03 4.324132e+08
1.703010e+06 1.033958e+03 4.325175e+08
1.703238e+06 1.034056e+03 4.326213e+08
1.703464e+06 1.034154e+03 4.327245e+08
1.703689e+06 1.034253e+03 4.328272e+08
1.703913e+06 1.034351e+03 4.329292e+08
1.704136e+06 1.034449e+03 4.330307e+08
1.704364e+06 1.034551e+03 4.331349e+08
1.704584e+06 1.034649e+03 4.332353e+08
1.704803e+06 1.034747e+03 4.333351e+08
1.705021e+06 1.034846e+03 4.334344e+08
1.705237e+06 1.034944e+03 4.335331e+08
1.705452e+06 1.035042e+03 4.336312e+08
1.705666e+06 1.035141e+03 4.337289e+08
1.705879e+06 1.035239e+03 4.338260e+08
1.706097e+06 1.035340e+03 4.339256e+08
1.706308e+06 1.035439e+03 4.340216e+08
1.706517e+06 1.035537e+03 4.341171e+08
1.706725e+06 1.035635e+03 4.342121e+08
1.706932e+06 1.035734e+03 4.343065e+08
1.707138e+06 1.035832e+03 4.344004e+08
1.707349e+06 1.035933e+03 4.344968e+08
1.707552e+06 1.036032e+03 4.345897e+08
1.707754e+06 1.036130e+03 4.346821e+08
1.707956e+06 1.036228e+03 4.347739e+08
1.708156e+06 1.036327e+03 4.348653e+08
1.708354e+06 1.036425e+03 4.349562e+08
1.708559e+06 1.036526e+03 4.350494e+08
1.708755e+06 1.036625e+03 4.351393e+08
1.708951e+06 1.036723e+03 4.352287e+08
1.709145e+06 1.036821e+03 4.353175e+08
1.709339e+06 1.036920e+03 4.354059e+08
1.709537e+06 1.037021e+03 4.354967e+08
1.709728e+06 1.037119e+03 4.355841e+08
1.709919e+06 1.037218e+03 4.356710e+08
1.710108e+06 1.037316e+03 4.357575e+08
1.710296e+06 1.037414e+03 4.358435e+08
1.710489e+06 1.037516e+03 4.359318e+08
1.710675e+06 1.037614e+03 4.360168e+08
1.710860e+06 1.037712e+03 4.361014e+08
1.711044e+06 1.037811e+03 4.361856e+08
1.711233e+06 1.037912e+03 4.362719e+08
1.711414e+06 1.038010e+03 4.363552e+08
1.711595e+06 1.038109e+03 4.364379e+08
1.711775e+06 1.038207e+03 4.365202e+08
1.711954e+06 1.038305e+03 4.366021e+08
1.712138e+06 1.038407e+03 4.366861e+08
1.712315e+06 1.038505e+03 4.367671e+08
1.712491e+06 1.038603e+03 4.368476e+08
1.712666e+06 1.038702e+03 4.369277e+08
1.712845e+06 1.038803e+03 4.370100e+08
1.713018e+06 1.038901e+03 4.370892e+08
1.713190e+06 1.039000e+03 4.371680e+08
1.713367e+06 1.039101e+03 4.372489e+08
1.713537e+06 1.039199e+03 4.373268e+08
1.713706e+06 1.039298e+03 4.374043e+08
1.713875e+06 1.039396e+03 4.374814e+08
1.714048e+06 1.039498e+03 4.375606e+08
1.714214e+06 1.039596e+03 4.376369e+08
1.714380e+06 1.039694e+03 4.377127e+08
1.714544e+06 1.039792e+03 4.377882e+08
1.714713e+06 1.039894e+03 4.378656e+08
1.714876e+06 1.039992e+03 4.379403e+08
1.715038e+06 1.040091e+03 4.380145e+08
1.715205e+06 1.040192e+03 4.380907e+08
1.715365e+06 1.040290e+03 4.381641e+08
1.715524e+06 1.040389e+03 4.382372e+08
1.715683e+06 1.040487e+03 4.383098e+08
1.715845e+06 1.040588e+03 4.383844e+08
1.716002e+06 1.040687e+03 4.384563e+08
1.716158e+06 1.040785e+03 4.385278e+08
1.716318e+06 1.040886e+03 4.386012e+08
1.716472e+06 1.040985e+03 4.386719e+08
1.716626e+06 1.041083e+03 4.387423e+08
1.716783e+06 1.041185e+03 4.388145e+08
1.716935e+06 1.041283e+03 4.388841e+08
1.717086e+06 1.041381e+03 4.389533e+08
1.717241e+06 1.041483e+03 4.390244e+08
1.717390e+06 1.041581e+03 4.390929e+08
1.717539e+06 1.041679e+03 4.391610e+08
1.717691e+06 1.041781e+03 4.392309e+08
1.717838e+06 1.041879e+03 4.392983e+08
1.717984e+06 1.041977e+03 4.393653e+08
1.718134e+06 1.042079e+03 4.394342e+08
1.718278e+06 1.042177e+03 4.395005e+08
1.718422e+06 1.042275e+03 4.395665e+08
1.718570e+06 1.042377e+03 4.396342e+08
1.718712e+06 1.042475e+03 4.396994e+08
1.718858e+06 1.042577e+03 4.397665e+08
1.718999e+06 1.042675e+03 4.398310e+08
1.719138e+06 1.042773e+03 4.398952e+08
1.719282e+06 1.042875e+03 4.399612e+08
1.719420e+06 1.042973e+03 4.400247e+08
1.719558e+06 1.043071e+03 4.400879e+08
1.719699e+06 1.043173e+03 4.401528e+08
1.719836e+06 1.043271e+03 4.402154e+08
1.719975e+06 1.043372e+03 4.402796e+08
1.720110e+06 1.043471e+03 4.403415e+08
1.720244e+06 1.043569e+03 4.404030e+08
1.720382e+06 1.043671e+03 4.404662e+08
1.720514e+06 1.043769e+03 4.405271e+08
1.720650e+06 1.043870e+03 4.405896e+08
1.720781e+06 1.043969e+03 4.406499e+08
1.720912e+06 1.044067e+03 4.407098e+08
1.721046e+06 1.044168e+03 4.407713e+08
1.721175e+06 1.044267e+03 4.408306e+08
1.721307e+06 1.044368e+03 4.408915e+08
1.721435e+06 1.044466e+03 4.409502e+08
1.721566e+06 1.044568e+03 4.410104e+08
1.721692e+06 1.044666e+03 4.410684e+08
1.721818e+06 1.044765e+03 4.411262e+08
1.721947e+06 1.044866e+03 4.411855e+08
1.722071e+06 1.044964e+03 4.412426e+08
1.722199e+06 1.045066e+03 4.413013e+08
1.722321e+06 1.045164e+03 4.413578e+08
1.722448e+06 1.045266e+03 4.414158e+08
1.722569e+06 1.045364e+03 4.414718e+08
1.722690e+06 1.045462e+03 4.415274e+08
1.722815e+06 1.045564e+03 4.415845e+08
1.722934e+06 1.045662e+03 4.416396e+08
1.723057e+06 1.045763e+03 4.416961e+08
1.723176e+06 1.045862e+03 4.417506e+08
1.723297e+06 1.045963e+03 4.418065e+08
1.723414e+06 1.046061e+03 4.418604e+08
1.723535e+06 1.046163e+03 4.419158e+08
1.723651e+06 1.046261e+03 4.419691e+08
1.723770e+06 1.046363e+03 4.420239e+08
1.723884e+06 1.046461e+03 4.420766e+08
1.724002e+06 1.046562e+03 4.421308e+08
1.724115e+06 1.046661e+03 4.421831e+08
1.724232e+06 1.046762e+03 4.422367e+08
1.724344e+06 1.046861e+03 4.422883e+08
1.724459e+06 1.046962e+03 4.423414e+08
1.724571e+06 1.047060e+03 4.423925e+08
1.724685e+06 1.047162e+03 4.424450e+08
1.724795e+06 1.047260e+03 4.424956e+08
1.724907e+06 1.047362e+03 4.425476e+08
1.725016e+06 1.047460e+03 4.425976e+08
1.725128e+06 1.047561e+03 4.426490e+08
1.725235e+06 1.047660e+03 4.426986e+08
1.725346e+06 1.047761e+03 4.427494e+08
1.725452e+06 1.047859e+03 4.427984e+08
1.725562e+06 1.047961e+03 4.428488e+08
1.725667e+06 1.048059e+03 4.428973e+08
1.725775e+06 1.048161e+03 4.429471e+08
1.725879e+06 1.048259e+03 4.429951e+08
1.725986e+06 1.048360e+03 4.430444e+08
1.726089e+06 1.048459e+03 4.430919e+08
1.726195e+06 1.048560e+03 4.431407e+08
1.726301e+06 1.048662e+03 4.431892e+08
1.726402e+06 1.048760e+03 4.432360e+08
1.726507e+06 1.048861e+03 4.432840e+08
1.726607e+06 1.048960e+03 4.433303e+08
1.726710e+06 1.049061e+03 4.433778e+08
1.726810e+06 1.049160e+03 4.434236e+08
1.726912e+06 1.049261e+03 4.434707e+08
1.727013e+06 1.049362e+03 4.435175e+08
1.727111e+06 1.049461e+03 4.435626e+08
1.727211e+06 1.049562e+03 4.436089e+08
1.727308e+06 1.049661e+03 4.436535e+08
1.727408e+06 1.049762e+03 4.436993e+08
1.727504e+06 1.049860e+03 4.437435e+08
1.727602e+06 1.049962e+03 4.437888e+08
1.727703e+06 1.050066e+03 4.438355e+08
1.727801e+06 1.050168e+03 4.438804e+08
1.727897e+06 1.050269e+03 4.439250e+08
1.727994e+06 1.050371e+03 4.439695e+08
1.728090e+06 1.050472e+03 4.440136e+08
1.728185e+06 1.050574e+03 4.440576e+08
1.728268e+06 1.050663e+03 4.440958e+08
1.728362e+06 1.050764e+03 4.441394e+08
1.728456e+06 1.050866e+03 4.441826e+08
1.728550e+06 1.050967e+03 4.442257e+08
1.728642e+06 1.051068e+03 4.442685e+08
1.728735e+06 1.051170e+03 4.443111e+08
1.728827e+06 1.051271e+03 4.443535e+08
1.728918e+06 1.051373e+03 4.443957e+08
1.729009e+06 1.051474e+03 4.444376e+08
1.729100e+06 1.051576e+03 4.444794e+08
1.729178e+06 1.051665e+03 4.445157e+08
1.729268e+06 1.051766e+03 4.445570e+08
1.729357e+06 1.051868e+03 4.445981e+08
1.729446e+06 1.051969e+03 4.446390e+08
1.729534e+06 1.052070e+03 4.446797e+08
1.729622e+06 1.052172e+03 4.447202e+08
1.729709e+06 1.052273e+03 4.447604e+08
1.729796e+06 1.052375e+03 4.448005e+08
1.729882e+06 1.052476e+03 4.448403e+08
1.729968e+06 1.052578e+03 4.448799e+08
1.730053e+06 1.052679e+03 4.449194e+08
1.730138e+06 1.052781e+03 4.449586e+08
1.730212e+06 1.052870e+03 4.449928e+08
1.730296e+06 1.052971e+03 4.450316e+08
1.730380e+06 1.053073e+03 4.450702e+08
1.730463e+06 1.053174e+03 4.451087e+08
1.730546e+06 1.053275e+03 4.451469e+08
1.730629e+06 1.053377e+03 4.451850e+08
1.730711e+06 1.053478e+03 4.452228e+08
1.730792e+06 1.053580e+03 4.452605e+08
1.730873e+06 1.053681e+03 4.452979e+08
1.730954e+06 1.053783e+03 4.453352e+08
1.731035e+06 1.053884e+03 4.453723e+08
1.731114e+06 1.053986e+03 4.454092e+08
1.731194e+06 1.054087e+03 4.454458e+08
1.731263e+06 1.054176e+03 4.454778e+08
1.731342e+06 1.054277e+03 4.455141e+08
1.731420e+06 1.054379e+03 4.455503e+08
1.731498e+06 1.054480e+03 4.455863e+08
1.731575e+06 1.054582e+03 4.456220e+08
1.731653e+06 1.054683e+03 4.456576e+08
1.731729e+06 1.054785e+03 4.456930e+08
1.731805e+06 1.054886e+03 4.457283e+08
1.731881e+06 1.054988e+03 4.457633e+08
1.731957e+06 1.055089e+03 4.457982e+08
1.732032e+06 1.055191e+03 4.458329e+08
1.732107e+06 1.055292e+03 4.458674e+08
1.732181e+06 1.055394e+03 4.459017e+08
1.732255e+06 1.055495e+03 4.459359e+08
1.732329e+06 1.055597e+03 4.459699e+08
1.732402e+06 1.055698e+03 4.460037e+08
1.732466e+06 1.055787e+03 4.460331e+08
1.732538e+06 1.055888e+03 4.460666e+08
1.732610e+06 1.055990e+03 4.460999e+08
1.732682e+06 1.056091e+03 4.461331e+08
1.732753e+06 1.056193e+03 4.461661e+08
1.732824e+06 1.056294e+03 4.461989e+08
1.732895e+06 1.056396e+03 4.462315e+08
1.732965e+06 1.056497e+03 4.462640e+08
1.733035e+06 1.056599e+03 4.462963e+08
1.733105e+06 1.056700e+03 4.463285e+08
1.733174e+06 1.056802e+03 4.463604e+08
1.733243e+06 1.056903e+03 4.463923e+08
1.733311e+06 1.057005e+03 4.464239e+08
1.733379e+06 1.057106e+03 4.464554e+08
1.733447e+06 1.057207e+03 4.464867e+08
1.733515e+06 1.057309e+03 4.465179e+08
1.733582e+06 1.057410e+03 4.465489e+08
1.733649e+06 1.057512e+03 4.465798e+08
1.733715e+06 1.057613e+03 4.466105e+08
1.733773e+06 1.057702e+03 4.466372e+08
1.733839e+06 1.057804e+03 4.466677e+08
1.733904e+06 1.057905e+03 4.466979e+08
1.733969e+06 1.058007e+03 4.467280e+08
1.734034e+06 1.058108e+03 4.467580e+08
1.734098e+06 1.058209e+03 4.467878e+08
1.734163e+06 1.058311e+03 4.468174e+08
1.734226e+06 1.058412e+03 4.468469e+08
1.734290e+06 1.058514e+03 4.468763e+08
1.734353e+06 1.058615e+03 4.469055e+08
1.734416e+06 1.058717e+03 4.469345e+08
1.734478e+06 1.058818e+03 4.469635e+08
1.734541e+06 1.058920e+03 4.469922e+08
1.734602e+06 1.059021e+03 4.470208e+08
1.734664e+06 1.059123e+03 4.470493e+08
1.734725e+06 1.059224e+03 4.470777e+08
1.734786e+06 1.059326e+03 4.471058e+08
1.734847e+06 1.059427e+03 4.471339e+08
1.734907e+06 1.059529e+03 4.471618e+08
1.734967e+06 1.059630e+03 4.471896e+08
1.735027e+06 1.059732e+03 4.472172e+08
1.735086e+06 1.059833e+03 4.472447e+08
1.735146e+06 1.059935e+03 4.472720e+08
1.735204e+06 1.060036e+03 4.472992e+08
1.735263e+06 1.060137e+03 4.473263e+08
1.735321e+06 1.060239e+03 4.473533e+08
1.735379e+06 1.060340e+03 4.473801e+08
1.735437e+06 1.060442e+03 4.474068e+08
1.735494e+06 1.060543e+03 4.474333e+08
1.735551e+06 1.060645e+03 4.474597e+08
1.735601e+06 1.060734e+03 4.474827e+08
1.735658e+06 1.060835e+03 4.475089e+08
1.735714e+06 1.060937e+03 4.475349e+08
1.735770e+06 1.061038e+03 4.475608e+08
1.735826e+06 1.061139e+03 4.475866e+08
1.735881e+06 1.061241e+03 4.476122e+08
1.735936e+06 1.061342e+03 4.476377e+08
1.735991e+06 1.061444e+03 4.476631e+08
1.736046e+06 1.061545e+03 4.476884e+08
1.736100e+06 1.061647e+03 4.477135e+08
1.736154e+06 1.061748e+03 4.477385e+08
1.736208e+06 1.061850e+03 4.477634e+08
1.736261e+06 1.061951e+03 4.477882e+08
1.736315e+06 1.062053e+03 4.478128e+08
1.736367e+06 1.062154e+03 4.478373e+08
1.736420e+06 1.062256e+03 4.478617e+08
1.736473e+06 1.062357e+03 4.478860e+08
1.736525e+06 1.062459e+03 4.479102e+08
1.736577e+06 1.062560e+03 4.479342e+08
1.736628e+06 1.062662e+03 4.479581e+08
1.736680e+06 1.062763e+03 4.479819e+08
1.736731e+06 1.062864e+03 4.480056e+08
1.736782e+06 1.062966e+03 4.480292e+08
1.736833e+06 1.063067e+03 4.480527e+08
1.736883e+06 1.063169e+03 4.480760e+08
1.736933e+06 1.063270e+03 4.480992e+08
1.736983e+06 1.063372e+03 4.481223e+08
1.737033e+06 1.063473e+03 4.481453e+08
1.737082e+06 1.063575e+03 4.481682e+08
1.737131e+06 1.063676e+03 4.481910e+08
1.737180e+06 1.063778e+03 4.482136e+08
1.737229e+06 1.063879e+03 4.482362e+08
1.737278e+06 1.063981e+03 4.482586e+08
1.737326e+06 1.064082e+03 4.482809e+08
1.737374e+06 1.064184e+03 4.483032e+08
1.737422e+06 1.064285e+03 4.483253e+08
1.737469e+06 1.064387e+03 4.483473e+08
1.737516e+06 1.064488e+03 4.483692e+08
1.737563e+06 1.064590e+03 4.483910e+08
1.737610e+06 1.064691e+03 4.484126e+08
1.737657e+06 1.064792e+03 4.484342e+08
1.737703e+06 1.064894e+03 4.484557e+08
1.737749e+06 1.064995e+03 4.484771e+08
1.737795e+06 1.065097e+03 4.484983e+08
1.737841e+06 1.065198e+03 4.485195e+08
1.737886e+06 1.065300e+03 4.485406e+08
1.737932e+06 1.065401e+03 4.485615e+08
1.737977e+06 1.065503e+03 4.485824e+08
1.738022e+06 1.065604e+03 4.486032e+08
1.738066e+06 1.065706e+03 4.486238e+08
1.738111e+06 1.065807e+03 4.486444e+08
1.738155e+06 1.065909e+03 4.486648e+08
1.738199e+06 1.066010e+03 4.486852e+08
1.738243e+06 1.066112e+03 4.487055e+08
1.738286e+06 1.066213e+03 4.487256e+08
1.738329e+06 1.066315e+03 4.487457e+08
1.738373e+06 1.066416e+03 4.487657e+08
1.738421e+06 1.066530e+03 4.487881e+08
1.738463e+06 1.066632e+03 4.488078e+08
1.738506e+06 1.066733e+03 4.488275e+08
1.738548e+06 1.066835e+03 4.488471e+08
1.738590e+06 1.066936e+03 4.488666e+08
1.738632e+06 1.067037e+03 4.488860e+08
1.738674e+06 1.067139e+03 4.489053e+08
1.738715e+06 1.067240e+03 4.489245e+08
1.738757e+06 1.067342e+03 4.489436e+08
1.738798e+06 1.067443e+03 4.489627e+08
1.738839e+06 1.067545e+03 4.489816e+08
1.738879e+06 1.067646e+03 4.490005e+08
1.738920e+06 1.067748e+03 4.490192e+08
1.738960e+06 1.067849e+03 4.490379e+08
1.739000e+06 1.067951e+03 4.490565e+08
1.739040e+06 1.068052e+03 4.490750e+08
1.739080e+06 1.068154e+03 4.490934e+08
1.739119e+06 1.068255e+03 4.491117e+08
1.739159e+06 1.068357e+03 4.491300e+08
1.739198e+06 1.068458e+03 4.491481e+08
1.739237e+06 1.068560e+03 4.491662e+08
1.739276e+06 1.068661e+03 4.491842e+08
1.739314e+06 1.068763e+03 4.492021e+08
1.739353e+06 1.068864e+03 4.492199e+08
1.739391e+06 1.068965e+03 4.492376e+08
1.739429e+06 1.069067e+03 4.492553e+08
1.739467e+06 1.069168e+03 4.492728e+08
1.739505e+06 1.069270e+03 4.492903e+08
1.739542e+06 1.069371e+03 4.493077e+08
1.739580e+06 1.069473e+03 4.493250e+08
1.739621e+06 1.069587e+03 4.493444e+08
1.739658e+06 1.069688e+03 4.493615e+08
1.739695e+06 1.069790e+03 4.493786e+08
1.739732e+06 1.069891e+03 4.493956e+08
1.739768e+06 1.069993e+03 4.494125e+08
1.739805e+06 1.070094e+03 4.494293e+08
1.739841e+06 1.070196e+03 4.494461e+08
1.739877e+06 1.070297e+03 4.494627e+08
1.739913e+06 1.070399e+03 4.494793e+08
1.739948e+06 1.070500e+03 4.494958e+08
1.739984e+06 1.070602e+03 4.495123e+08
1.740019e+06 1.070703e+03 4.495286e+08
1.740054e+06 1.070805e+03 4.495449e+08
1.740089e+06 1.070906e+03 4.495611e+08
1.740124e+06 1.071008e+03 4.495773e+08
1.740159e+06 1.071109e+03 4.495933e+08
1.740193e+06 1.071211e+03 4.496093e+08
1.740227e+06 1.071312e+03 4.496252e+08
1.740261e+06 1.071413e+03 4.496411e+08
1.740300e+06 1.071528e+03 4.496588e+08
1.740334e+06 1.071629e+03 4.496745e+08
1.740367e+06 1.071731e+03 4.496901e+08
1.740401e+06 1.071832e+03 4.497056e+08
1.740434e+06 1.071933e+03 4.497211e+08
1.740467e+06 1.072035e+03 4.497365e+08
1.740500e+06 1.072136e+03 4.497518e+08
1.740533e+06 1.072238e+03 4.497671e+08
1.740566e+06 1.072339e+03 4.497823e+08
1.740599e+06 1.072441e+03 4.497974e+08
1.740631e+06 1.072542e+03 4.498124e+08
1.740663e+06 1.072644e+03 4.498274e+08
1.740696e+06 1.072745e+03 4.498423e+08
1.740728e+06 1.072847e+03 4.498572e+08
1.740759e+06 1.072948e+03 4.498720e+08
1.740791e+06 1.073050e+03 4.498867e+08
1.740827e+06 1.073164e+03 4.499031e+08
1.740858e+06 1.073265e+03 4.499177e+08
1.740889e+06 1.073367e+03 4.499322e+08
1.740920e+06 1.073468e+03 4.499466e+08
1.740951e+06 1.073570e+03 4.499610e+08
1.740982e+06 1.073671e+03 4.499753e+08
1.741013e+06 1.073773e+03 4.499895e+08
1.741044e+06 1.073874e+03 4.500037e+08
1.741074e+06 1.073976e+03 4.500178e+08
1.741104e+06 1.074077e+03 4.500319e+08
1.741134e+06 1.074179e+03 4.500459e+08
1.741164e+06 1.074280e+03 4.500598e+08
1.741194e+06 1.074381e+03 4.500736e+08
1.741228e+06 1.074496e+03 4.500891e+08
1.741257e+06 1.074597e+03 4.501029e+08
1.741287e+06 1.074699e+03 4.501165e+08
1.741316e+06 1.074800e+03 4.501301e+08
1.741345e+06 1.074902e+03 4.501437e+08
1.741374e+06 1.075003e+03 4.501572e+08
1.741403e+06 1.075104e+03 4.501706e+08
1.741432e+06 1.075206e+03 4.501839e+08
1.741461e+06 1.075307e+03 4.501972e+08
1.741489e+06 1.075409e+03 4.502105e+08
1.741518e+06 1.075510e+03 4.502237e+08
1.741550e+06 1.075625e+03 4.502384e+08
1.741578e+06 1.075726e+03 4.502515e+08
1.741606e+06 1.075827e+03 4.502645e+08
1.741634e+06 1.075929e+03 4.502774e+08
1.741661e+06 1.076030e+03 4.502903e+08
1.741689e+06 1.076132e+03 4.503031e+08
1.741717e+06 1.076233e+03 4.503159e+08
1.741744e+06 1.076335e+03 4.503286e+08
1.741771e+06 1.076436e+03 4.503413e+08
1.741798e+06 1.076538e+03 4.503539e+08
1.741825e+06 1.076639e+03 4.503664e+08
1.741856e+06 1.076753e+03 4.503805e+08
1.741883e+06 1.076855e+03 4.503929e+08
1.741909e+06 1.076956e+03 4.504053e+08
1.741936e+06 1.077058e+03 4.504176e+08
1.741962e+06 1.077159e+03 4.504299e+08
1.741989e+06 1.077261e+03 4.504421e+08
1.742015e+06 1.077362e+03 4.504543e+08
1.742041e+06 1.077464e+03 4.504664e+08
1.742067e+06 1.077565e+03 4.504784e+08
1.742093e+06 1.077667e+03 4.504904e+08
1.742122e+06 1.077781e+03 4.505039e+08
1.742147e+06 1.077882e+03 4.505158e+08
1.742173e+06 1.077984e+03 4.505276e+08
1.742198e+06 1.078085e+03 4.505394e+08
1.742224e+06 1.078187e+03 4.505511e+08
1.742249e+06 1.078288e+03 4.505628e+08
1.742274e+06 1.078390e+03 4.505745e+08
1.742299e+06 1.078491e+03 4.505860e+08
1.742324e+06 1.078593e+03 4.505976e+08
1.742351e+06 1.078707e+03 4.506105e+08
1.742376e+06 1.078808e+03 4.506219e+08
1.742401e+06 1.078910e+03 4.506333e+08
1.742425e+06 1.079011e+03 4.506446e+08
1.742449e+06 1.079113e+03 4.506559e+08
1.742474e+06 1.079214e+03 4.506672e+08
1.742498e+06 1.079316e+03 4.506783e+08
1.742522e+06 1.079417e+03 4.506895e+08
1.742549e+06 1.079531e+03 4.507020e+08
1.742572e+06 1.079633e+03 4.507130e+08
1.742596e+06 1.079734e+03 4.507240e+08
1.742620e+06 1.079836e+03 4.507349e+08
1.742643e+06 1.079937e+03 4.507458e+08
1.742666e+06 1.080039e+03 4.507567e+08
1.742690e+06 1.080140e+03 4.507675e+08
1.742713e+06 1.080241e+03 4.507783e+08
1.742739e+06 1.080356e+03 4.507903e+08
1.742762e+06 1.080457e+03 4.508010e+08
1.742785e+06 1.080559e+03 4.508116e+08
1.742808e+06 1.080660e+03 4.508222e+08
1.742830e+06 1.080761e+03 4.508327e+08
1.742853e+06 1.080863e+03 4.508432e+08
1.742875e+06 1.080964e+03 4.508536e+08
1.742898e+06 1.081066e+03 4.508640e+08
1.742923e+06 1.081180e+03 4.508757e+08
1.742945e+06 1.081282e+03 4.508860e+08
1.742967e+06 1.081383e+03 4.508962e+08
1.742989e+06 1.081484e+03 4.509064e+08
1.743011e+06 1.081586e+03 4.509166e+08
1.743033e+06 1.081687e+03 4.509268e+08
1.743055e+06 1.081789e+03 4.509368e+08
1.743076e+06 1.081890e+03 4.509469e+08
1.743101e+06 1.082005e+03 4.509582e+08
1.743122e+06 1.082106e+03 4.509681e+08
1.743143e+06 1.082207e+03 4.509780e+08
1.743165e+06 1.082309e+03 4.509879e+08
1.743186e+06 1.082410e+03 4.509978e+08
1.743207e+06 1.082512e+03 4.510076e+08
1.743228e+06 1.082613e+03 4.510173e+08
1.743251e+06 1.082728e+03 4.510282e+08
1.743272e+06 1.082829e+03 4.510379e+08
1.743293e+06 1.082930e+03 4.510475e+08
1.743314e+06 1.083032e+03 4.510571e+08
1.743334e+06 1.083133e+03 4.510667e+08
1.743355e+06 1.083235e+03 4.510762e+08
1.743375e+06 1.083336e+03 4.510857e+08
1.743398e+06 1.083450e+03 4.510963e+08
1.743418e+06 1.083552e+03 4.511057e+08
1.743438e+06 1.083653e+03 4.511151e+08
1.743459e+06 1.083755e+03 4.511244e+08
1.743479e+06 1.083856e+03 4.511337e+08
1.743498e+06 1.083958e+03 4.511429e+08
1.743521e+06 1.084072e+03 4.511533e+08
1.743540e+06 1.084173e+03 4.511624e+08
1.743560e+06 1.084275e+03 4.511716e+08
1.743580e+06 1.084376e+03 4.511806e+08
1.743599e+06 1.084478e+03 4.511897e+08
1.743619e+06 1.084579e+03 4.511987e+08
1.743638e+06 1.084681e+03 4.512077e+08
1.743660e+06 1.084795e+03 4.512178e+08
1.743679e+06 1.084896e+03 4.512267e+08
1.743698e+06 1.084998e+03 4.512355e+08
1.743717e+06 1.085099e+03 4.512444e+08
1.743736e+06 1.085201e+03 4.512532e+08
1.743755e+06 1.085302e+03 4.512619e+08
1.743776e+06 1.085416e+03 4.512718e+08
1.743795e+06 1.085518e+03 4.512804e+08
1.743813e+06 1.085619e+03 4.512891e+08
1.743832e+06 1.085721e+03 4.512977e+08
1.743850e+06 1.085822e+03 4.513063e+08
1.743869e+06 1.085924e+03 4.513149e+08
1.743889e+06 1.086038e+03 4.513245e+08
1.743908e+06 1.086139e+03 4.513329e+08
1.743926e+06 1.086241e+03 4.513414e+08
1.743944e+06 1.086342e+03 4.513498e+08
1.743962e+06 1.086444e+03 4.513582e+08
1.743980e+06 1.086545e+03 4.513665e+08
1.744000e+06 1.086660e+03 4.513759e+08
1.744018e+06 1.086761e+03 4.513842e+08
1.744036e+06 1.086862e+03 4.513924e+08
1.744054e+06 1.086964e+03 4.514007e+08
1.744071e+06 1.087065e+03 4.514088e+08
1.744091e+06 1.087180e+03 4.514180e+08
1.744108e+06 1.087281e+03 4.514261e+08
1.744126e+06 1.087383e+03 4.514342e+08
1.744143e+06 1.087484e+03 4.514423e+08
1.744160e+06 1.087585e+03 4.514503e+08
1.744178e+06 1.087687e+03 4.514583e+08
1.744197e+06 1.087801e+03 4.514673e+08
1.744214e+06 1.087903e+03 4.514752e+08
1.744231e+06 1.088004e+03 4.514831e+08
1.744248e+06 1.088105e+03 4.514910e+08
1.744265e+06 1.088207e+03 4.514988e+08
1.744284e+06 1.088321e+03 4.515076e+08
1.744301e+06 1.088423e+03 4.515154e+08
1.744317e+06 1.088524e+03 4.515231e+08
1.744334e+06 1.088626e+03 4.515308e+08
1.744350e+06 1.088727e+03 4.515385e+08
1.744367e+06 1.088828e+03 4.515462e+08
1.744385e+06 1.088943e+03 4.515548e+08
1.744402e+06 1.089044e+03 4.515624e+08
1.744418e+06 1.089146e+03 4.515700e+08
1.744434e+06 1.089247e+03 4.515775e+08
1.744450e+06 1.089349e+03 4.515850e+08
1.744469e+06 1.089463e+03 4.515934e+08
1.744485e+06 1.089564e+03 4.516009e+08
1.744501e+06 1.089666e+03 4.516083e+08
1.744517e+06 1.089767e+03 4.516157e+08
1.744532e+06 1.089869e+03 4.516231e+08
1.744550e+06 1.089983e+03 4.516314e+08
1.744566e+06 1.090084e+03 4.516387e+08
1.744582e+06 1.090186e+03 4.516460e+08
1.744597e+06 1.090287e+03 4.516532e+08
1.744613e+06 1.090389e+03 4.516605e+08
1.744630e+06 1.090503e+03 4.516686e+08
1.744646e+06 1.090604e+03 4.516757e+08
1.744661e+06 1.090706e+03 4.516829e+08
1.744676e+06 1.090807e+03 4.516900e+08
1.744692e+06 1.090909e+03 4.516971e+08
1.744709e+06 1.091023e+03 4.517051e+08
1.744724e+06 1.091124e+03 4.517121e+08
1.744739e+06 1.091226e+03 4.517191e+08
1.744754e+06 1.091327e+03 4.517261e+08
1.744769e+06 1.091429e+03 4.517331e+08
1.744786e+06 1.091543e+03 4.517409e+08
1.744801e+06 1.091644e+03 4.517478e+08
1.744816e+06 1.091746e+03 4.517547e+08
1.744831e+06 1.091847e+03 4.517616e+08
1.744847e+06 1.091961e+03 4.517693e+08
1.744862e+06 1.092063e+03 4.517761e+08
1.744876e+06 1.092164e+03 4.517829e+08
1.744891e+06 1.092266e+03 4.517897e+08
1.744905e+06 1.092367e+03 4.517964e+08
1.744922e+06 1.092481e+03 4.518040e+08
1.744936e+06 1.092583e+03 4.518107e+08
1.744951e+06 1.092684e+03 4.518173e+08
1.744965e+06 1.092786e+03 4.518240e+08
1.744979e+06 1.092887e+03 4.518306e+08
1.744995e+06 1.093001e+03 4.518380e+08
1.745009e+06 1.093103e+03 4.518446e+08
1.745023e+06 1.093204e+03 4.518511e+08
1.745037e+06 1.093306e+03 4.518577e+08
1.745053e+06 1.093420e+03 4.518650e+08
1.745067e+06 1.093522e+03 4.518715e+08
1.745081e+06 1.093623e+03 4.518779e+08
1.745095e+06 1.093724e+03 4.518844e+08
1.745109e+06 1.093826e+03 4.518908e+08
1.745124e+06 1.093940e+03 4.518979e+08
1.745138e+06 1.094042e+03 4.519043e+08
1.745151e+06 1.094143e+03 4.519107e+08
1.745165e+06 1.094244e+03 4.519170e+08
1.745180e+06 1.094359e+03 4.519241e+08
1.745194e+06 1.094460e+03 4.519303e+08
1.745207e+06 1.094562e+03 4.519366e+08
1.745221e+06 1.094663e+03 4.519428e+08
1.745236e+06 1.094777e+03 4.519498e+08
1.745249e+06 1.094879e+03 4.519560e+08
1.745262e+06 1.094980e+03 4.519622e+08
1.745275e+06 1.095082e+03 4.519683e+08
1.745289e+06 1.095183e+03 4.519744e+08
1.745303e+06 1.095297e+03 4.519813e+08
1.745316e+06 1.095399e+03 4.519874e+08
1.745330e+06 1.095500e+03 4.519934e+08
1.745343e+06 1.095602e+03 4.519995e+08
1.745357e+06 1.095716e+03 4.520063e+08
1.745370e+06 1.095817e+03 4.520123e+08
1.745383e+06 1.095919e+03 4.520182e+08
1.745396e+06 1.096020e+03 4.520242e+08
1.745410e+06 1.096134e+03 4.520309e+08
1.745423e+06 1.096236e+03 4.520368e+08
1.745436e+06 1.096337e+03 4.520427e+08
1.745448e+06 1.096439e+03 4.520486e+08
1.745462e+06 1.096553e+03 4.520552e+08
1.745475e+06 1.096654e+03 4.520610e+08
1.745487e+06 1.096756e+03 4.520668e+08
1.745500e+06 1.096857e+03 4.520726e+08
1.745514e+06 1.096972e+03 4.520791e+08
1.745526e+06 1.097073e+03 4.520849e+08
1.745539e+06 1.097174e+03 4.520906e+08
1.745551e+06 1.097276e+03 4.520963e+08
1.745565e+06 1.097390e+03 4.521028e+08
1.745577e+06 1.097492e+03 4.521084e+08
1.745589e+06 1.097593e+03 4.521141e+08
1.745601e+06 1.097695e+03 4.521198e+08
1.745615e+06 1.097809e+03 4.521261e+08
1.745627e+06 1.097910e+03 4.521317e+08
1.745639e+06 1.098012e+03 4.521373e+08
1.745651e+06 1.098113e+03 4.521429e+08
1.745664e+06 1.098227e+03 4.521491e+08
1.745676e+06 1.098329e+03 4.521546e+08
1.745688e+06 1.098430e+03 4.521602e+08
1.745702e+06 1.098544e+03 4.521663e+08
1.745713e+06 1.098646e+03 4.521718e+08
1.745725e+06 1.098747e+03 4.521773e+08
1.745737e+06 1.098849e+03 4.521827e+08
1.745750e+06 1.098963e+03 4.521888e+08
1.745762e+06 1.099064e+03 4.521943e+08
1.745773e+06 1.099166e+03 4.521997e+08
1.745785e+06 1.099267e+03 4.522050e+08
1.745798e+06 1.099381e+03 4.522111e+08
1.745809e+06 1.099483e+03 4.522164e+08
1.745821e+06 1.099584e+03 4.522217e+08
1.745832e+06 1.099686e+03 4.522270e+08
1.745845e+06 1.099800e+03 4.522330e+08
1.745856e+06 1.099902e+03 4.522383e+08
1.745868e+06 1.100003e+03 4.522435e+08
1.746803e+06 1.109516e+03 4.526785e+08
1.747309e+06 1.115858e+03 4.529139e+08
1.747969e+06 1.125371e+03 4.532205e+08
1.748361e+06 1.131713e+03 4.534033e+08
1.748904e+06 1.141226e+03 4.536559e+08
1.749243e+06 1.147568e+03 4.538138e+08
1.749728e+06 1.157081e+03 4.540396e+08
1.750192e+06 1.166594e+03 4.542556e+08
1.750493e+06 1.172936e+03 4.543955e+08
1.750933e+06 1.182448e+03 4.546004e+08
1.751220e+06 1.188790e+03 4.547343e+08
1.751644e+06 1.198303e+03 4.549317e+08
1.752059e+06 1.207816e+03 4.551254e+08
1.752332e+06 1.214158e+03 4.552527e+08
1.752736e+06 1.223671e+03 4.554410e+08
1.753134e+06 1.233184e+03 4.556264e+08
1.753395e+06 1.239526e+03 4.557484e+08
1.753783e+06 1.249039e+03 4.559292e+08
1.754164e+06 1.258552e+03 4.561072e+08
1.754540e+06 1.268065e+03 4.562826e+08
1.754911e+06 1.277578e+03 4.564554e+08
1.755154e+06 1.283920e+03 4.565691e+08
1.755515e+06 1.293433e+03 4.567377e+08
1.755871e+06 1.302946e+03 4.569037e+08
1.756221e+06 1.312459e+03 4.570672e+08
1.756566e+06 1.321972e+03 4.572284e+08
1.756906e+06 1.331484e+03 4.573871e+08
1.757241e+06 1.340997e+03 4.575435e+08
1.757571e+06 1.350510e+03 4.576976e+08
1.757895e+06 1.360023e+03 4.578493e+08
1.758215e+06 1.369536e+03 4.579988e+08
1.758530e+06 1.379049e+03 4.581459e+08
1.758840e+06 1.388562e+03 4.582909e+08
1.759145e+06 1.398075e+03 4.584336e+08
1.759446e+06 1.407588e+03 4.585742e+08
1.759742e+06 1.417101e+03 4.587127e+08
1.760033e+06 1.426614e+03 4.588491e+08
1.760320e+06 1.436127e+03 4.589833e+08
1.760696e+06 1.448811e+03 4.591592e+08
1.760973e+06 1.458324e+03 4.592887e+08
1.761245e+06 1.467837e+03 4.594162e+08
1.761514e+06 1.477350e+03 4.595417e+08
1.761865e+06 1.490033e+03 4.597060e+08
1.762123e+06 1.499546e+03 4.598270e+08
1.762481e+06 1.512230e+03 4.599945e+08
1.762733e+06 1.521743e+03 4.601127e+08
1.762981e+06 1.531256e+03 4.602287e+08
1.763224e+06 1.540769e+03 4.603426e+08
1.763697e+06 1.559795e+03 4.605645e+08
1.763928e+06 1.569308e+03 4.606727e+08
1.764155e+06 1.578821e+03 4.607791e+08
1.764379e+06 1.588334e+03 4.608839e+08
1.764599e+06 1.597847e+03 4.609869e+08
1.764815e+06 1.607360e+03 4.610883e+08
1.765237e+06 1.626386e+03 4.612861e+08
1.765443e+06 1.635898e+03 4.613826e+08
1.765645e+06 1.645411e+03 4.614776e+08
1.765844e+06 1.654924e+03 4.615711e+08
1.766040e+06 1.664437e+03 4.616630e+08
1.766423e+06 1.683463e+03 4.618423e+08
1.766609e+06 1.692976e+03 4.619298e+08
1.766793e+06 1.702489e+03 4.620159e+08
1.766973e+06 1.712002e+03 4.621006e+08
1.767325e+06 1.731028e+03 4.622658e+08
1.767497e+06 1.740541e+03 4.623463e+08
1.767666e+06 1.750054e+03 4.624256e+08
1.767995e+06 1.769080e+03 4.625801e+08
1.768155e+06 1.778593e+03 4.626555e+08
1.768313e+06 1.788105e+03 4.627296e+08
1.768468e+06 1.797618e+03 4.628025e+08
1.768771e+06 1.816644e+03 4.629446e+08
1.768919e+06 1.826157e+03 4.630139e+08
1.769064e+06 1.835670e+03 4.630821e+08
1.769347e+06 1.854696e+03 4.632150e+08
1.769485e+06 1.864209e+03 4.632798e+08
1.769753e+06 1.883235e+03 4.634059e+08
1.769884e+06 1.892748e+03 4.634672e+08
1.770012e+06 1.902261e+03 4.635275e+08
1.770262e+06 1.921287e+03 4.636450e+08
1.770384e+06 1.930800e+03 4.637022e+08
1.770621e+06 1.949825e+03 4.638138e+08
1.770737e+06 1.959338e+03 4.638681e+08
1.770850e+06 1.968851e+03 4.639216e+08
1.771072e+06 1.987877e+03 4.640257e+08
1.771180e+06 1.997390e+03 4.640765e+08
1.771468e+06 2.022758e+03 4.642122e+08
1.771638e+06 2.038613e+03 4.642919e+08
1.771802e+06 2.054468e+03 4.643692e+08
1.771962e+06 2.070323e+03 4.644442e+08
1.772117e+06 2.086178e+03 4.645170e+08
1.772267e+06 2.102032e+03 4.645877e+08
1.772413e+06 2.117887e+03 4.646563e+08
1.772554e+06 2.133742e+03 4.647230e+08
1.772692e+06 2.149597e+03 4.647877e+08
1.772826e+06 2.165452e+03 4.648507e+08
1.772956e+06 2.181307e+03 4.649119e+08
1.773083e+06 2.197162e+03 4.649715e+08
1.773206e+06 2.213017e+03 4.650295e+08
1.773325e+06 2.228872e+03 4.650857e+08
1.773441e+06 2.244726e+03 4.651403e+08
1.773554e+06 2.260581e+03 4.651934e+08
1.773664e+06 2.276436e+03 4.652449e+08
1.773770e+06 2.292291e+03 4.652949e+08
1.773873e+06 2.308146e+03 4.653435e+08
1.773973e+06 2.324001e+03 4.653906e+08
1.774070e+06 2.339856e+03 4.654364e+08
1.774165e+06 2.355711e+03 4.654808e+08
1.774257e+06 2.371566e+03 4.655240e+08
1.774346e+06 2.387421e+03 4.655659e+08
1.774432e+06 2.403275e+03 4.656066e+08
1.774516e+06 2.419130e+03 4.656460e+08
1.774597e+06 2.434985e+03 4.656844e+08
1.774676e+06 2.450840e+03 4.657216e+08
1.774753e+06 2.466695e+03 4.657577e+08
1.774827e+06 2.482550e+03 4.657928e+08
1.774900e+06 2.498405e+03 4.658268e+08
1.774970e+06 2.514260e+03 4.658599e+08
1.775038e+06 2.530115e+03 4.658920e+08
1.775104e+06 2.545970e+03 4.659231e+08
1.775168e+06 2.561824e+03 4.659533e+08
1.775231e+06 2.577679e+03 4.659827e+08
1.775291e+06 2.593534e+03 4.660112e+08
1.775350e+06 2.609389e+03 4.660388e+08
1.775407e+06 2.625244e+03 4.660656e+08
1.775516e+06 2.656954e+03 4.661169e+08
1.775568e+06 2.672809e+03 4.661415e+08
1.775618e+06 2.688664e+03 4.661653e+08
1.775667e+06 2.704518e+03 4.661883e+08
1.775715e+06 2.720373e+03 4.662108e+08
1.775806e+06 2.752083e+03 4.662536e+08
1.775849e+06 2.767938e+03 4.662741e+08
1.775891e+06 2.783793e+03 4.662940e+08
1.775932e+06 2.799648e+03 4.663133e+08
1.775972e+06 2.815503e+03 4.663320e+08
1.776048e+06 2.847213e+03 4.663678e+08
1.776084e+06 2.863067e+03 4.663849e+08
1.776120e+06 2.878922e+03 4.664015e+08
1.776187e+06 2.910632e+03 4.664333e+08
1.776219e+06 2.926487e+03 4.664485e+08
1.776251e+06 2.942342e+03 4.664632e+08
1.776281e+06 2.958197e+03 4.664775e+08
1.776339e+06 2.989907e+03 4.665048e+08
1.776366e+06 3.005761e+03 4.665178e+08
1.776393e+06 3.021616e+03 4.665305e+08
1.776445e+06 3.053326e+03 4.665547e+08
1.776469e+06 3.069181e+03 4.665663e+08
1.776493e+06 3.085036e+03 4.665775e+08
1.776539e+06 3.116746e+03 4.665989e+08
1.776560e+06 3.132601e+03 4.666092e+08
1.776602e+06 3.164310e+03 4.666288e+08
1.776622e+06 3.180165e+03 4.666382e+08
1.776641e+06 3.196020e+03 4.666473e+08
1.776678e+06 3.227730e+03 4.666646e+08
1.776696e+06 3.243585e+03 4.666729e+08
1.776729e+06 3.275295e+03 4.666888e+08
1.776745e+06 3.291150e+03 4.666964e+08
1.776776e+06 3.322859e+03 4.667108e+08
1.776791e+06 3.338714e+03 4.667178e+08
1.776805e+06 3.354569e+03 4.667245e+08
1.776832e+06 3.386279e+03 4.667373e+08
1.776845e+06 3.402134e+03 4.667435e+08
1.776870e+06 3.433844e+03 4.667552e+08
1.776882e+06 3.449699e+03 4.667608e+08
1.776905e+06 3.481408e+03 4.667715e+08
1.776926e+06 3.513118e+03 4.667815e+08
1.776936e+06 3.528973e+03 4.667864e+08
1.776956e+06 3.560683e+03 4.667956e+08
1.776965e+06 3.576538e+03 4.668000e+08
1.776983e+06 3.608248e+03 4.668084e+08
1.776991e+06 3.624102e+03 4.668124e+08
1.777008e+06 3.655812e+03 4.668200e+08
1.777023e+06 3.687522e+03 4.668273e+08
1.777030e+06 3.703377e+03 4.668307e+08
1.777044e+06 3.735087e+03 4.668373e+08
1.777057e+06 3.766797e+03 4.668435e+08
1.777064e+06 3.782651e+03 4.668465e+08
1.777076e+06 3.814361e+03 4.668521e+08
1.777087e+06 3.846071e+03 4.668574e+08
1.777092e+06 3.861926e+03 4.668600e+08
1.777103e+06 3.893636e+03 4.668649e+08
1.777112e+06 3.925345e+03 4.668694e+08
1.777117e+06 3.941200e+03 4.668716e+08
1.777126e+06 3.972910e+03 4.668758e+08
1.777134e+06 4.004620e+03 4.668797e+08
1.777142e+06 4.036330e+03 4.668834e+08
1.777150e+06 4.068040e+03 4.668869e+08
1.777153e+06 4.083894e+03 4.668886e+08
1.777160e+06 4.115604e+03 4.668918e+08
1.777166e+06 4.147314e+03 4.668948e+08
1.777172e+06 4.179024e+03 4.668976e+08
1.777178e+06 4.210734e+03 4.669002e+08
1.777183e+06 4.242443e+03 4.669027e+08
1.777186e+06 4.258298e+03 4.669039e+08
1.777190e+06 4.290008e+03 4.669062e+08
1.777195e+06 4.321718e+03 4.669083e+08
1.777199e+06 4.353428e+03 4.669104e+08
1.777203e+06 4.385137e+03 4.669123e+08
1.777207e+06 4.416847e+03 4.669140e+08
1.777211e+06 4.448557e+03 4.669157e+08
1.777214e+06 4.480267e+03 4.669173e+08
1.777217e+06 4.511977e+03 4.669188e+08
1.777220e+06 4.543686e+03 4.669202e+08
1.777223e+06 4.575396e+03 4.669215e+08
1.777226e+06 4.607106e+03 4.669227e+08
1.777228e+06 4.638816e+03 4.669239e+08
1.777230e+06 4.670526e+03 4.669250e+08
1.777233e+06 4.702235e+03 4.669260e+08
1.777235e+06 4.733945e+03 4.669270e+08
1.777237e+06 4.765655e+03 4.669279e+08
1.777238e+06 4.797365e+03 4.669288e+08
1.777241e+06 4.844929e+03 4.669300e+08
1.777243e+06 4.876639e+03 4.669307e+08
1.777244e+06 4.908349e+03 4.669314e+08
1.777245e+06 4.940059e+03 4.669321e+08
1.777247e+06 4.971769e+03 4.669327e+08
1.777248e+06 5.003478e+03 4.669333e+08
1.777250e+06 5.051043e+03 4.669341e+08
1.777251e+06 5.082753e+03 4.669346e+08
1.777252e+06 5.114463e+03 4.669351e+08
1.777253e+06 5.146172e+03 4.669355e+08
1.777254e+06 5.193737e+03 4.669361e+08
1.777255e+06 5.225447e+03 4.669365e+08
1.777255e+06 5.257157e+03 4.669369e+08
1.777257e+06 5.304721e+03 4.669373e+08
1.777257e+06 5.336431e+03 4.669377e+08
1.777258e+06 5.368141e+03 4.669379e+08
1.777259e+06 5.415706e+03 4.669383e+08
1.777259e+06 5.447415e+03 4.669386e+08
1.777260e+06 5.494980e+03 4.669389e+08
1.777260e+06 5.526690e+03 4.669391e+08
1.777261e+06 5.558400e+03 4.669393e+08
1.777261e+06 5.605964e+03 4.669396e+08
1.777262e+06 5.637674e+03 4.669398e+08
1.777262e+06 5.685239e+03 4.669400e+08
1.777263e+06 5.716949e+03 4.669402e+08
1.777263e+06 5.764513e+03 4.669404e+08
1.777263e+06 5.796223e+03 4.669405e+08
1.777264e+06 5.843788e+03 4.669407e+08
1.777264e+06 5.891353e+03 4.669409e+08
1.777264e+06 5.923062e+03 4.669410e+08
1.777264e+06 5.970627e+03 4.669411e+08
1.777265e+06 6.018192e+03 4.669412e+08
1.777265e+06 6.049902e+03 4.669413e+08
1.777265e+06 6.097466e+03 4.669414e+08
1.777265e+06 6.145031e+03 4.669415e+08
1.777265e+06 6.176741e+03 4.669416e+08
1.777266e+06 6.224305e+03 4.669417e+08
1.777266e+06 6.271870e+03 4.669417e+08
1.777266e+06 6.319435e+03 4.669418e+08
1.777266e+06 6.351145e+03 4.669418e+08
1.777266e+06 6.398709e+03 4.669419e+08
1.777266e+06 6.446274e+03 4.669420e+08
1.777266e+06 6.493839e+03 4.669420e+08
1.777267e+06 6.541403e+03 4.669421e+08
1.777267e+06 6.588968e+03 4.669421e+08
1.777267e+06 6.636533e+03 4.669421e+08
1.777267e+06 6.668242e+03 4.669422e+08
1.777267e+06 6.715807e+03 4.669422e+08
1.777267e+06 6.763372e+03 4.669422e+08
1.777267e+06 6.810937e+03 4.669423e+08
1.777267e+06 6.858501e+03 4.669423e+08
1.777267e+06 6.906066e+03 4.669423e+08
1.777267e+06 6.969485e+03 4.669423e+08
1.777267e+06 7.017050e+03 4.669423e+08
1.777267e+06 7.064615e+03 4.669424e+08
1.777267e+06 7.112180e+03 4.669424e+08
1.777267e+06 7.159744e+03 4.669424e+08
1.777267e+06 7.207309e+03 4.669424e+08
1.777267e+06 7.254874e+03 4.669424e+08
1.777267e+06 7.318293e+03 4.669424e+08
1.777267e+06 7.365858e+03 4.669424e+08
1.777267e+06 7.413423e+03 4.669425e+08
1.777267e+06 7.460987e+03 4.669425e+08
1.777267e+06 7.524407e+03 4.669425e+08
1.777267e+06 7.571972e+03 4.669425e+08
1.777267e+06 7.619536e+03 4.669425e+08
1.777267e+06 7.682956e+03 4.669425e+08
1.777267e+06 7.730521e+03 4.669425e+08
1.777267e+06 7.793940e+03 4.669425e+08
1.777267e+06 7.841505e+03 4.669425e+08
1.777267e+06 7.904924e+03 4.669425e+08
1.777267e+06 7.952489e+03 4.669425e+08
1.777268e+06 8.015909e+03 4.669425e+08
1.777268e+06 8.063473e+03 4.669425e+08
1.777268e+06 8.126893e+03 4.669425e+08
1.777268e+06 8.174458e+03 4.669425e+08
1.777268e+06 8.237877e+03 4.669425e+08
1.777268e+06 8.301297e+03 4.669425e+08
1.777268e+06 8.348861e+03 4.669425e+08
1.777268e+06 8.412281e+03 4.669425e+08
1.777268e+06 8.475701e+03 4.669425e+08
1.777268e+06 8.523265e+03 4.669425e+08
1.777268e+06 8.586685e+03 4.669425e+08
1.777268e+06 8.650104e+03 4.669425e+08
1.777268e+06 8.713524e+03 4.669425e+08
1.777268e+06 8.776944e+03 4.669425e+08
1.777268e+06 8.840363e+03 4.669425e+08
1.777268e+06 8.903783e+03 4.669425e+08
1.777268e+06 8.967202e+03 4.669425e+08
1.777268e+06 9.014767e+03 4.669425e+08
1.777268e+06 9.078187e+03 4.669425e+08
1.777268e+06 9.157461e+03 4.669425e+08
1.777268e+06 9.220881e+03 4.669425e+08
1.777268e+06 9.284300e+03 4.669425e+08
1.777268e+06 9.347720e+03 4.669425e+08
1.777268e+06 9.411139e+03 4.669425e+08
1.777268e+06 9.474559e+03 4.669425e+08
1.777268e+06 9.537979e+03 4.669425e+08
1.777268e+06 9.617253e+03 4.669425e+08
1.777268e+06 9.680673e+03 4.669425e+08
1.777268e+06 9.744092e+03 4.669425e+08
1.777268e+06 9.807512e+03 4.669425e+08
1.777268e+06 9.886786e+03 4.669425e+08
1.777268e+06 9.950206e+03 4.669425e+08
1.777268e+06 1.003582e+04 4.669425e+08
1.777268e+06 1.010241e+04 4.669425e+08
1.777268e+06 1.016900e+04 4.669425e+08
1.777268e+06 1.023559e+04 4.669425e+08
1.777268e+06 1.030218e+04 4.669425e+08
1.777268e+06 1.039097e+04 4.669425e+08
1.777268e+06 1.045756e+04 4.669425e+08
1.777268e+06 1.052415e+04 4.669425e+08
1.777268e+06 1.061294e+04 4.669425e+08
1.777268e+06 1.067953e+04 4.669425e+08
1.777268e+06 1.074612e+04 4.669425e+08
1.777268e+06 1.083491e+04 4.669425e+08
1.777268e+06 1.090150e+04 4.669425e+08
1.777268e+06 1.099029e+04 4.669425e+08
1.777268e+06 1.105688e+04 4.669425e+08
1.777268e+06 1.114567e+04 4.669425e+08
1.777268e+06 1.121226e+04 4.669425e+08
1.777268e+06 1.130104e+04 4.669425e+08
1.777268e+06 1.136763e+04 4.669425e+08
1.777268e+06 1.145642e+04 4.669425e+08
1.777268e+06 1.152301e+04 4.669425e+08
1.777268e+06 1.161180e+04 4.669425e+08
1.777268e+06 1.170059e+04 4.669425e+08
1.777268e+06 1.176718e+04 4.669425e+08
1.777268e+06 1.185596e+04 4.669425e+08
1.777268e+06 1.194475e+04 4.669425e+08
1.777268e+06 1.203354e+04 4.669425e+08
1.777268e+06 1.212233e+04 4.669425e+08
1.777268e+06 1.218892e+04 4.669425e+08
1.777268e+06 1.227770e+04 4.669425e+08
1.777268e+06 1.236649e+04 4.669425e+08
1.777268e+06 1.245528e+04 4.669425e+08
1.777268e+06 1.254407e+04 4.669425e+08
1.777268e+06 1.263285e+04 4.669425e+08
1.777268e+06 1.272164e+04 4.669425e+08
1.777268e+06 1.281043e+04 4.669425e+08
1.777268e+06 1.289922e+04 4.669425e+08
1.777268e+06 1.298800e+04 4.669425e+08
1.777268e+06 1.307679e+04 4.669425e+08
1.777268e+06 1.316558e+04 4.669425e+08
1.777268e+06 1.327656e+04 4.669425e+08
1.777268e+06 1.336535e+04 4.669425e+08
1.777268e+06 1.345414e+04 4.669425e+08
1.777268e+06 1.354293e+04 4.669425e+08
1.777268e+06 1.365391e+04 4.669425e+08
1.777268e+06 1.374270e+04 4.669425e+08
1.777268e+06 1.383148e+04 4.669425e+08
1.777268e+06 1.394247e+04 4.669425e+08
1.777268e+06 1.403126e+04 4.669425e+08
1.777268e+06 1.412004e+04 4.669425e+08
1.777268e+06 1.423103e+04 4.669425e+08
1.777268e+06 1.431982e+04 4.669425e+08
1.777268e+06 1.443080e+04 4.669425e+08
1.777268e+06 1.454178e+04 4.669425e+08
1.777268e+06 1.463057e+04 4.669425e+08
1.777268e+06 1.474156e+04 4.669425e+08
1.777268e+06 1.483034e+04 4.669425e+08
1.777268e+06 1.494133e+04 4.669425e+08
1.777268e+06 1.505231e+04 4.669425e+08
1.777268e+06 1.516330e+04 4.669425e+08
1.777268e+06 1.525208e+04 4.669425e+08
1.777268e+06 1.536307e+04 4.669425e+08
1.777268e+06 1.547405e+04 4.669425e+08
1.777268e+06 1.558504e+04 4.669425e+08
1.777268e+06 1.569602e+04 4.669425e+08
1.777268e+06 1.580700e+04 4.669425e+08
1.777268e+06 1.591799e+04 4.669425e+08
1.777268e+06 1.602897e+04 4.669425e+08
1.777268e+06 1.613996e+04 4.669425e+08
1.777268e+06 1.625094e+04 4.669425e+08
1.777268e+06 1.636193e+04 4.669425e+08
1.777268e+06 1.649511e+04 4.669425e+08
1.777268e+06 1.660609e+04 4.669425e+08
1.777268e+06 1.671708e+04 4.669425e+08
1.777268e+06 1.682806e+04 4.669425e+08
1.777268e+06 1.696124e+04 4.669425e+08
1.777268e+06 1.707223e+04 4.669425e+08
1.777268e+06 1.718321e+04 4.669425e+08
1.777268e+06 1.731639e+04 4.669425e+08
1.777268e+06 1.742737e+04 4.669425e+08
1.777268e+06 1.756056e+04 4.669425e+08
1.777268e+06 1.769374e+04 4.669425e+08
1.777268e+06 1.780472e+04 4.669425e+08
1.777268e+06 1.793790e+04 4.669425e+08
1.777268e+06 1.804889e+04 4.669425e+08
1.777268e+06 1.818207e+04 4.669425e+08
1.777268e+06 1.831525e+04 4.669425e+08
1.777268e+06 1.844843e+04 4.669425e+08
1.777268e+06 1.858161e+04 4.669425e+08
1.777268e+06 1.869260e+04 4.669425e+08
1.777268e+06 1.882578e+04 4.669425e+08
1.777268e+06 1.895896e+04 4.669425e+08
1.777268e+06 1.909214e+04 4.669425e+08
1.777268e+06 1.922532e+04 4.669425e+08
1.777268e+06 1.935850e+04 4.669425e+08
1.777268e+06 1.951388e+04 4.669425e+08
1.777268e+06 1.964706e+04 4.669425e+08
1.777268e+06 1.978024e+04 4.669425e+08
1.777268e+06 1.991342e+04 4.669425e+08
1.777268e+06 2.006880e+04 4.669425e+08
1.777268e+06 2.020198e+04 4.669425e+08
1.777268e+06 2.033516e+04 4.669425e+08
1.777268e+06 2.049054e+04 4.669425e+08
1.777268e+06 2.062372e+04 4.669425e+08
1.777268e+06 2.077910e+04 4.669425e+08
1.777268e+06 2.091228e+04 4.669425e+08
1.777268e+06 2.106766e+04 4.669425e+08
1.777268e+06 2.122304e+04 4.669425e+08
1.777268e+06 2.135622e+04 4.669425e+08
1.777268e+06 2.151160e+04 4.669425e+08
1.777268e+06 2.166697e+04 4.669425e+08
1.777268e+06 2.182235e+04 4.669425e+08
1.777268e+06 2.197773e+04 4.669425e+08
1.777268e+06 2.213311e+04 4.669425e+08
1.777268e+06 2.228849e+04 4.669425e+08
1.777268e+06 2.244386e+04 4.669425e+08
1.777268e+06 2.259924e+04 4.669425e+08
1.777268e+06 2.275462e+04 4.669425e+08
1.777268e+06 2.291000e+04 4.669425e+08
1.777268e+06 2.308757e+04 4.669425e+08
1.777268e+06 2.324295e+04 4.669425e+08
1.777268e+06 2.339833e+04 4.669425e+08
1.777268e+06 2.357590e+04 4.669425e+08
1.777268e+06 2.373128e+04 4.669425e+08
1.777268e+06 2.390886e+04 4.669425e+08
1.777268e+06 2.406423e+04 4.669425e+08
1.777268e+06 2.424181e+04 4.669425e+08
1.777268e+06 2.441938e+04 4.669425e+08
1.777268e+06 2.457476e+04 4.669425e+08
1.777268e+06 2.475234e+04 4.669425e+08
1.777268e+06 2.492991e+04 4.669425e+08
1.777268e+06 2.510749e+04 4.669425e+08
1.777268e+06 2.528506e+04 4.669425e+08
1.777268e+06 2.546264e+04 4.669425e+08
1.777268e+06 2.564021e+04 4.669425e+08
1.777268e+06 2.581779e+04 4.669425e+08
1.777268e+06 2.599536e+04 4.669425e+08
1.777268e+06 2.617294e+04 4.669425e+08
1.777268e+06 2.637271e+04 4.669425e+08
1.777268e+06 2.655028e+04 4.669425e+08
1.777268e+06 2.672786e+04 4.669425e+08
1.777268e+06 2.692763e+04 4.669425e+08
1.777268e+06 2.710520e+04 4.669425e+08
1.777268e+06 2.730498e+04 4.669425e+08
1.777268e+06 2.750475e+04 4.669425e+08
1.777268e+06 2.768232e+04 4.669425e+08
1.777268e+06 2.788209e+04 4.669425e+08
1.777268e+06 2.808186e+04 4.669425e+08
1.777268e+06 2.828164e+04 4.669425e+08
1.777268e+06 2.848141e+04 4.669425e+08
1.777268e+06 2.868118e+04 4.669425e+08
1.777268e+06 2.888095e+04 4.669425e+08
1.777268e+06 2.908072e+04 4.669425e+08
1.777268e+06 2.928050e+04 4.669425e+08
1.777268e+06 2.950246e+04 4.669425e+08
1.777268e+06 2.970224e+04 4.669425e+08
1.777268e+06 2.990201e+04 4.669425e+08
1.777268e+06 3.012398e+04 4.669425e+08
1.777268e+06 3.032375e+04 4.669425e+08
1.777268e+06 3.054572e+04 4.669425e+08
1.777268e+06 3.076768e+04 4.669425e+08
1.777268e+06 3.096746e+04 4.669425e+08
1.777268e+06 3.118942e+04 4.669425e+08
1.777268e+06 3.141139e+04 4.669425e+08
1.777268e+06 3.163336e+04 4.669425e+08
1.777268e+06 3.185533e+04 4.669425e+08
1.777268e+06 3.207730e+04 4.669425e+08
1.777268e+06 3.229927e+04 4.669425e+08
1.777268e+06 3.254343e+04 4.669425e+08
1.777268e+06 3.276540e+04 4.669425e+08
1.777268e+06 3.298737e+04 4.669425e+08
1.777268e+06 3.323154e+04 4.669425e+08
1.777268e+06 3.345350e+04 4.669425e+08
1.777268e+06 3.369767e+04 4.669425e+08
1.777268e+06 3.394183e+04 4.669425e+08
1.777268e+06 3.416380e+04 4.669425e+08
1.777268e+06 3.440797e+04 4.669425e+08
1.777268e+06 3.465213e+04 4.669425e+08
1.777268e+06 3.489630e+04 4.669425e+08
1.777268e+06 3.514046e+04 4.669425e+08
1.777268e+06 3.538463e+04 4.669425e+08
1.777268e+06 3.562880e+04 4.669425e+08
1.777268e+06 3.589516e+04 4.669425e+08
1.777268e+06 3.613932e+04 4.669425e+08
1.777268e+06 3.640569e+04 4.669425e+08
1.777268e+06 3.664985e+04 4.669425e+08
1.777268e+06 3.691621e+04 4.669425e+08
1.777268e+06 3.716038e+04 4.669425e+08
1.777268e+06 3.742674e+04 4.669425e+08
1.777268e+06 3.769310e+04 4.669425e+08
1.777268e+06 3.795947e+04 4.669425e+08
1.777268e+06 3.822583e+04 4.669425e+08
1.777268e+06 3.849219e+04 4.669425e+08
1.777268e+06 3.875855e+04 4.669425e+08
1.777268e+06 3.904711e+04 4.669425e+08
1.777268e+06 3.931347e+04 4.669425e+08
1.777268e+06 3.957984e+04 4.669425e+08
1.777268e+06 3.986839e+04 4.669425e+08
1.777268e+06 4.015695e+04 4.669425e+08
1.777268e+06 4.042332e+04 4.669425e+08
1.777268e+06 4.071188e+04 4.669425e+08
1.777268e+06 4.100043e+04 4.669425e+08
1.777268e+06 4.128899e+04 4.669425e+08
1.777268e+06 4.157755e+04 4.669425e+08
1.777268e+06 4.186611e+04 4.669425e+08
1.777268e+06 4.217687e+04 4.669425e+08
1.777268e+06 4.246543e+04 4.669425e+08
1.777268e+06 4.275399e+04 4.669425e+08
1.777268e+06 4.306474e+04 4.669425e+08
1.777268e+06 4.337550e+04 4.669425e+08
1.777268e+06 4.366406e+04 4.669425e+08
1.777268e+06 4.397481e+04 4.669425e+08
1.777268e+06 4.428557e+04 4.669425e+08
1.777268e+06 4.459632e+04 4.669425e+08
1.777268e+06 4.490708e+04 4.669425e+08
1.777268e+06 4.524003e+04 4.669425e+08
1.777268e+06 4.555079e+04 4.669425e+08
1.777268e+06 4.586155e+04 4.669425e+08
1.777268e+06 4.619450e+04 4.669425e+08
1.777268e+06 4.652745e+04 4.669425e+08
1.777268e+06 4.683821e+04 4.669425e+08
1.777268e+06 4.717116e+04 4.669425e+08
1.777268e+06 4.750411e+04 4.669425e+08
1.777268e+06 4.783707e+04 4.669425e+08
1.777268e+06 4.817002e+04 4.669425e+08
1.777268e+06 4.852517e+04 4.669425e+08
1.777268e+06 4.885812e+04 4.669425e+08
1.777268e+06 4.919107e+04 4.669425e+08
1.777268e+06 4.954622e+04 4.669425e+08
1.777268e+06 4.990137e+04 4.669425e+08
1.777268e+06 5.024067e+04 4.669425e+08
1.777268e+06 5.061167e+04 4.669425e+08
1.777268e+06 5.095414e+04 4.669425e+08
1.777268e+06 5.132514e+04 4.669425e+08
1.777268e+06 5.166761e+04 4.669425e+08
1.777268e+06 5.203861e+04 4.669425e+08
1.777268e+06 5.240962e+04 4.669425e+08
1.777268e+06 5.278062e+04 4.669425e+08
1.777268e+06 5.315163e+04 4.669425e+08
1.777268e+06 5.352263e+04 4.669425e+08
1.777268e+06 5.389364e+04 4.669425e+08
1.777268e+06 5.426464e+04 4.669425e+08
1.777268e+06 5.466418e+04 4.669425e+08
1.777268e+06 5.503519e+04 4.669425e+08
1.777268e+06 5.543473e+04 4.669425e+08
1.777268e+06 5.583427e+04 4.669425e+08
1.777268e+06 5.620528e+04 4.669425e+08
1.777268e+06 5.660482e+04 4.669425e+08
1.777268e+06 5.700437e+04 4.669425e+08
1.777268e+06 5.740391e+04 4.669425e+08
1.777268e+06 5.780345e+04 4.669425e+08
1.777268e+06 5.823154e+04 4.669425e+08
1.777268e+06 5.863108e+04 4.669425e+08
1.777268e+06 5.903062e+04 4.669425e+08
1.777268e+06 5.945870e+04 4.669425e+08
1.777268e+06 5.988679e+04 4.669425e+08
1.777268e+06 6.028633e+04 4.669425e+08
1.777268e+06 6.071441e+04 4.669425e+08
1.777268e+06 6.114249e+04 4.669425e+08
1.777268e+06 6.157058e+04 4.669425e+08
1.777268e+06 6.199866e+04 4.669425e+08
1.777268e+06 6.245528e+04 4.669425e+08
1.777268e+06 6.288336e+04 4.669425e+08
1.777268e+06 6.333998e+04 4.669425e+08
1.777268e+06 6.376806e+04 4.669425e+08
1.777268e+06 6.422469e+04 4.669425e+08
1.777268e+06 6.468131e+04 4.669425e+08
1.777268e+06 6.513793e+04 4.669425e+08
1.777268e+06 6.559455e+04 4.669425e+08
1.777268e+06 6.605117e+04 4.669425e+08
1.777268e+06 6.650779e+04 4.669425e+08
1.777268e+06 6.699295e+04 4.669425e+08
1.777268e+06 6.744957e+04 4.669425e+08
1.777268e+06 6.793473e+04 4.669425e+08
1.777268e+06 6.839135e+04 4.669425e+08
1.777268e+06 6.887651e+04 4.669425e+08
1.777268e+06 6.936167e+04 4.669425e+08
1.777268e+06 6.984683e+04 4.669425e+08
1.777268e+06 7.036053e+04 4.669425e+08
1.777268e+06 7.084569e+04 4.669425e+08
1.777268e+06 7.133085e+04 4.669425e+08
1.777268e+06 7.184455e+04 4.669425e+08
1.777268e+06 7.235825e+04 4.669425e+08
1.777268e+06 7.287195e+04 4.669425e+08
1.777268e+06 7.338564e+04 4.669425e+08
1.777268e+06 7.389934e+04 4.669425e+08
1.777268e+06 7.441304e+04 4.669425e+08
1.777268e+06 7.492674e+04 4.669425e+08
1.777268e+06 7.546898e+04 4.669425e+08
1.777268e+06 7.598268e+04 4.669425e+08
1.777268e+06 7.652491e+04 4.669425e+08
1.777268e+06 7.706715e+04 4.669425e+08
1.777268e+06 7.760939e+04 4.669425e+08
1.777268e+06 7.815163e+04 4.669425e+08
1.777268e+06 7.869386e+04 4.669425e+08
1.777268e+06 7.926464e+04 4.669425e+08
1.777268e+06 7.980688e+04 4.669425e+08
1.777268e+06 8.037765e+04 4.669425e+08
1.777268e+06 8.094843e+04 4.669425e+08
1.777268e+06 8.151921e+04 4.669425e+08
1.777268e+06 8.208998e+04 4.669425e+08
1.777268e+06 8.266076e+04 4.669425e+08
1.777268e+06 8.323154e+04 4.669425e+08
1.777268e+06 8.383085e+04 4.669425e+08
1.777268e+06 8.440163e+04 4.669425e+08
1.777268e+06 8.500094e+04 4.669425e+08
1.777268e+06 8.560026e+04 4.669425e+08
1.777268e+06 8.619957e+04 4.669425e+08
1.777268e+06 8.682743e+04 4.669425e+08
1.777268e+06 8.742674e+04 4.669425e+08
1.777268e+06 8.805459e+04 4.669425e+08
1.777268e+06 8.865391e+04 4.669425e+08
1.777268e+06 8.928176e+04 4.669425e+08
1.777268e+06 8.990962e+04 4.669425e+08
1.777268e+06 9.053747e+04 4.669425e+08
1.777268e+06 9.119386e+04 4.669425e+08
1.777268e+06 9.182172e+04 4.669425e+08
1.777268e+06 9.247811e+04 4.669425e+08
1.777268e+06 9.313450e+04 4.669425e+08
1.777268e+06 9.376236e+04 4.669425e+08
1.777268e+06 9.444729e+04 4.669425e+08
1.777268e+06 9.510368e+04 4.669425e+08
1.777268e+06 9.576007e+04 4.669425e+08
1.777268e+06 9.644501e+04 4.669425e+08
1.777268e+06 9.712994e+04 4.669425e+08
1.777268e+06 9.781487e+04 4.669425e+08
1.777268e+06 9.849980e+04 4.669425e+08
1.777268e+06 9.918473e+04 4.669425e+08
1.777268e+06 9.986966e+04 4.669425e+08
1.777268e+06 1.005831e+05 4.669425e+08
1.777268e+06 1.012807e+05 4.669425e+08
1.777268e+06 1.020101e+05 4.669425e+08
1.777268e+06 1.027394e+05 4.669425e+08
1.777268e+06 1.034370e+05 4.669425e+08
1.777268e+06 1.041663e+05 4.669425e+08
1.777268e+06 1.048957e+05 4.669425e+08
1.777268e+06 1.056567e+05 4.669425e+08
1.777268e+06 1.063860e+05 4.669425e+08
1.777268e+06 1.071471e+05 4.669425e+08
1.777268e+06 1.079081e+05 4.669425e+08
1.777268e+06 1.086374e+05 4.669425e+08
1.777268e+06 1.094302e+05 4.669425e+08
1.777268e+06 1.101912e+05 4.669425e+08
1.777268e+06 1.109522e+05 4.669425e+08
1.777268e+06 1.117450e+05 4.669425e+08
1.777268e+06 1.125377e+05 4.669425e+08
1.777268e+06 1.133305e+05 4.669425e+08
1.777268e+06 1.141232e+05 4.669425e+08
1.777268e+06 1.149160e+05 4.669425e+08
1.777268e+06 1.157404e+05 4.669425e+08
1.777268e+06 1.165332e+05 4.669425e+08
1.777268e+06 1.173576e+05 4.669425e+08
1.777268e+06 1.181821e+05 4.669425e+08
1.777268e+06 1.190065e+05 4.669425e+08
1.777268e+06 1.198627e+05 4.669425e+08
1.777268e+06 1.206871e+05 4.669425e+08
1.777268e+06 1.215433e+05 4.669425e+08
1.777268e+06 1.223995e+05 4.669425e+08
1.777268e+06 1.232556e+05 4.669425e+08
1.777268e+06 1.241435e+05 4.669425e+08
1.777268e+06 1.249997e+05 4.669425e+08
1.777268e+06 1.258875e+05 4.669425e+08
1.777268e+06 1.267754e+05 4.669425e+08
1.777268e+06 1.276633e+05 4.669425e+08
1.777268e+06 1.285512e+05 4.669425e+08
1.777268e+06 1.294708e+05 4.669425e+08
1.777268e+06 1.303903e+05 4.669425e+08
1.777268e+06 1.313099e+05 4.669425e+08
1.777268e+06 1.322295e+05 4.669425e+08
1.777268e+06 1.331491e+05 4.669425e+08
1.777268e+06 1.341004e+05 4.669425e+08
1.777268e+06 1.350200e+05 4.669425e+08
1.777268e+06 1.359713e+05 4.669425e+08
1.777268e+06 1.369226e+05 4.669425e+08
1.777268e+06 1.379056e+05 4.669425e+08
1.777268e+06 1.388569e+05 4.669425e+08
1.777268e+06 1.398399e+05 4.669425e+08
1.777268e+06 1.408229e+05 4.669425e+08
1.777268e+06 1.418059e+05 4.669425e+08
1.777268e+06 1.428206e+05 4.669425e+08
1.777268e+06 1.438353e+05 4.669425e+08
1.777268e+06 1.448500e+05 4.669425e+08
1.777268e+06 1.458647e+05 4.669425e+08
1.777268e+06 1.468794e+05 4.669425e+08
1.777268e+06 1.479259e+05 4.669425e+08
1.777268e+06 1.489406e+05 4.669425e+08
1.777268e+06 1.499870e+05 4.669425e+08
1.777268e+06 1.510651e+05 4.669425e+08
1.777268e+06 1.521115e+05 4.669425e+08
1.777268e+06 1.531897e+05 4.669425e+08
1.777268e+06 1.542678e+05 4.669425e+08
1.777268e+06 1.553459e+05 4.669425e+08
1.777268e+06 1.564558e+05 4.669425e+08
1.777268e+06 1.575339e+05 4.669425e+08
1.777268e+06 1.586438e+05 4.669425e+08
1.777268e+06 1.597853e+05 4.669425e+08
1.777268e+06 1.608952e+05 4.669425e+08
1.777268e+06 1.620367e+05 4.669425e+08
1.777268e+06 1.631783e+05 4.669425e+08
1.777268e+06 1.643198e+05 4.669425e+08
1.777268e+06 1.654614e+05 4.669425e+08
1.777268e+06 1.666346e+05 4.669425e+08
1.777268e+06 1.678079e+05 4.669425e+08
1.777268e+06 1.689812e+05 4.669425e+08
1.777268e+06 1.701861e+05 4.669425e+08
1.777268e+06 1.713911e+05 4.669425e+08
1.777268e+06 1.725961e+05 4.669425e+08
1.777268e+06 1.738010e+05 4.669425e+08
1.777268e+06 1.750060e+05 4.669425e+08
1.777268e+06 1.762427e+05 4.669425e+08
1.777268e+06 1.774794e+05 4.669425e+08
1.777268e+06 1.787478e+05 4.669425e+08
1.777268e+06 1.799845e+05 4.669425e+08
1.777268e+06 1.812528e+05 4.669425e+08
1.777268e+06 1.825529e+05 4.669425e+08
1.777268e+06 1.838213e+05 4.669425e+08
1.777268e+06 1.851214e+05 4.669425e+08
1.777268e+06 1.864215e+05 4.669425e+08
1.777268e+06 1.877216e+05 4.669425e+08
1.777268e+06 1.890535e+05 4.669425e+08
1.777268e+06 1.903853e+05 4.669425e+08
1.777268e+06 1.917171e+05 4.669425e+08
1.777268e+06 1.930806e+05 4.669425e+08
1.777268e+06 1.944124e+05 4.669425e+08
1.777268e+06 1.958076e+05 4.669425e+08
1.777268e+06 1.971712e+05 4.669425e+08
1.777268e+06 1.985664e+05 4.669425e+08
1.777268e+06 1.999616e+05 4.669425e+08
1.777268e+06 2.013569e+05 4.669425e+08
1.777268e+06 2.027838e+05 4.669425e+08
1.777268e+06 2.042107e+05 4.669425e+08
1.777268e+06 2.056377e+05 4.669425e+08
1.777268e+06 2.070963e+05 4.669425e+08
1.777268e+06 2.085550e+05 4.669425e+08
1.777268e+06 2.100136e+05 4.669425e+08
