1.118964e+07 3.170979e-07 1.233751e+10
1.117069e+07 6.341958e-07 1.230039e+10
1.115231e+07 9.512938e-07 1.226447e+10
1.113449e+07 1.268392e-06 1.222966e+10
1.111719e+07 1.585490e-06 1.219591e+10
1.110038e+07 1.902588e-06 1.216315e+10
1.108404e+07 2.219685e-06 1.213134e+10
1.106814e+07 2.536783e-06 1.210044e+10
1.105267e+07 2.853881e-06 1.207040e+10
1.103760e+07 3.170979e-06 1.204116e+10
1.102291e+07 3.488077e-06 1.201270e+10
1.100858e+07 3.805175e-06 1.198497e+10
1.099460e+07 4.122273e-06 1.195793e+10
1.098095e+07 4.439371e-06 1.193156e+10
1.096762e+07 4.756469e-06 1.190582e+10
1.095458e+07 5.073567e-06 1.188069e+10
1.094184e+07 5.390665e-06 1.185614e+10
1.092937e+07 5.707763e-06 1.183214e+10
1.091716e+07 6.024860e-06 1.180867e+10
1.090521e+07 6.341958e-06 1.178571e+10
1.089351e+07 6.659056e-06 1.176323e+10
1.088203e+07 6.976154e-06 1.174122e+10
1.087078e+07 7.293252e-06 1.171966e+10
1.085975e+07 7.610350e-06 1.169853e+10
1.084893e+07 7.927448e-06 1.167782e+10
1.083831e+07 8.244546e-06 1.165751e+10
1.082788e+07 8.561644e-06 1.163758e+10
1.081764e+07 8.878742e-06 1.161802e+10
1.080757e+07 9.195840e-06 1.159883e+10
1.079769e+07 9.512938e-06 1.157998e+10
1.078797e+07 9.830036e-06 1.156146e+10
1.077841e+07 1.014713e-05 1.154327e+10
1.076901e+07 1.046423e-05 1.152539e+10
1.075977e+07 1.078133e-05 1.150781e+10
1.075067e+07 1.109843e-05 1.149052e+10
1.074172e+07 1.141553e-05 1.147352e+10
1.073290e+07 1.173262e-05 1.145679e+10
1.072422e+07 1.204972e-05 1.144033e+10
1.071567e+07 1.236682e-05 1.142413e+10
1.070725e+07 1.268392e-05 1.140818e+10
1.069895e+07 1.300101e-05 1.139247e+10
1.069078e+07 1.331811e-05 1.137700e+10
1.068272e+07 1.363521e-05 1.136176e+10
1.067477e+07 1.395231e-05 1.134674e+10
1.066693e+07 1.426941e-05 1.133194e+10
1.065920e+07 1.458650e-05 1.131735e+10
1.065157e+07 1.490360e-05 1.130297e+10
1.064405e+07 1.522070e-05 1.128878e+10
1.063663e+07 1.553780e-05 1.127480e+10
1.062930e+07 1.585490e-05 1.126100e+10
1.062207e+07 1.617199e-05 1.124738e+10
1.061493e+07 1.648909e-05 1.123395e+10
1.060787e+07 1.680619e-05 1.122069e+10
1.060091e+07 1.712329e-05 1.120760e+10
1.059403e+07 1.744039e-05 1.119468e+10
1.058724e+07 1.775748e-05 1.118192e+10
1.058052e+07 1.807458e-05 1.116933e+10
1.057389e+07 1.839168e-05 1.115688e+10
1.056733e+07 1.870878e-05 1.114459e+10
1.056085e+07 1.902588e-05 1.113245e+10
1.055445e+07 1.934297e-05 1.112045e+10
1.054811e+07 1.966007e-05 1.110860e+10
1.054185e+07 1.997717e-05 1.109688e+10
1.053566e+07 2.029427e-05 1.108529e+10
1.052953e+07 2.061136e-05 1.107384e+10
1.052346e+07 2.092846e-05 1.106250e+10
1.051746e+07 2.124556e-05 1.105129e+10
1.051152e+07 2.156266e-05 1.104020e+10
1.050564e+07 2.187976e-05 1.102923e+10
1.049982e+07 2.219685e-05 1.101837e+10
1.049405e+07 2.251395e-05 1.100762e+10
1.048835e+07 2.283105e-05 1.099698e+10
1.048270e+07 2.314815e-05 1.098646e+10
1.047710e+07 2.346525e-05 1.097604e+10
1.047156e+07 2.378234e-05 1.096572e+10
1.046607e+07 2.409944e-05 1.095550e+10
1.046063e+07 2.441654e-05 1.094539e+10
1.045524e+07 2.473364e-05 1.093538e+10
1.044991e+07 2.505074e-05 1.092546e+10
1.044462e+07 2.536783e-05 1.091563e+10
1.043938e+07 2.568493e-05 1.090590e+10
1.043418e+07 2.600203e-05 1.089626e+10
1.042904e+07 2.631913e-05 1.088671e+10
1.042394e+07 2.663623e-05 1.087725e+10
1.041888e+07 2.695332e-05 1.086788e+10
1.041387e+07 2.727042e-05 1.085859e+10
1.037528e+07 2.980720e-05 1.078719e+10
1.032616e+07 3.329528e-05 1.069660e+10
1.028104e+07 3.678336e-05 1.061368e+10
1.023208e+07 4.090563e-05 1.052401e+10
1.018052e+07 4.566210e-05 1.042996e+10
1.013042e+07 5.073567e-05 1.033891e+10
1.007907e+07 5.644343e-05 1.024596e+10
1.002720e+07 6.278539e-05 1.015245e+10
9.975273e+06 6.976154e-05 1.005920e+10
9.923366e+06 7.737189e-05 9.966363e+09
9.868031e+06 8.625063e-05 9.867813e+09
9.813972e+06 9.576357e-05 9.771949e+09
9.758152e+06 1.065449e-04 9.673392e+09
9.701459e+06 1.185946e-04 9.573740e+09
9.645822e+06 1.315956e-04 9.476385e+09
9.587590e+06 1.464992e-04 9.374955e+09
9.528891e+06 1.629883e-04 9.273194e+09
9.470185e+06 1.810629e-04 9.171908e+09
9.409456e+06 2.013572e-04 9.067643e+09
9.346601e+06 2.241882e-04 8.960278e+09
9.283259e+06 2.492390e-04 8.852647e+09
9.218527e+06 2.771436e-04 8.743243e+09
9.152418e+06 3.082192e-04 8.632125e+09
9.084536e+06 3.427829e-04 8.518674e+09
9.015034e+06 3.811517e-04 8.403198e+09
8.942958e+06 4.239599e-04 8.284172e+09
8.868070e+06 4.715246e-04 8.161291e+09
8.790257e+06 5.244800e-04 8.034462e+09
8.709946e+06 5.831431e-04 7.904472e+09
8.625889e+06 6.487823e-04 7.769413e+09
8.538778e+06 7.213978e-04 7.630524e+09
8.447356e+06 8.022577e-04 7.485939e+09
8.351292e+06 8.923135e-04 7.335319e+09
8.250696e+06 9.925165e-04 7.179029e+09
8.122908e+06 1.126966e-03 6.982619e+09
8.009954e+06 1.253805e-03 6.810996e+09
7.903118e+06 1.380644e-03 6.650390e+09
7.777532e+06 1.539193e-03 6.463744e+09
7.659833e+06 1.697742e-03 6.290932e+09
7.527408e+06 1.888001e-03 6.098951e+09
7.383626e+06 2.109970e-03 5.893458e+09
7.250045e+06 2.331938e-03 5.705310e+09
7.108404e+06 2.585616e-03 5.508731e+09
6.945785e+06 2.902714e-03 5.286763e+09
6.797131e+06 3.219812e-03 5.087359e+09
6.647570e+06 3.568620e-03 4.890117e+09
6.487011e+06 3.980847e-03 4.682173e+09
6.330867e+06 4.424784e-03 4.483745e+09
6.179787e+06 4.900431e-03 4.295341e+09
6.025808e+06 5.439498e-03 4.106970e+09
5.864207e+06 6.073694e-03 3.913259e+09
5.713486e+06 6.739599e-03 3.736292e+09
5.560618e+06 7.500634e-03 3.560471e+09
5.414354e+06 8.325089e-03 3.395726e+09
5.265760e+06 9.276383e-03 3.231863e+09
5.122101e+06 1.032281e-02 3.076806e+09
4.969636e+06 1.159120e-02 2.915892e+09
4.837808e+06 1.285959e-02 2.779816e+09
4.695655e+06 1.444508e-02 2.636279e+09
4.573455e+06 1.603057e-02 2.515560e+09
4.467053e+06 1.761606e-02 2.412467e+09
4.355940e+06 1.951865e-02 2.306830e+09
4.244325e+06 2.173833e-02 2.202805e+09
4.135463e+06 2.427511e-02 2.103374e+09
4.042079e+06 2.681190e-02 2.019686e+09
3.942336e+06 2.998288e-02 1.931911e+09
3.849285e+06 3.347095e-02 1.851557e+09
3.769907e+06 3.695903e-02 1.784193e+09
3.689568e+06 4.108130e-02 1.717130e+09
3.611045e+06 4.583777e-02 1.652673e+09
3.540104e+06 5.091134e-02 1.595369e+09
3.472335e+06 5.661910e-02 1.541456e+09
3.408698e+06 6.296106e-02 1.491570e+09
3.349417e+06 6.993721e-02 1.445746e+09
3.292492e+06 7.786466e-02 1.402335e+09
3.240705e+06 8.642631e-02 1.363345e+09
3.190629e+06 9.625634e-02 1.326102e+09
3.134105e+06 1.095745e-01 1.284607e+09
3.100233e+06 1.190874e-01 1.260018e+09
3.052969e+06 1.349423e-01 1.226010e+09
3.021466e+06 1.476262e-01 1.203569e+09
2.988096e+06 1.634811e-01 1.179995e+09
2.954930e+06 1.825070e-01 1.156769e+09
2.923380e+06 2.047038e-01 1.134863e+09
2.897593e+06 2.269007e-01 1.117094e+09
2.873450e+06 2.522685e-01 1.100570e+09
2.851453e+06 2.808073e-01 1.085609e+09
2.833666e+06 3.093461e-01 1.073577e+09
2.816263e+06 3.442269e-01 1.061862e+09
2.800283e+06 3.854496e-01 1.051154e+09
2.787940e+06 4.266724e-01 1.042916e+09
2.776955e+06 4.742371e-01 1.035608e+09
2.767506e+06 5.281437e-01 1.029340e+09
2.759558e+06 5.883923e-01 1.024081e+09
2.753216e+06 6.518119e-01 1.019893e+09
2.747640e+06 7.247444e-01 1.016216e+09
2.742792e+06 8.071899e-01 1.013025e+09
2.738681e+06 8.959773e-01 1.010323e+09
2.734883e+06 9.974486e-01 1.007828e+09
2.730495e+06 1.127459e+00 1.004950e+09
2.726936e+06 1.254298e+00 1.002618e+09
2.723892e+06 1.381137e+00 1.000626e+09
2.720617e+06 1.539686e+00 9.984836e+08
2.717746e+06 1.698235e+00 9.966079e+08
2.714675e+06 1.888494e+00 9.946032e+08
2.711463e+06 2.110462e+00 9.925082e+08
2.708554e+06 2.332431e+00 9.906124e+08
2.705167e+06 2.617819e+00 9.884068e+08
2.702093e+06 2.903207e+00 9.864075e+08
2.698975e+06 3.220305e+00 9.843812e+08
2.695831e+06 3.569113e+00 9.823393e+08
2.692427e+06 3.981340e+00 9.801314e+08
2.689066e+06 4.425277e+00 9.779534e+08
2.685538e+06 4.932634e+00 9.756694e+08
2.682087e+06 5.471700e+00 9.734373e+08
2.678521e+06 6.074186e+00 9.711335e+08
2.674704e+06 6.771802e+00 9.686700e+08
2.670850e+06 7.532837e+00 9.661848e+08
2.666972e+06 8.357291e+00 9.636881e+08
2.662803e+06 9.308585e+00 9.610063e+08
2.656029e+06 1.064040e+01 9.566563e+08
2.652292e+06 1.159169e+01 9.542604e+08
2.647596e+06 1.286008e+01 9.512529e+08
2.641881e+06 1.444557e+01 9.475988e+08
2.636162e+06 1.603106e+01 9.439485e+08
2.630296e+06 1.761655e+01 9.402104e+08
2.621602e+06 1.983624e+01 9.346826e+08
2.612115e+06 2.205592e+01 9.286668e+08
2.601600e+06 2.427561e+01 9.220191e+08
2.586301e+06 2.712949e+01 9.123840e+08
2.568795e+06 2.998337e+01 9.014135e+08
2.544229e+06 3.347145e+01 8.861172e+08
2.513279e+06 3.727662e+01 8.670090e+08
2.474991e+06 4.139889e+01 8.436239e+08
2.428568e+06 4.583827e+01 8.156470e+08
2.366822e+06 5.122893e+01 7.790406e+08
2.297220e+06 5.693669e+01 7.386082e+08
2.219098e+06 6.327865e+01 6.943587e+08
2.136362e+06 7.025481e+01 6.488131e+08
2.050388e+06 7.818225e+01 6.029304e+08
1.969690e+06 8.674390e+01 5.612165e+08
1.893147e+06 9.657393e+01 5.228715e+08
1.827104e+06 1.073553e+02 4.906981e+08
1.771473e+06 1.194050e+02 4.642145e+08
1.726302e+06 1.327231e+02 4.431898e+08
1.689483e+06 1.476267e+02 4.263725e+08
1.659431e+06 1.641158e+02 4.128598e+08
1.633903e+06 1.825075e+02 4.015334e+08
1.611269e+06 2.031188e+02 3.916074e+08
1.590714e+06 2.259499e+02 3.826885e+08
1.571699e+06 2.510006e+02 3.745191e+08
1.553340e+06 2.792223e+02 3.667058e+08
1.534476e+06 3.128347e+02 3.587533e+08
1.517560e+06 3.477155e+02 3.516880e+08
1.501351e+06 3.857672e+02 3.449764e+08
1.484791e+06 4.301609e+02 3.381786e+08
1.469240e+06 4.777256e+02 3.318492e+08
1.454599e+06 5.284613e+02 3.259393e+08
1.439260e+06 5.887099e+02 3.197977e+08
1.424408e+06 6.553005e+02 3.138684e+08
1.410154e+06 7.282330e+02 3.081774e+08
1.395909e+06 8.106784e+02 3.025370e+08
1.382320e+06 8.994659e+02 2.972004e+08
1.368687e+06 1.000000e+03 2.918891e+08
1.368675e+06 1.000095e+03 2.918846e+08
1.368663e+06 1.000191e+03 2.918799e+08
1.368651e+06 1.000286e+03 2.918753e+08
1.368640e+06 1.000382e+03 2.918707e+08
1.368628e+06 1.000477e+03 2.918661e+08
1.368616e+06 1.000573e+03 2.918617e+08
1.368605e+06 1.000668e+03 2.918574e+08
1.368595e+06 1.000764e+03 2.918532e+08
1.368584e+06 1.000859e+03 2.918491e+08
1.368574e+06 1.000955e+03 2.918452e+08
1.368564e+06 1.001051e+03 2.918413e+08
1.368554e+06 1.001146e+03 2.918375e+08
1.368545e+06 1.001241e+03 2.918339e+08
1.368535e+06 1.001338e+03 2.918302e+08
1.368526e+06 1.001433e+03 2.918266e+08
1.368517e+06 1.001528e+03 2.918231e+08
1.368508e+06 1.001623e+03 2.918196e+08
1.368499e+06 1.001720e+03 2.918160e+08
1.368490e+06 1.001815e+03 2.918126e+08
1.368481e+06 1.001910e+03 2.918092e+08
1.368472e+06 1.002007e+03 2.918057e+08
1.368463e+06 1.002102e+03 2.918023e+08
1.368454e+06 1.002197e+03 2.917989e+08
1.368446e+06 1.002292e+03 2.917954e+08
1.368437e+06 1.002389e+03 2.917920e+08
1.368428e+06 1.002484e+03 2.917886e+08
1.368419e+06 1.002579e+03 2.917851e+08
1.368410e+06 1.002676e+03 2.917817e+08
1.368401e+06 1.002771e+03 2.917782e+08
1.368392e+06 1.002866e+03 2.917748e+08
1.368383e+06 1.002963e+03 2.917713e+08
1.368374e+06 1.003058e+03 2.917678e+08
1.368365e+06 1.003153e+03 2.917643e+08
1.368356e+06 1.003250e+03 2.917608e+08
1.368347e+06 1.003345e+03 2.917573e+08
1.368338e+06 1.003442e+03 2.917537e+08
1.368329e+06 1.003537e+03 2.917501e+08
1.368320e+06 1.003632e+03 2.917466e+08
1.368310e+06 1.003729e+03 2.917430e+08
1.368301e+06 1.003824e+03 2.917394e+08
1.368292e+06 1.003921e+03 2.917358e+08
1.368283e+06 1.004016e+03 2.917322e+08
1.368273e+06 1.004111e+03 2.917286e+08
1.368264e+06 1.004208e+03 2.917249e+08
1.368254e+06 1.004303e+03 2.917213e+08
1.368245e+06 1.004400e+03 2.917176e+08
1.368235e+06 1.004495e+03 2.917139e+08
1.368226e+06 1.004591e+03 2.917102e+08
1.368216e+06 1.004687e+03 2.917065e+08
1.368207e+06 1.004783e+03 2.917027e+08
1.368197e+06 1.004878e+03 2.916990e+08
1.368188e+06 1.004974e+03 2.916953e+08
1.368178e+06 1.005070e+03 2.916915e+08
1.368168e+06 1.005165e+03 2.916878e+08
1.368158e+06 1.005262e+03 2.916840e+08
1.368149e+06 1.005357e+03 2.916802e+08
1.368139e+06 1.005454e+03 2.916764e+08
1.368129e+06 1.005549e+03 2.916726e+08
1.368119e+06 1.005646e+03 2.916687e+08
1.368109e+06 1.005741e+03 2.916649e+08
1.368099e+06 1.005838e+03 2.916611e+08
1.368089e+06 1.005933e+03 2.916572e+08
1.368079e+06 1.006029e+03 2.916533e+08
1.368069e+06 1.006126e+03 2.916494e+08
1.368059e+06 1.006221e+03 2.916456e+08
1.368049e+06 1.006318e+03 2.916417e+08
1.368039e+06 1.006413e+03 2.916378e+08
1.368029e+06 1.006510e+03 2.916339e+08
1.368019e+06 1.006605e+03 2.916300e+08
1.368009e+06 1.006702e+03 2.916260e+08
1.367999e+06 1.006797e+03 2.916221e+08
1.367989e+06 1.006894e+03 2.916182e+08
1.367978e+06 1.006990e+03 2.916142e+08
1.367968e+06 1.007085e+03 2.916103e+08
1.367958e+06 1.007182e+03 2.916063e+08
1.367948e+06 1.007277e+03 2.916023e+08
1.367937e+06 1.007374e+03 2.915983e+08
1.367927e+06 1.007471e+03 2.915943e+08
1.367917e+06 1.007566e+03 2.915903e+08
1.367907e+06 1.007662e+03 2.915863e+08
1.367896e+06 1.007759e+03 2.915823e+08
1.367886e+06 1.007854e+03 2.915783e+08
1.367875e+06 1.007951e+03 2.915743e+08
1.367865e+06 1.008048e+03 2.915702e+08
1.367855e+06 1.008143e+03 2.915662e+08
1.367844e+06 1.008240e+03 2.915621e+08
1.367834e+06 1.008336e+03 2.915581e+08
1.367823e+06 1.008431e+03 2.915541e+08
1.367813e+06 1.008528e+03 2.915500e+08
1.367802e+06 1.008625e+03 2.915459e+08
1.367792e+06 1.008720e+03 2.915418e+08
1.367781e+06 1.008817e+03 2.915377e+08
1.367771e+06 1.008913e+03 2.915336e+08
1.367760e+06 1.009009e+03 2.915296e+08
1.367750e+06 1.009105e+03 2.915255e+08
1.367739e+06 1.009202e+03 2.915213e+08
1.367728e+06 1.009299e+03 2.915172e+08
1.367718e+06 1.009394e+03 2.915131e+08
1.367707e+06 1.009491e+03 2.915090e+08
1.367696e+06 1.009587e+03 2.915049e+08
1.367686e+06 1.009684e+03 2.915007e+08
1.367675e+06 1.009779e+03 2.914966e+08
1.367665e+06 1.009876e+03 2.914925e+08
1.367654e+06 1.009973e+03 2.914883e+08
1.367643e+06 1.010071e+03 2.914841e+08
1.367632e+06 1.010166e+03 2.914800e+08
1.367622e+06 1.010261e+03 2.914759e+08
1.367611e+06 1.010359e+03 2.914716e+08
1.367600e+06 1.010455e+03 2.914675e+08
1.367589e+06 1.010553e+03 2.914632e+08
1.367578e+06 1.010648e+03 2.914591e+08
1.367568e+06 1.010743e+03 2.914550e+08
1.367557e+06 1.010841e+03 2.914507e+08
1.367546e+06 1.010937e+03 2.914466e+08
1.367535e+06 1.011035e+03 2.914423e+08
1.367524e+06 1.011130e+03 2.914382e+08
1.367514e+06 1.011225e+03 2.914340e+08
1.367503e+06 1.011323e+03 2.914297e+08
1.367492e+06 1.011419e+03 2.914256e+08
1.367481e+06 1.011517e+03 2.914213e+08
1.367470e+06 1.011612e+03 2.914171e+08
1.367459e+06 1.011710e+03 2.914128e+08
1.367448e+06 1.011805e+03 2.914086e+08
1.367437e+06 1.011904e+03 2.914043e+08
1.367426e+06 1.011999e+03 2.914002e+08
1.367416e+06 1.012094e+03 2.913960e+08
1.367404e+06 1.012192e+03 2.913917e+08
1.367394e+06 1.012287e+03 2.913875e+08
1.367383e+06 1.012386e+03 2.913832e+08
1.367372e+06 1.012481e+03 2.913790e+08
1.367361e+06 1.012579e+03 2.913746e+08
1.367350e+06 1.012674e+03 2.913704e+08
1.367339e+06 1.012773e+03 2.913661e+08
1.367328e+06 1.012868e+03 2.913619e+08
1.367316e+06 1.012966e+03 2.913575e+08
1.367306e+06 1.013061e+03 2.913533e+08
1.367294e+06 1.013159e+03 2.913490e+08
1.367284e+06 1.013255e+03 2.913448e+08
1.367272e+06 1.013353e+03 2.913404e+08
1.367261e+06 1.013448e+03 2.913362e+08
1.367251e+06 1.013543e+03 2.913320e+08
1.367239e+06 1.013641e+03 2.913276e+08
1.367228e+06 1.013737e+03 2.913234e+08
1.367217e+06 1.013835e+03 2.913190e+08
1.367206e+06 1.013933e+03 2.913146e+08
1.367195e+06 1.014028e+03 2.913104e+08
1.367184e+06 1.014127e+03 2.913060e+08
1.367173e+06 1.014222e+03 2.913018e+08
1.367161e+06 1.014320e+03 2.912974e+08
1.367150e+06 1.014415e+03 2.912932e+08
1.367139e+06 1.014513e+03 2.912888e+08
1.367128e+06 1.014609e+03 2.912845e+08
1.367117e+06 1.014707e+03 2.912801e+08
1.367106e+06 1.014802e+03 2.912759e+08
1.367095e+06 1.014900e+03 2.912715e+08
1.367084e+06 1.014995e+03 2.912672e+08
1.367072e+06 1.015094e+03 2.912628e+08
1.367061e+06 1.015189e+03 2.912586e+08
1.367050e+06 1.015287e+03 2.912542e+08
1.367039e+06 1.015382e+03 2.912499e+08
1.367027e+06 1.015481e+03 2.912455e+08
1.367016e+06 1.015579e+03 2.912411e+08
1.367005e+06 1.015674e+03 2.912368e+08
1.366994e+06 1.015772e+03 2.912324e+08
1.366983e+06 1.015867e+03 2.912281e+08
1.366971e+06 1.015966e+03 2.912237e+08
1.366960e+06 1.016061e+03 2.912194e+08
1.366949e+06 1.016159e+03 2.912150e+08
1.366938e+06 1.016254e+03 2.912107e+08
1.366926e+06 1.016353e+03 2.912063e+08
1.366915e+06 1.016451e+03 2.912019e+08
1.366904e+06 1.016546e+03 2.911976e+08
1.366892e+06 1.016644e+03 2.911931e+08
1.366881e+06 1.016739e+03 2.911888e+08
1.366870e+06 1.016838e+03 2.911844e+08
1.366858e+06 1.016936e+03 2.911800e+08
1.366847e+06 1.017031e+03 2.911757e+08
1.366836e+06 1.017129e+03 2.911712e+08
1.366825e+06 1.017225e+03 2.911669e+08
1.366813e+06 1.017323e+03 2.911625e+08
1.366802e+06 1.017421e+03 2.911580e+08
1.366791e+06 1.017516e+03 2.911537e+08
1.366779e+06 1.017615e+03 2.911493e+08
1.366768e+06 1.017710e+03 2.911450e+08
1.366757e+06 1.017808e+03 2.911405e+08
1.366745e+06 1.017906e+03 2.911361e+08
1.366734e+06 1.018001e+03 2.911317e+08
1.366722e+06 1.018100e+03 2.911273e+08
1.366711e+06 1.018198e+03 2.911228e+08
1.366700e+06 1.018293e+03 2.911185e+08
1.366688e+06 1.018392e+03 2.911140e+08
1.366677e+06 1.018490e+03 2.911096e+08
1.366666e+06 1.018585e+03 2.911053e+08
1.366654e+06 1.018683e+03 2.911008e+08
1.366643e+06 1.018778e+03 2.910965e+08
1.366631e+06 1.018877e+03 2.910920e+08
1.366620e+06 1.018975e+03 2.910875e+08
1.366609e+06 1.019070e+03 2.910832e+08
1.366597e+06 1.019168e+03 2.910787e+08
1.366586e+06 1.019267e+03 2.910742e+08
1.366574e+06 1.019362e+03 2.910699e+08
1.366563e+06 1.019460e+03 2.910654e+08
1.366551e+06 1.019558e+03 2.910610e+08
1.366540e+06 1.019654e+03 2.910566e+08
1.366529e+06 1.019752e+03 2.910521e+08
1.366517e+06 1.019850e+03 2.910476e+08
1.366506e+06 1.019945e+03 2.910433e+08
1.366494e+06 1.020044e+03 2.910388e+08
1.366483e+06 1.020142e+03 2.910343e+08
1.366471e+06 1.020240e+03 2.910298e+08
1.366460e+06 1.020335e+03 2.910255e+08
1.366448e+06 1.020434e+03 2.910210e+08
1.366437e+06 1.020532e+03 2.910165e+08
1.366425e+06 1.020627e+03 2.910122e+08
1.366414e+06 1.020725e+03 2.910077e+08
1.366402e+06 1.020824e+03 2.910032e+08
1.366391e+06 1.020922e+03 2.909987e+08
1.366379e+06 1.021017e+03 2.909943e+08
1.366368e+06 1.021115e+03 2.909898e+08
1.366356e+06 1.021214e+03 2.909853e+08
1.366345e+06 1.021309e+03 2.909810e+08
1.366333e+06 1.021407e+03 2.909765e+08
1.366322e+06 1.021505e+03 2.909720e+08
1.366310e+06 1.021604e+03 2.909675e+08
1.366299e+06 1.021699e+03 2.909631e+08
1.366287e+06 1.021797e+03 2.909586e+08
1.366275e+06 1.021895e+03 2.909541e+08
1.366264e+06 1.021994e+03 2.909496e+08
1.366253e+06 1.022089e+03 2.909452e+08
1.366241e+06 1.022187e+03 2.909407e+08
1.366229e+06 1.022285e+03 2.909362e+08
1.366218e+06 1.022384e+03 2.909317e+08
1.366206e+06 1.022479e+03 2.909273e+08
1.366195e+06 1.022577e+03 2.909228e+08
1.366183e+06 1.022675e+03 2.909183e+08
1.366171e+06 1.022774e+03 2.909138e+08
1.366160e+06 1.022869e+03 2.909094e+08
1.366148e+06 1.022967e+03 2.909049e+08
1.366137e+06 1.023066e+03 2.909004e+08
1.366125e+06 1.023164e+03 2.908958e+08
1.366113e+06 1.023262e+03 2.908913e+08
1.366102e+06 1.023357e+03 2.908869e+08
1.366090e+06 1.023456e+03 2.908824e+08
1.366079e+06 1.023554e+03 2.908779e+08
1.366067e+06 1.023652e+03 2.908734e+08
1.366055e+06 1.023750e+03 2.908688e+08
1.366044e+06 1.023846e+03 2.908645e+08
1.366032e+06 1.023944e+03 2.908599e+08
1.366021e+06 1.024042e+03 2.908554e+08
1.366009e+06 1.024140e+03 2.908509e+08
1.365997e+06 1.024239e+03 2.908464e+08
1.365986e+06 1.024334e+03 2.908420e+08
1.365974e+06 1.024432e+03 2.908374e+08
1.365963e+06 1.024531e+03 2.908329e+08
1.365951e+06 1.024629e+03 2.908284e+08
1.365939e+06 1.024727e+03 2.908238e+08
1.365928e+06 1.024825e+03 2.908193e+08
1.365916e+06 1.024921e+03 2.908149e+08
1.365905e+06 1.025019e+03 2.908104e+08
1.365893e+06 1.025117e+03 2.908059e+08
1.365881e+06 1.025215e+03 2.908013e+08
1.365869e+06 1.025314e+03 2.907968e+08
1.365858e+06 1.025412e+03 2.907922e+08
1.365846e+06 1.025507e+03 2.907879e+08
1.365835e+06 1.025605e+03 2.907833e+08
1.365823e+06 1.025704e+03 2.907788e+08
1.365811e+06 1.025802e+03 2.907742e+08
1.365799e+06 1.025900e+03 2.907697e+08
1.365788e+06 1.025999e+03 2.907652e+08
1.365776e+06 1.026097e+03 2.907606e+08
1.365765e+06 1.026192e+03 2.907562e+08
1.365753e+06 1.026290e+03 2.907517e+08
1.365741e+06 1.026389e+03 2.907471e+08
1.365730e+06 1.026487e+03 2.907426e+08
1.365718e+06 1.026585e+03 2.907381e+08
1.365706e+06 1.026684e+03 2.907335e+08
1.365694e+06 1.026782e+03 2.907290e+08
1.365683e+06 1.026880e+03 2.907244e+08
1.365671e+06 1.026979e+03 2.907199e+08
1.365659e+06 1.027074e+03 2.907155e+08
1.365648e+06 1.027172e+03 2.907109e+08
1.365636e+06 1.027270e+03 2.907064e+08
1.365624e+06 1.027369e+03 2.907018e+08
1.365612e+06 1.027467e+03 2.906973e+08
1.365601e+06 1.027565e+03 2.906927e+08
1.365589e+06 1.027663e+03 2.906882e+08
1.365577e+06 1.027762e+03 2.906836e+08
1.365565e+06 1.027860e+03 2.906791e+08
1.365554e+06 1.027958e+03 2.906745e+08
1.365542e+06 1.028057e+03 2.906700e+08
1.365530e+06 1.028155e+03 2.906654e+08
1.365518e+06 1.028253e+03 2.906609e+08
1.365507e+06 1.028348e+03 2.906565e+08
1.365495e+06 1.028447e+03 2.906519e+08
1.365484e+06 1.028545e+03 2.906474e+08
1.365472e+06 1.028643e+03 2.906428e+08
1.365460e+06 1.028742e+03 2.906382e+08
1.365448e+06 1.028840e+03 2.906337e+08
1.365437e+06 1.028938e+03 2.906291e+08
1.365425e+06 1.029036e+03 2.906246e+08
1.365413e+06 1.029135e+03 2.906200e+08
1.365401e+06 1.029233e+03 2.906155e+08
1.365389e+06 1.029331e+03 2.906109e+08
1.365378e+06 1.029430e+03 2.906064e+08
1.365366e+06 1.029528e+03 2.906018e+08
1.365354e+06 1.029626e+03 2.905972e+08
1.365342e+06 1.029725e+03 2.905927e+08
1.365331e+06 1.029823e+03 2.905881e+08
1.365319e+06 1.029921e+03 2.905836e+08
1.365307e+06 1.030019e+03 2.905790e+08
1.365295e+06 1.030118e+03 2.905744e+08
1.365284e+06 1.030216e+03 2.905699e+08
1.365272e+06 1.030314e+03 2.905653e+08
1.365260e+06 1.030413e+03 2.905608e+08
1.365248e+06 1.030511e+03 2.905562e+08
1.365236e+06 1.030609e+03 2.905516e+08
1.365225e+06 1.030708e+03 2.905471e+08
1.365213e+06 1.030806e+03 2.905425e+08
1.365201e+06 1.030904e+03 2.905380e+08
1.365189e+06 1.031002e+03 2.905334e+08
1.365177e+06 1.031101e+03 2.905288e+08
1.365166e+06 1.031199e+03 2.905243e+08
1.365154e+06 1.031297e+03 2.905197e+08
1.365142e+06 1.031396e+03 2.905151e+08
1.365130e+06 1.031494e+03 2.905106e+08
1.365119e+06 1.031592e+03 2.905060e+08
1.365107e+06 1.031691e+03 2.905014e+08
1.365095e+06 1.031789e+03 2.904969e+08
1.365083e+06 1.031887e+03 2.904923e+08
1.365071e+06 1.031985e+03 2.904878e+08
1.365060e+06 1.032084e+03 2.904832e+08
1.365048e+06 1.032182e+03 2.904786e+08
1.365036e+06 1.032280e+03 2.904741e+08
1.365024e+06 1.032379e+03 2.904695e+08
1.365012e+06 1.032480e+03 2.904648e+08
1.365000e+06 1.032578e+03 2.904602e+08
1.364988e+06 1.032677e+03 2.904556e+08
1.364977e+06 1.032775e+03 2.904511e+08
1.364965e+06 1.032873e+03 2.904465e+08
1.364953e+06 1.032972e+03 2.904419e+08
1.364941e+06 1.033070e+03 2.904374e+08
1.364929e+06 1.033168e+03 2.904328e+08
1.364918e+06 1.033267e+03 2.904282e+08
1.364906e+06 1.033365e+03 2.904237e+08
1.364894e+06 1.033463e+03 2.904191e+08
1.364882e+06 1.033561e+03 2.904145e+08
1.364870e+06 1.033663e+03 2.904098e+08
1.364858e+06 1.033761e+03 2.904053e+08
1.364846e+06 1.033860e+03 2.904007e+08
1.364835e+06 1.033958e+03 2.903961e+08
1.364823e+06 1.034056e+03 2.903916e+08
1.364811e+06 1.034154e+03 2.903870e+08
1.364799e+06 1.034253e+03 2.903824e+08
1.364787e+06 1.034351e+03 2.903778e+08
1.364776e+06 1.034449e+03 2.903733e+08
1.364763e+06 1.034551e+03 2.903686e+08
1.364752e+06 1.034649e+03 2.903640e+08
1.364740e+06 1.034747e+03 2.903594e+08
1.364728e+06 1.034846e+03 2.903549e+08
1.364716e+06 1.034944e+03 2.903503e+08
1.364704e+06 1.035042e+03 2.903457e+08
1.364693e+06 1.035141e+03 2.903411e+08
1.364681e+06 1.035239e+03 2.903366e+08
1.364669e+06 1.035340e+03 2.903319e+08
1.364657e+06 1.035439e+03 2.903273e+08
1.364645e+06 1.035537e+03 2.903227e+08
1.364633e+06 1.035635e+03 2.903181e+08
1.364621e+06 1.035734e+03 2.903136e+08
1.364610e+06 1.035832e+03 2.903090e+08
1.364597e+06 1.035933e+03 2.903043e+08
1.364586e+06 1.036032e+03 2.902997e+08
1.364574e+06 1.036130e+03 2.902952e+08
1.364562e+06 1.036228e+03 2.902906e+08
1.364550e+06 1.036327e+03 2.902860e+08
1.364538e+06 1.036425e+03 2.902814e+08
1.364526e+06 1.036526e+03 2.902767e+08
1.364514e+06 1.036625e+03 2.902722e+08
1.364503e+06 1.036723e+03 2.902676e+08
1.364491e+06 1.036821e+03 2.902630e+08
1.364479e+06 1.036920e+03 2.902584e+08
1.364467e+06 1.037021e+03 2.902537e+08
1.364455e+06 1.037119e+03 2.902492e+08
1.364443e+06 1.037218e+03 2.902446e+08
1.364431e+06 1.037316e+03 2.902400e+08
1.364420e+06 1.037414e+03 2.902354e+08
1.364407e+06 1.037516e+03 2.902307e+08
1.364396e+06 1.037614e+03 2.902262e+08
1.364384e+06 1.037712e+03 2.902216e+08
1.364372e+06 1.037811e+03 2.902170e+08
1.364360e+06 1.037912e+03 2.902123e+08
1.364348e+06 1.038010e+03 2.902077e+08
1.364336e+06 1.038109e+03 2.902032e+08
1.364324e+06 1.038207e+03 2.901986e+08
1.364313e+06 1.038305e+03 2.901940e+08
1.364300e+06 1.038407e+03 2.901893e+08
1.364289e+06 1.038505e+03 2.901847e+08
1.364277e+06 1.038603e+03 2.901802e+08
1.364265e+06 1.038702e+03 2.901756e+08
1.364253e+06 1.038803e+03 2.901709e+08
1.364241e+06 1.038901e+03 2.901663e+08
1.364229e+06 1.039000e+03 2.901617e+08
1.364217e+06 1.039101e+03 2.901570e+08
1.364205e+06 1.039199e+03 2.901524e+08
1.364193e+06 1.039298e+03 2.901479e+08
1.364181e+06 1.039396e+03 2.901433e+08
1.364169e+06 1.039498e+03 2.901386e+08
1.364157e+06 1.039596e+03 2.901340e+08
1.364146e+06 1.039694e+03 2.901294e+08
1.364134e+06 1.039792e+03 2.901249e+08
1.364122e+06 1.039894e+03 2.901202e+08
1.364110e+06 1.039992e+03 2.901156e+08
1.364098e+06 1.040091e+03 2.901110e+08
1.364086e+06 1.040192e+03 2.901063e+08
1.364074e+06 1.040290e+03 2.901017e+08
1.364062e+06 1.040389e+03 2.900972e+08
1.364050e+06 1.040487e+03 2.900926e+08
1.364038e+06 1.040588e+03 2.900879e+08
1.364026e+06 1.040687e+03 2.900833e+08
1.364015e+06 1.040785e+03 2.900787e+08
1.364002e+06 1.040886e+03 2.900740e+08
1.363991e+06 1.040985e+03 2.900695e+08
1.363979e+06 1.041083e+03 2.900649e+08
1.363967e+06 1.041185e+03 2.900602e+08
1.363955e+06 1.041283e+03 2.900556e+08
1.363943e+06 1.041381e+03 2.900510e+08
1.363931e+06 1.041483e+03 2.900463e+08
1.363919e+06 1.041581e+03 2.900418e+08
1.363907e+06 1.041679e+03 2.900372e+08
1.363895e+06 1.041781e+03 2.900325e+08
1.363883e+06 1.041879e+03 2.900279e+08
1.363871e+06 1.041977e+03 2.900233e+08
1.363859e+06 1.042079e+03 2.900186e+08
1.363847e+06 1.042177e+03 2.900141e+08
1.363836e+06 1.042275e+03 2.900095e+08
1.363823e+06 1.042377e+03 2.900048e+08
1.363812e+06 1.042475e+03 2.900002e+08
1.363799e+06 1.042577e+03 2.899955e+08
1.363788e+06 1.042675e+03 2.899909e+08
1.363776e+06 1.042773e+03 2.899864e+08
1.363764e+06 1.042875e+03 2.899816e+08
1.363752e+06 1.042973e+03 2.899771e+08
1.363740e+06 1.043071e+03 2.899725e+08
1.363728e+06 1.043173e+03 2.899678e+08
1.363716e+06 1.043271e+03 2.899632e+08
1.363704e+06 1.043372e+03 2.899585e+08
1.363692e+06 1.043471e+03 2.899540e+08
1.363680e+06 1.043569e+03 2.899494e+08
1.363668e+06 1.043671e+03 2.899447e+08
1.363656e+06 1.043769e+03 2.899401e+08
1.363644e+06 1.043870e+03 2.899354e+08
1.363632e+06 1.043969e+03 2.899308e+08
1.363621e+06 1.044067e+03 2.899263e+08
1.363608e+06 1.044168e+03 2.899216e+08
1.363597e+06 1.044267e+03 2.899170e+08
1.363584e+06 1.044368e+03 2.899123e+08
1.363573e+06 1.044466e+03 2.899077e+08
1.363560e+06 1.044568e+03 2.899030e+08
1.363549e+06 1.044666e+03 2.898985e+08
1.363537e+06 1.044765e+03 2.898939e+08
1.363525e+06 1.044866e+03 2.898892e+08
1.363513e+06 1.044964e+03 2.898846e+08
1.363501e+06 1.045066e+03 2.898799e+08
1.363489e+06 1.045164e+03 2.898754e+08
1.363477e+06 1.045266e+03 2.898706e+08
1.363465e+06 1.045364e+03 2.898661e+08
1.363453e+06 1.045462e+03 2.898615e+08
1.363441e+06 1.045564e+03 2.898568e+08
1.363429e+06 1.045662e+03 2.898523e+08
1.363417e+06 1.045763e+03 2.898476e+08
1.363405e+06 1.045862e+03 2.898430e+08
1.363393e+06 1.045963e+03 2.898383e+08
1.363381e+06 1.046061e+03 2.898337e+08
1.363369e+06 1.046163e+03 2.898290e+08
1.363357e+06 1.046261e+03 2.898245e+08
1.363345e+06 1.046363e+03 2.898198e+08
1.363333e+06 1.046461e+03 2.898152e+08
1.363321e+06 1.046562e+03 2.898105e+08
1.363309e+06 1.046661e+03 2.898059e+08
1.363297e+06 1.046762e+03 2.898012e+08
1.363285e+06 1.046861e+03 2.897967e+08
1.363273e+06 1.046962e+03 2.897920e+08
1.363261e+06 1.047060e+03 2.897874e+08
1.363249e+06 1.047162e+03 2.897827e+08
1.363238e+06 1.047260e+03 2.897781e+08
1.363225e+06 1.047362e+03 2.897734e+08
1.363214e+06 1.047460e+03 2.897689e+08
1.363201e+06 1.047561e+03 2.897642e+08
1.363190e+06 1.047660e+03 2.897596e+08
1.363177e+06 1.047761e+03 2.897549e+08
1.363166e+06 1.047859e+03 2.897504e+08
1.363154e+06 1.047961e+03 2.897457e+08
1.363142e+06 1.048059e+03 2.897411e+08
1.363130e+06 1.048161e+03 2.897364e+08
1.363118e+06 1.048259e+03 2.897319e+08
1.363106e+06 1.048360e+03 2.897272e+08
1.363094e+06 1.048459e+03 2.897226e+08
1.363082e+06 1.048560e+03 2.897179e+08
1.363070e+06 1.048662e+03 2.897132e+08
1.363058e+06 1.048760e+03 2.897086e+08
1.363046e+06 1.048861e+03 2.897039e+08
1.363034e+06 1.048960e+03 2.896994e+08
1.363022e+06 1.049061e+03 2.896947e+08
1.363010e+06 1.049160e+03 2.896901e+08
1.362998e+06 1.049261e+03 2.896854e+08
1.362986e+06 1.049362e+03 2.896807e+08
1.362974e+06 1.049461e+03 2.896762e+08
1.362962e+06 1.049562e+03 2.896715e+08
1.362950e+06 1.049661e+03 2.896669e+08
1.362938e+06 1.049762e+03 2.896623e+08
1.362926e+06 1.049860e+03 2.896577e+08
1.362914e+06 1.049962e+03 2.896530e+08
1.362901e+06 1.050066e+03 2.896482e+08
1.362889e+06 1.050168e+03 2.896435e+08
1.362877e+06 1.050269e+03 2.896388e+08
1.362865e+06 1.050371e+03 2.896341e+08
1.362853e+06 1.050472e+03 2.896294e+08
1.362841e+06 1.050574e+03 2.896247e+08
1.362830e+06 1.050663e+03 2.896206e+08
1.362818e+06 1.050764e+03 2.896159e+08
1.362806e+06 1.050866e+03 2.896112e+08
1.362794e+06 1.050967e+03 2.896065e+08
1.362781e+06 1.051068e+03 2.896018e+08
1.362769e+06 1.051170e+03 2.895971e+08
1.362757e+06 1.051271e+03 2.895924e+08
1.362745e+06 1.051373e+03 2.895877e+08
1.362733e+06 1.051474e+03 2.895830e+08
1.362721e+06 1.051576e+03 2.895783e+08
1.362710e+06 1.051665e+03 2.895742e+08
1.362698e+06 1.051766e+03 2.895695e+08
1.362686e+06 1.051868e+03 2.895648e+08
1.362674e+06 1.051969e+03 2.895602e+08
1.362662e+06 1.052070e+03 2.895555e+08
1.362649e+06 1.052172e+03 2.895508e+08
1.362637e+06 1.052273e+03 2.895461e+08
1.362625e+06 1.052375e+03 2.895414e+08
1.362613e+06 1.052476e+03 2.895367e+08
1.362601e+06 1.052578e+03 2.895320e+08
1.362589e+06 1.052679e+03 2.895273e+08
1.362577e+06 1.052781e+03 2.895226e+08
1.362566e+06 1.052870e+03 2.895185e+08
1.362554e+06 1.052971e+03 2.895139e+08
1.362542e+06 1.053073e+03 2.895092e+08
1.362530e+06 1.053174e+03 2.895045e+08
1.362518e+06 1.053275e+03 2.894998e+08
1.362505e+06 1.053377e+03 2.894951e+08
1.362493e+06 1.053478e+03 2.894904e+08
1.362481e+06 1.053580e+03 2.894857e+08
1.362469e+06 1.053681e+03 2.894811e+08
1.362457e+06 1.053783e+03 2.894764e+08
1.362445e+06 1.053884e+03 2.894717e+08
1.362433e+06 1.053986e+03 2.894670e+08
1.362421e+06 1.054087e+03 2.894623e+08
1.362410e+06 1.054176e+03 2.894582e+08
1.362398e+06 1.054277e+03 2.894535e+08
1.362386e+06 1.054379e+03 2.894489e+08
1.362374e+06 1.054480e+03 2.894442e+08
1.362362e+06 1.054582e+03 2.894395e+08
1.362350e+06 1.054683e+03 2.894348e+08
1.362337e+06 1.054785e+03 2.894301e+08
1.362325e+06 1.054886e+03 2.894255e+08
1.362313e+06 1.054988e+03 2.894208e+08
1.362301e+06 1.055089e+03 2.894161e+08
1.362289e+06 1.055191e+03 2.894114e+08
1.362277e+06 1.055292e+03 2.894067e+08
1.362265e+06 1.055394e+03 2.894021e+08
1.362253e+06 1.055495e+03 2.893974e+08
1.362241e+06 1.055597e+03 2.893927e+08
1.362228e+06 1.055698e+03 2.893880e+08
1.362218e+06 1.055787e+03 2.893839e+08
1.362206e+06 1.055888e+03 2.893793e+08
1.362194e+06 1.055990e+03 2.893746e+08
1.362182e+06 1.056091e+03 2.893699e+08
1.362169e+06 1.056193e+03 2.893652e+08
1.362157e+06 1.056294e+03 2.893606e+08
1.362145e+06 1.056396e+03 2.893559e+08
1.362133e+06 1.056497e+03 2.893512e+08
1.362121e+06 1.056599e+03 2.893465e+08
1.362109e+06 1.056700e+03 2.893419e+08
1.362097e+06 1.056802e+03 2.893372e+08
1.362085e+06 1.056903e+03 2.893325e+08
1.362073e+06 1.057005e+03 2.893279e+08
1.362061e+06 1.057106e+03 2.893232e+08
1.362049e+06 1.057207e+03 2.893185e+08
1.362036e+06 1.057309e+03 2.893138e+08
1.362024e+06 1.057410e+03 2.893092e+08
1.362012e+06 1.057512e+03 2.893045e+08
1.362000e+06 1.057613e+03 2.892998e+08
1.361990e+06 1.057702e+03 2.892957e+08
1.361978e+06 1.057804e+03 2.892911e+08
1.361965e+06 1.057905e+03 2.892864e+08
1.361953e+06 1.058007e+03 2.892817e+08
1.361941e+06 1.058108e+03 2.892771e+08
1.361929e+06 1.058209e+03 2.892724e+08
1.361917e+06 1.058311e+03 2.892677e+08
1.361905e+06 1.058412e+03 2.892631e+08
1.361893e+06 1.058514e+03 2.892584e+08
1.361881e+06 1.058615e+03 2.892537e+08
1.361869e+06 1.058717e+03 2.892491e+08
1.361857e+06 1.058818e+03 2.892444e+08
1.361845e+06 1.058920e+03 2.892397e+08
1.361833e+06 1.059021e+03 2.892351e+08
1.361821e+06 1.059123e+03 2.892304e+08
1.361809e+06 1.059224e+03 2.892257e+08
1.361796e+06 1.059326e+03 2.892211e+08
1.361784e+06 1.059427e+03 2.892164e+08
1.361772e+06 1.059529e+03 2.892118e+08
1.361760e+06 1.059630e+03 2.892071e+08
1.361748e+06 1.059732e+03 2.892024e+08
1.361736e+06 1.059833e+03 2.891978e+08
1.361724e+06 1.059935e+03 2.891931e+08
1.361712e+06 1.060036e+03 2.891885e+08
1.361700e+06 1.060137e+03 2.891838e+08
1.361688e+06 1.060239e+03 2.891791e+08
1.361676e+06 1.060340e+03 2.891745e+08
1.361664e+06 1.060442e+03 2.891698e+08
1.361652e+06 1.060543e+03 2.891652e+08
1.361640e+06 1.060645e+03 2.891605e+08
1.361629e+06 1.060734e+03 2.891564e+08
1.361617e+06 1.060835e+03 2.891518e+08
1.361605e+06 1.060937e+03 2.891471e+08
1.361593e+06 1.061038e+03 2.891425e+08
1.361581e+06 1.061139e+03 2.891378e+08
1.361569e+06 1.061241e+03 2.891331e+08
1.361557e+06 1.061342e+03 2.891285e+08
1.361545e+06 1.061444e+03 2.891238e+08
1.361533e+06 1.061545e+03 2.891192e+08
1.361521e+06 1.061647e+03 2.891145e+08
1.361509e+06 1.061748e+03 2.891099e+08
1.361497e+06 1.061850e+03 2.891052e+08
1.361485e+06 1.061951e+03 2.891006e+08
1.361472e+06 1.062053e+03 2.890959e+08
1.361460e+06 1.062154e+03 2.890913e+08
1.361448e+06 1.062256e+03 2.890866e+08
1.361436e+06 1.062357e+03 2.890820e+08
1.361424e+06 1.062459e+03 2.890773e+08
1.361412e+06 1.062560e+03 2.890727e+08
1.361400e+06 1.062662e+03 2.890680e+08
1.361388e+06 1.062763e+03 2.890634e+08
1.361376e+06 1.062864e+03 2.890587e+08
1.361364e+06 1.062966e+03 2.890541e+08
1.361352e+06 1.063067e+03 2.890494e+08
1.361340e+06 1.063169e+03 2.890448e+08
1.361328e+06 1.063270e+03 2.890401e+08
1.361316e+06 1.063372e+03 2.890355e+08
1.361304e+06 1.063473e+03 2.890308e+08
1.361292e+06 1.063575e+03 2.890262e+08
1.361280e+06 1.063676e+03 2.890216e+08
1.361268e+06 1.063778e+03 2.890169e+08
1.361256e+06 1.063879e+03 2.890123e+08
1.361244e+06 1.063981e+03 2.890076e+08
1.361232e+06 1.064082e+03 2.890030e+08
1.361220e+06 1.064184e+03 2.889983e+08
1.361208e+06 1.064285e+03 2.889937e+08
1.361196e+06 1.064387e+03 2.889891e+08
1.361184e+06 1.064488e+03 2.889844e+08
1.361172e+06 1.064590e+03 2.889798e+08
1.361160e+06 1.064691e+03 2.889751e+08
1.361148e+06 1.064792e+03 2.889705e+08
1.361136e+06 1.064894e+03 2.889658e+08
1.361124e+06 1.064995e+03 2.889612e+08
1.361112e+06 1.065097e+03 2.889566e+08
1.361100e+06 1.065198e+03 2.889519e+08
1.361088e+06 1.065300e+03 2.889473e+08
1.361076e+06 1.065401e+03 2.889427e+08
1.361064e+06 1.065503e+03 2.889380e+08
1.361052e+06 1.065604e+03 2.889334e+08
1.361040e+06 1.065706e+03 2.889287e+08
1.361028e+06 1.065807e+03 2.889241e+08
1.361016e+06 1.065909e+03 2.889195e+08
1.361004e+06 1.066010e+03 2.889148e+08
1.360992e+06 1.066112e+03 2.889102e+08
1.360980e+06 1.066213e+03 2.889056e+08
1.360968e+06 1.066315e+03 2.889009e+08
1.360956e+06 1.066416e+03 2.888963e+08
1.360942e+06 1.066530e+03 2.888911e+08
1.360930e+06 1.066632e+03 2.888865e+08
1.360918e+06 1.066733e+03 2.888818e+08
1.360906e+06 1.066835e+03 2.888772e+08
1.360894e+06 1.066936e+03 2.888726e+08
1.360882e+06 1.067037e+03 2.888679e+08
1.360870e+06 1.067139e+03 2.888633e+08
1.360858e+06 1.067240e+03 2.888587e+08
1.360846e+06 1.067342e+03 2.888541e+08
1.360834e+06 1.067443e+03 2.888494e+08
1.360822e+06 1.067545e+03 2.888448e+08
1.360810e+06 1.067646e+03 2.888402e+08
1.360798e+06 1.067748e+03 2.888355e+08
1.360786e+06 1.067849e+03 2.888309e+08
1.360774e+06 1.067951e+03 2.888263e+08
1.360762e+06 1.068052e+03 2.888217e+08
1.360750e+06 1.068154e+03 2.888170e+08
1.360738e+06 1.068255e+03 2.888124e+08
1.360726e+06 1.068357e+03 2.888078e+08
1.360715e+06 1.068458e+03 2.888032e+08
1.360703e+06 1.068560e+03 2.887985e+08
1.360691e+06 1.068661e+03 2.887939e+08
1.360679e+06 1.068763e+03 2.887893e+08
1.360667e+06 1.068864e+03 2.887847e+08
1.360655e+06 1.068965e+03 2.887801e+08
1.360643e+06 1.069067e+03 2.887754e+08
1.360631e+06 1.069168e+03 2.887708e+08
1.360619e+06 1.069270e+03 2.887662e+08
1.360607e+06 1.069371e+03 2.887616e+08
1.360595e+06 1.069473e+03 2.887570e+08
1.360581e+06 1.069587e+03 2.887518e+08
1.360569e+06 1.069688e+03 2.887471e+08
1.360557e+06 1.069790e+03 2.887425e+08
1.360545e+06 1.069891e+03 2.887379e+08
1.360534e+06 1.069993e+03 2.887333e+08
1.360522e+06 1.070094e+03 2.887287e+08
1.360510e+06 1.070196e+03 2.887241e+08
1.360498e+06 1.070297e+03 2.887194e+08
1.360486e+06 1.070399e+03 2.887148e+08
1.360474e+06 1.070500e+03 2.887102e+08
1.360462e+06 1.070602e+03 2.887056e+08
1.360450e+06 1.070703e+03 2.887010e+08
1.360438e+06 1.070805e+03 2.886964e+08
1.360426e+06 1.070906e+03 2.886918e+08
1.360414e+06 1.071008e+03 2.886871e+08
1.360402e+06 1.071109e+03 2.886825e+08
1.360390e+06 1.071211e+03 2.886779e+08
1.360378e+06 1.071312e+03 2.886733e+08
1.360366e+06 1.071413e+03 2.886687e+08
1.360353e+06 1.071528e+03 2.886635e+08
1.360341e+06 1.071629e+03 2.886589e+08
1.360329e+06 1.071731e+03 2.886543e+08
1.360317e+06 1.071832e+03 2.886497e+08
1.360305e+06 1.071933e+03 2.886451e+08
1.360293e+06 1.072035e+03 2.886405e+08
1.360281e+06 1.072136e+03 2.886359e+08
1.360269e+06 1.072238e+03 2.886313e+08
1.360257e+06 1.072339e+03 2.886266e+08
1.360245e+06 1.072441e+03 2.886220e+08
1.360233e+06 1.072542e+03 2.886174e+08
1.360222e+06 1.072644e+03 2.886128e+08
1.360210e+06 1.072745e+03 2.886082e+08
1.360198e+06 1.072847e+03 2.886036e+08
1.360186e+06 1.072948e+03 2.885990e+08
1.360174e+06 1.073050e+03 2.885944e+08
1.360160e+06 1.073164e+03 2.885892e+08
1.360148e+06 1.073265e+03 2.885846e+08
1.360137e+06 1.073367e+03 2.885800e+08
1.360125e+06 1.073468e+03 2.885754e+08
1.360113e+06 1.073570e+03 2.885708e+08
1.360101e+06 1.073671e+03 2.885662e+08
1.360089e+06 1.073773e+03 2.885616e+08
1.360077e+06 1.073874e+03 2.885570e+08
1.360065e+06 1.073976e+03 2.885524e+08
1.360053e+06 1.074077e+03 2.885478e+08
1.360041e+06 1.074179e+03 2.885432e+08
1.360029e+06 1.074280e+03 2.885386e+08
1.360017e+06 1.074381e+03 2.885340e+08
1.360004e+06 1.074496e+03 2.885289e+08
1.359992e+06 1.074597e+03 2.885243e+08
1.359980e+06 1.074699e+03 2.885197e+08
1.359968e+06 1.074800e+03 2.885151e+08
1.359956e+06 1.074902e+03 2.885105e+08
1.359945e+06 1.075003e+03 2.885059e+08
1.359933e+06 1.075104e+03 2.885013e+08
1.359921e+06 1.075206e+03 2.884967e+08
1.359909e+06 1.075307e+03 2.884921e+08
1.359897e+06 1.075409e+03 2.884875e+08
1.359885e+06 1.075510e+03 2.884829e+08
1.359872e+06 1.075625e+03 2.884778e+08
1.359860e+06 1.075726e+03 2.884732e+08
1.359848e+06 1.075827e+03 2.884686e+08
1.359836e+06 1.075929e+03 2.884640e+08
1.359824e+06 1.076030e+03 2.884594e+08
1.359812e+06 1.076132e+03 2.884548e+08
1.359800e+06 1.076233e+03 2.884502e+08
1.359788e+06 1.076335e+03 2.884457e+08
1.359777e+06 1.076436e+03 2.884411e+08
1.359765e+06 1.076538e+03 2.884365e+08
1.359753e+06 1.076639e+03 2.884319e+08
1.359739e+06 1.076753e+03 2.884267e+08
1.359728e+06 1.076855e+03 2.884222e+08
1.359716e+06 1.076956e+03 2.884176e+08
1.359704e+06 1.077058e+03 2.884130e+08
1.359692e+06 1.077159e+03 2.884084e+08
1.359680e+06 1.077261e+03 2.884038e+08
1.359668e+06 1.077362e+03 2.883992e+08
1.359656e+06 1.077464e+03 2.883947e+08
1.359644e+06 1.077565e+03 2.883901e+08
1.359632e+06 1.077667e+03 2.883855e+08
1.359619e+06 1.077781e+03 2.883803e+08
1.359607e+06 1.077882e+03 2.883758e+08
1.359595e+06 1.077984e+03 2.883712e+08
1.359584e+06 1.078085e+03 2.883666e+08
1.359572e+06 1.078187e+03 2.883620e+08
1.359560e+06 1.078288e+03 2.883574e+08
1.359548e+06 1.078390e+03 2.883529e+08
1.359536e+06 1.078491e+03 2.883483e+08
1.359524e+06 1.078593e+03 2.883437e+08
1.359511e+06 1.078707e+03 2.883386e+08
1.359499e+06 1.078808e+03 2.883340e+08
1.359487e+06 1.078910e+03 2.883294e+08
1.359475e+06 1.079011e+03 2.883248e+08
1.359463e+06 1.079113e+03 2.883203e+08
1.359452e+06 1.079214e+03 2.883157e+08
1.359440e+06 1.079316e+03 2.883111e+08
1.359428e+06 1.079417e+03 2.883065e+08
1.359415e+06 1.079531e+03 2.883014e+08
1.359403e+06 1.079633e+03 2.882968e+08
1.359391e+06 1.079734e+03 2.882922e+08
1.359379e+06 1.079836e+03 2.882877e+08
1.359367e+06 1.079937e+03 2.882831e+08
1.359355e+06 1.080039e+03 2.882785e+08
1.359343e+06 1.080140e+03 2.882740e+08
1.359332e+06 1.080241e+03 2.882694e+08
1.359318e+06 1.080356e+03 2.882643e+08
1.359306e+06 1.080457e+03 2.882597e+08
1.359295e+06 1.080559e+03 2.882551e+08
1.359283e+06 1.080660e+03 2.882506e+08
1.359271e+06 1.080761e+03 2.882460e+08
1.359259e+06 1.080863e+03 2.882414e+08
1.359247e+06 1.080964e+03 2.882369e+08
1.359235e+06 1.081066e+03 2.882323e+08
1.359222e+06 1.081180e+03 2.882272e+08
1.359210e+06 1.081282e+03 2.882226e+08
1.359198e+06 1.081383e+03 2.882180e+08
1.359187e+06 1.081484e+03 2.882135e+08
1.359175e+06 1.081586e+03 2.882089e+08
1.359163e+06 1.081687e+03 2.882043e+08
1.359151e+06 1.081789e+03 2.881998e+08
1.359139e+06 1.081890e+03 2.881952e+08
1.359126e+06 1.082005e+03 2.881901e+08
1.359114e+06 1.082106e+03 2.881855e+08
1.359102e+06 1.082207e+03 2.881810e+08
1.359091e+06 1.082309e+03 2.881764e+08
1.359079e+06 1.082410e+03 2.881719e+08
1.359067e+06 1.082512e+03 2.881673e+08
1.359055e+06 1.082613e+03 2.881627e+08
1.359042e+06 1.082728e+03 2.881576e+08
1.359030e+06 1.082829e+03 2.881531e+08
1.359018e+06 1.082930e+03 2.881485e+08
1.359006e+06 1.083032e+03 2.881439e+08
1.358995e+06 1.083133e+03 2.881394e+08
1.358983e+06 1.083235e+03 2.881348e+08
1.358971e+06 1.083336e+03 2.881303e+08
1.358958e+06 1.083450e+03 2.881252e+08
1.358946e+06 1.083552e+03 2.881206e+08
1.358934e+06 1.083653e+03 2.881160e+08
1.358922e+06 1.083755e+03 2.881115e+08
1.358911e+06 1.083856e+03 2.881069e+08
1.358899e+06 1.083958e+03 2.881024e+08
1.358885e+06 1.084072e+03 2.880973e+08
1.358874e+06 1.084173e+03 2.880927e+08
1.358862e+06 1.084275e+03 2.880882e+08
1.358850e+06 1.084376e+03 2.880836e+08
1.358838e+06 1.084478e+03 2.880791e+08
1.358826e+06 1.084579e+03 2.880745e+08
1.358815e+06 1.084681e+03 2.880700e+08
1.358801e+06 1.084795e+03 2.880649e+08
1.358790e+06 1.084896e+03 2.880603e+08
1.358778e+06 1.084998e+03 2.880558e+08
1.358766e+06 1.085099e+03 2.880512e+08
1.358754e+06 1.085201e+03 2.880467e+08
1.358742e+06 1.085302e+03 2.880421e+08
1.358729e+06 1.085416e+03 2.880370e+08
1.358717e+06 1.085518e+03 2.880325e+08
1.358706e+06 1.085619e+03 2.880279e+08
1.358694e+06 1.085721e+03 2.880234e+08
1.358682e+06 1.085822e+03 2.880188e+08
1.358670e+06 1.085924e+03 2.880143e+08
1.358657e+06 1.086038e+03 2.880092e+08
1.358645e+06 1.086139e+03 2.880047e+08
1.358634e+06 1.086241e+03 2.880001e+08
1.358622e+06 1.086342e+03 2.879956e+08
1.358610e+06 1.086444e+03 2.879910e+08
1.358598e+06 1.086545e+03 2.879865e+08
1.358585e+06 1.086660e+03 2.879814e+08
1.358573e+06 1.086761e+03 2.879769e+08
1.358561e+06 1.086862e+03 2.879723e+08
1.358550e+06 1.086964e+03 2.879678e+08
1.358538e+06 1.087065e+03 2.879632e+08
1.358525e+06 1.087180e+03 2.879581e+08
1.358513e+06 1.087281e+03 2.879536e+08
1.358501e+06 1.087383e+03 2.879491e+08
1.358489e+06 1.087484e+03 2.879445e+08
1.358478e+06 1.087585e+03 2.879400e+08
1.358466e+06 1.087687e+03 2.879355e+08
1.358453e+06 1.087801e+03 2.879304e+08
1.358441e+06 1.087903e+03 2.879258e+08
1.358429e+06 1.088004e+03 2.879213e+08
1.358417e+06 1.088105e+03 2.879168e+08
1.358406e+06 1.088207e+03 2.879122e+08
1.358392e+06 1.088321e+03 2.879071e+08
1.358381e+06 1.088423e+03 2.879026e+08
1.358369e+06 1.088524e+03 2.878981e+08
1.358357e+06 1.088626e+03 2.878936e+08
1.358345e+06 1.088727e+03 2.878890e+08
1.358334e+06 1.088828e+03 2.878845e+08
1.358321e+06 1.088943e+03 2.878794e+08
1.358309e+06 1.089044e+03 2.878749e+08
1.358297e+06 1.089146e+03 2.878704e+08
1.358285e+06 1.089247e+03 2.878658e+08
1.358274e+06 1.089349e+03 2.878613e+08
1.358260e+06 1.089463e+03 2.878562e+08
1.358249e+06 1.089564e+03 2.878517e+08
1.358237e+06 1.089666e+03 2.878472e+08
1.358225e+06 1.089767e+03 2.878426e+08
1.358213e+06 1.089869e+03 2.878381e+08
1.358200e+06 1.089983e+03 2.878330e+08
1.358189e+06 1.090084e+03 2.878285e+08
1.358177e+06 1.090186e+03 2.878240e+08
1.358165e+06 1.090287e+03 2.878195e+08
1.358153e+06 1.090389e+03 2.878149e+08
1.358140e+06 1.090503e+03 2.878099e+08
1.358128e+06 1.090604e+03 2.878053e+08
1.358117e+06 1.090706e+03 2.878008e+08
1.358105e+06 1.090807e+03 2.877963e+08
1.358093e+06 1.090909e+03 2.877918e+08
1.358080e+06 1.091023e+03 2.877867e+08
1.358068e+06 1.091124e+03 2.877822e+08
1.358057e+06 1.091226e+03 2.877777e+08
1.358045e+06 1.091327e+03 2.877732e+08
1.358033e+06 1.091429e+03 2.877686e+08
1.358020e+06 1.091543e+03 2.877636e+08
1.358008e+06 1.091644e+03 2.877590e+08
1.357997e+06 1.091746e+03 2.877545e+08
1.357985e+06 1.091847e+03 2.877500e+08
1.357972e+06 1.091961e+03 2.877449e+08
1.357960e+06 1.092063e+03 2.877404e+08
1.357948e+06 1.092164e+03 2.877359e+08
1.357937e+06 1.092266e+03 2.877314e+08
1.357925e+06 1.092367e+03 2.877269e+08
1.357912e+06 1.092481e+03 2.877218e+08
1.357900e+06 1.092583e+03 2.877173e+08
1.357888e+06 1.092684e+03 2.877128e+08
1.357877e+06 1.092786e+03 2.877083e+08
1.357865e+06 1.092887e+03 2.877038e+08
1.357852e+06 1.093001e+03 2.876987e+08
1.357840e+06 1.093103e+03 2.876942e+08
1.357828e+06 1.093204e+03 2.876897e+08
1.357817e+06 1.093306e+03 2.876852e+08
1.357804e+06 1.093420e+03 2.876801e+08
1.357792e+06 1.093522e+03 2.876756e+08
1.357780e+06 1.093623e+03 2.876711e+08
1.357769e+06 1.093724e+03 2.876666e+08
1.357757e+06 1.093826e+03 2.876621e+08
1.357744e+06 1.093940e+03 2.876570e+08
1.357732e+06 1.094042e+03 2.876525e+08
1.357720e+06 1.094143e+03 2.876480e+08
1.357709e+06 1.094244e+03 2.876435e+08
1.357696e+06 1.094359e+03 2.876385e+08
1.357684e+06 1.094460e+03 2.876340e+08
1.357672e+06 1.094562e+03 2.876295e+08
1.357661e+06 1.094663e+03 2.876250e+08
1.357647e+06 1.094777e+03 2.876199e+08
1.357636e+06 1.094879e+03 2.876154e+08
1.357624e+06 1.094980e+03 2.876109e+08
1.357612e+06 1.095082e+03 2.876064e+08
1.357601e+06 1.095183e+03 2.876019e+08
1.357588e+06 1.095297e+03 2.875969e+08
1.357576e+06 1.095399e+03 2.875924e+08
1.357564e+06 1.095500e+03 2.875879e+08
1.357553e+06 1.095602e+03 2.875834e+08
1.357539e+06 1.095716e+03 2.875783e+08
1.357528e+06 1.095817e+03 2.875738e+08
1.357516e+06 1.095919e+03 2.875693e+08
1.357504e+06 1.096020e+03 2.875648e+08
1.357491e+06 1.096134e+03 2.875598e+08
1.357480e+06 1.096236e+03 2.875553e+08
1.357468e+06 1.096337e+03 2.875508e+08
1.357456e+06 1.096439e+03 2.875463e+08
1.357443e+06 1.096553e+03 2.875412e+08
1.357432e+06 1.096654e+03 2.875368e+08
1.357420e+06 1.096756e+03 2.875323e+08
1.357408e+06 1.096857e+03 2.875278e+08
1.357395e+06 1.096972e+03 2.875227e+08
1.357384e+06 1.097073e+03 2.875182e+08
1.357372e+06 1.097174e+03 2.875138e+08
1.357360e+06 1.097276e+03 2.875093e+08
1.357347e+06 1.097390e+03 2.875042e+08
1.357336e+06 1.097492e+03 2.874997e+08
1.357324e+06 1.097593e+03 2.874952e+08
1.357312e+06 1.097695e+03 2.874908e+08
1.357299e+06 1.097809e+03 2.874857e+08
1.357288e+06 1.097910e+03 2.874812e+08
1.357276e+06 1.098012e+03 2.874767e+08
1.357264e+06 1.098113e+03 2.874723e+08
1.357251e+06 1.098227e+03 2.874672e+08
1.357240e+06 1.098329e+03 2.874627e+08
1.357228e+06 1.098430e+03 2.874583e+08
1.357215e+06 1.098544e+03 2.874532e+08
1.357203e+06 1.098646e+03 2.874487e+08
1.357192e+06 1.098747e+03 2.874443e+08
1.357180e+06 1.098849e+03 2.874398e+08
1.357167e+06 1.098963e+03 2.874347e+08
1.357155e+06 1.099064e+03 2.874303e+08
1.357144e+06 1.099166e+03 2.874258e+08
1.357132e+06 1.099267e+03 2.874213e+08
1.357119e+06 1.099381e+03 2.874163e+08
1.357107e+06 1.099483e+03 2.874118e+08
1.357096e+06 1.099584e+03 2.874073e+08
1.357084e+06 1.099686e+03 2.874028e+08
1.357071e+06 1.099800e+03 2.873978e+08
1.357059e+06 1.099902e+03 2.873933e+08
1.357048e+06 1.100003e+03 2.873889e+08
1.355948e+06 1.109516e+03 2.869654e+08
1.355232e+06 1.115858e+03 2.866896e+08
1.354165e+06 1.125371e+03 2.862792e+08
1.353460e+06 1.131713e+03 2.860078e+08
1.352409e+06 1.141226e+03 2.856040e+08
1.351714e+06 1.147568e+03 2.853370e+08
1.350679e+06 1.157081e+03 2.849397e+08
1.349653e+06 1.166594e+03 2.845462e+08
1.348975e+06 1.172936e+03 2.842861e+08
1.347965e+06 1.182448e+03 2.838989e+08
1.347297e+06 1.188790e+03 2.836429e+08
1.346302e+06 1.198303e+03 2.832620e+08
1.345316e+06 1.207816e+03 2.828846e+08
1.344663e+06 1.214158e+03 2.826350e+08
1.343691e+06 1.223671e+03 2.822635e+08
1.342728e+06 1.233184e+03 2.818955e+08
1.342090e+06 1.239526e+03 2.816520e+08
1.341141e+06 1.249039e+03 2.812895e+08
1.340199e+06 1.258552e+03 2.809304e+08
1.339266e+06 1.268065e+03 2.805745e+08
1.338340e+06 1.277578e+03 2.802217e+08
1.337727e+06 1.283920e+03 2.799883e+08
1.336814e+06 1.293433e+03 2.796408e+08
1.335909e+06 1.302946e+03 2.792963e+08
1.335011e+06 1.312459e+03 2.789547e+08
1.334120e+06 1.321972e+03 2.786162e+08
1.333236e+06 1.331484e+03 2.782805e+08
1.332360e+06 1.340997e+03 2.779477e+08
1.331490e+06 1.350510e+03 2.776177e+08
1.330627e+06 1.360023e+03 2.772904e+08
1.329771e+06 1.369536e+03 2.769659e+08
1.328921e+06 1.379049e+03 2.766441e+08
1.328078e+06 1.388562e+03 2.763249e+08
1.327242e+06 1.398075e+03 2.760082e+08
1.326411e+06 1.407588e+03 2.756942e+08
1.325587e+06 1.417101e+03 2.753827e+08
1.324769e+06 1.426614e+03 2.750736e+08
1.323958e+06 1.436127e+03 2.747670e+08
1.322884e+06 1.448811e+03 2.743620e+08
1.322086e+06 1.458324e+03 2.740609e+08
1.321294e+06 1.467837e+03 2.737622e+08
1.320508e+06 1.477350e+03 2.734658e+08
1.319468e+06 1.490033e+03 2.730741e+08
1.318694e+06 1.499546e+03 2.727829e+08
1.317648e+06 1.512230e+03 2.723895e+08
1.316887e+06 1.521743e+03 2.721033e+08
1.316131e+06 1.531256e+03 2.718190e+08
1.315379e+06 1.540769e+03 2.715367e+08
1.313891e+06 1.559795e+03 2.709780e+08
1.313154e+06 1.569308e+03 2.707016e+08
1.312423e+06 1.578821e+03 2.704272e+08
1.311696e+06 1.588334e+03 2.701548e+08
1.310974e+06 1.597847e+03 2.698843e+08
1.310256e+06 1.607360e+03 2.696157e+08
1.308836e+06 1.626386e+03 2.690841e+08
1.308132e+06 1.635898e+03 2.688211e+08
1.307433e+06 1.645411e+03 2.685598e+08
1.306739e+06 1.654924e+03 2.683004e+08
1.306049e+06 1.664437e+03 2.680428e+08
1.304682e+06 1.683463e+03 2.675326e+08
1.304005e+06 1.692976e+03 2.672802e+08
1.303333e+06 1.702489e+03 2.670293e+08
1.302664e+06 1.712002e+03 2.667802e+08
1.301339e+06 1.731028e+03 2.662868e+08
1.300683e+06 1.740541e+03 2.660426e+08
1.300031e+06 1.750054e+03 2.657999e+08
1.298738e+06 1.769080e+03 2.653193e+08
1.298098e+06 1.778593e+03 2.650812e+08
1.297461e+06 1.788105e+03 2.648447e+08
1.296828e+06 1.797618e+03 2.646097e+08
1.295573e+06 1.816644e+03 2.641440e+08
1.294951e+06 1.826157e+03 2.639133e+08
1.294333e+06 1.835670e+03 2.636841e+08
1.293106e+06 1.854696e+03 2.632298e+08
1.292499e+06 1.864209e+03 2.630047e+08
1.291293e+06 1.883235e+03 2.625586e+08
1.290695e+06 1.892748e+03 2.623375e+08
1.290101e+06 1.902261e+03 2.621178e+08
1.288922e+06 1.921287e+03 2.616821e+08
1.288337e+06 1.930800e+03 2.614662e+08
1.287178e+06 1.949825e+03 2.610382e+08
1.286603e+06 1.959338e+03 2.608260e+08
1.286030e+06 1.968851e+03 2.606150e+08
1.284895e+06 1.987877e+03 2.601967e+08
1.284332e+06 1.997390e+03 2.599892e+08
1.282828e+06 2.022758e+03 2.594356e+08
1.281908e+06 2.038613e+03 2.590973e+08
1.280996e+06 2.054468e+03 2.587619e+08
1.280091e+06 2.070323e+03 2.584294e+08
1.279194e+06 2.086178e+03 2.581000e+08
1.278304e+06 2.102032e+03 2.577735e+08
1.277422e+06 2.117887e+03 2.574498e+08
1.276547e+06 2.133742e+03 2.571291e+08
1.275679e+06 2.149597e+03 2.568111e+08
1.274818e+06 2.165452e+03 2.564959e+08
1.273964e+06 2.181307e+03 2.561834e+08
1.273117e+06 2.197162e+03 2.558736e+08
1.272277e+06 2.213017e+03 2.555664e+08
1.271443e+06 2.228872e+03 2.552618e+08
1.270616e+06 2.244726e+03 2.549598e+08
1.269795e+06 2.260581e+03 2.546602e+08
1.268981e+06 2.276436e+03 2.543632e+08
1.268173e+06 2.292291e+03 2.540685e+08
1.267371e+06 2.308146e+03 2.537763e+08
1.266575e+06 2.324001e+03 2.534864e+08
1.265785e+06 2.339856e+03 2.531988e+08
1.265001e+06 2.355711e+03 2.529136e+08
1.264223e+06 2.371566e+03 2.526306e+08
1.263450e+06 2.387421e+03 2.523498e+08
1.262683e+06 2.403275e+03 2.520711e+08
1.261922e+06 2.419130e+03 2.517947e+08
1.261166e+06 2.434985e+03 2.515204e+08
1.260415e+06 2.450840e+03 2.512481e+08
1.259670e+06 2.466695e+03 2.509780e+08
1.258930e+06 2.482550e+03 2.507099e+08
1.258196e+06 2.498405e+03 2.504437e+08
1.257466e+06 2.514260e+03 2.501796e+08
1.256742e+06 2.530115e+03 2.499174e+08
1.256022e+06 2.545970e+03 2.496571e+08
1.255307e+06 2.561824e+03 2.493987e+08
1.254598e+06 2.577679e+03 2.491422e+08
1.253893e+06 2.593534e+03 2.488876e+08
1.253192e+06 2.609389e+03 2.486347e+08
1.252497e+06 2.625244e+03 2.483837e+08
1.251119e+06 2.656954e+03 2.478869e+08
1.250437e+06 2.672809e+03 2.476412e+08
1.249760e+06 2.688664e+03 2.473971e+08
1.249086e+06 2.704518e+03 2.471547e+08
1.248418e+06 2.720373e+03 2.469140e+08
1.247093e+06 2.752083e+03 2.464375e+08
1.246437e+06 2.767938e+03 2.462016e+08
1.245785e+06 2.783793e+03 2.459674e+08
1.245137e+06 2.799648e+03 2.457346e+08
1.244493e+06 2.815503e+03 2.455035e+08
1.243217e+06 2.847213e+03 2.450457e+08
1.242584e+06 2.863067e+03 2.448190e+08
1.241956e+06 2.878922e+03 2.445938e+08
1.240711e+06 2.910632e+03 2.441478e+08
1.240093e+06 2.926487e+03 2.439269e+08
1.239480e+06 2.942342e+03 2.437073e+08
1.238870e+06 2.958197e+03 2.434892e+08
1.237661e+06 2.989907e+03 2.430571e+08
1.237062e+06 3.005761e+03 2.428431e+08
1.236466e+06 3.021616e+03 2.426304e+08
1.235285e+06 3.053326e+03 2.422089e+08
1.234700e+06 3.069181e+03 2.420001e+08
1.234118e+06 3.085036e+03 2.417926e+08
1.232963e+06 3.116746e+03 2.413812e+08
1.232391e+06 3.132601e+03 2.411773e+08
1.231255e+06 3.164310e+03 2.407732e+08
1.230692e+06 3.180165e+03 2.405729e+08
1.230132e+06 3.196020e+03 2.403738e+08
1.229021e+06 3.227730e+03 2.399790e+08
1.228470e+06 3.243585e+03 2.397833e+08
1.227377e+06 3.275295e+03 2.393952e+08
1.226835e+06 3.291150e+03 2.392028e+08
1.225758e+06 3.322859e+03 2.388211e+08
1.225224e+06 3.338714e+03 2.386319e+08
1.224693e+06 3.354569e+03 2.384437e+08
1.223639e+06 3.386279e+03 2.380705e+08
1.223116e+06 3.402134e+03 2.378854e+08
1.222078e+06 3.433844e+03 2.375181e+08
1.221563e+06 3.449699e+03 2.373360e+08
1.220540e+06 3.481408e+03 2.369747e+08
1.219528e+06 3.513118e+03 2.366172e+08
1.219025e+06 3.528973e+03 2.364398e+08
1.218027e+06 3.560683e+03 2.360879e+08
1.217532e+06 3.576538e+03 2.359132e+08
1.216549e+06 3.608248e+03 2.355667e+08
1.216061e+06 3.624102e+03 2.353948e+08
1.215091e+06 3.655812e+03 2.350535e+08
1.214131e+06 3.687522e+03 2.347157e+08
1.213655e+06 3.703377e+03 2.345480e+08
1.212708e+06 3.735087e+03 2.342152e+08
1.211770e+06 3.766797e+03 2.338857e+08
1.211304e+06 3.782651e+03 2.337222e+08
1.210378e+06 3.814361e+03 2.333975e+08
1.209461e+06 3.846071e+03 2.330759e+08
1.209006e+06 3.861926e+03 2.329162e+08
1.208101e+06 3.893636e+03 2.325992e+08
1.207205e+06 3.925345e+03 2.322852e+08
1.206759e+06 3.941200e+03 2.321293e+08
1.205874e+06 3.972910e+03 2.318196e+08
1.204997e+06 4.004620e+03 2.315129e+08
1.204127e+06 4.036330e+03 2.312089e+08
1.203264e+06 4.068040e+03 2.309077e+08
1.202836e+06 4.083894e+03 2.307581e+08
1.201984e+06 4.115604e+03 2.304610e+08
1.201140e+06 4.147314e+03 2.301665e+08
1.200302e+06 4.179024e+03 2.298746e+08
1.199472e+06 4.210734e+03 2.295853e+08
1.198648e+06 4.242443e+03 2.292984e+08
1.198238e+06 4.258298e+03 2.291560e+08
1.197425e+06 4.290008e+03 2.288729e+08
1.196617e+06 4.321718e+03 2.285922e+08
1.195816e+06 4.353428e+03 2.283139e+08
1.195022e+06 4.385137e+03 2.280380e+08
1.194233e+06 4.416847e+03 2.277643e+08
1.193451e+06 4.448557e+03 2.274929e+08
1.192675e+06 4.480267e+03 2.272238e+08
1.191904e+06 4.511977e+03 2.269568e+08
1.191140e+06 4.543686e+03 2.266920e+08
1.190381e+06 4.575396e+03 2.264293e+08
1.189628e+06 4.607106e+03 2.261688e+08
1.188880e+06 4.638816e+03 2.259103e+08
1.188138e+06 4.670526e+03 2.256538e+08
1.187401e+06 4.702235e+03 2.253993e+08
1.186670e+06 4.733945e+03 2.251469e+08
1.185944e+06 4.765655e+03 2.248964e+08
1.185224e+06 4.797365e+03 2.246478e+08
1.184152e+06 4.844929e+03 2.242784e+08
1.183444e+06 4.876639e+03 2.240346e+08
1.182741e+06 4.908349e+03 2.237925e+08
1.182043e+06 4.940059e+03 2.235522e+08
1.181350e+06 4.971769e+03 2.233138e+08
1.180661e+06 5.003478e+03 2.230771e+08
1.179638e+06 5.051043e+03 2.227252e+08
1.178961e+06 5.082753e+03 2.224928e+08
1.178288e+06 5.114463e+03 2.222620e+08
1.177621e+06 5.146172e+03 2.220329e+08
1.176628e+06 5.193737e+03 2.216925e+08
1.175972e+06 5.225447e+03 2.214675e+08
1.175319e+06 5.257157e+03 2.212441e+08
1.174349e+06 5.304721e+03 2.209120e+08
1.173708e+06 5.336431e+03 2.206925e+08
1.173070e+06 5.368141e+03 2.204745e+08
1.172122e+06 5.415706e+03 2.201502e+08
1.171494e+06 5.447415e+03 2.199359e+08
1.170561e+06 5.494980e+03 2.196171e+08
1.169943e+06 5.526690e+03 2.194063e+08
1.169329e+06 5.558400e+03 2.191970e+08
1.168416e+06 5.605964e+03 2.188855e+08
1.167811e+06 5.637674e+03 2.186795e+08
1.166912e+06 5.685239e+03 2.183731e+08
1.166316e+06 5.716949e+03 2.181704e+08
1.165430e+06 5.764513e+03 2.178689e+08
1.164843e+06 5.796223e+03 2.176694e+08
1.163970e+06 5.843788e+03 2.173726e+08
1.163104e+06 5.891353e+03 2.170785e+08
1.162531e+06 5.923062e+03 2.168840e+08
1.161678e+06 5.970627e+03 2.165945e+08
1.160832e+06 6.018192e+03 2.163076e+08
1.160272e+06 6.049902e+03 2.161178e+08
1.159438e+06 6.097466e+03 2.158353e+08
1.158611e+06 6.145031e+03 2.155552e+08
1.158063e+06 6.176741e+03 2.153699e+08
1.157248e+06 6.224305e+03 2.150940e+08
1.156439e+06 6.271870e+03 2.148206e+08
1.155636e+06 6.319435e+03 2.145495e+08
1.155105e+06 6.351145e+03 2.143701e+08
1.154314e+06 6.398709e+03 2.141029e+08
1.153528e+06 6.446274e+03 2.138380e+08
1.152749e+06 6.493839e+03 2.135753e+08
1.151976e+06 6.541403e+03 2.133149e+08
1.151210e+06 6.588968e+03 2.130566e+08
1.150449e+06 6.636533e+03 2.128004e+08
1.149945e+06 6.668242e+03 2.126309e+08
1.149194e+06 6.715807e+03 2.123782e+08
1.148448e+06 6.763372e+03 2.121277e+08
1.147708e+06 6.810937e+03 2.118791e+08
1.146974e+06 6.858501e+03 2.116325e+08
1.146245e+06 6.906066e+03 2.113879e+08
1.145282e+06 6.969485e+03 2.110648e+08
1.144565e+06 7.017050e+03 2.108247e+08
1.143854e+06 7.064615e+03 2.105864e+08
1.143148e+06 7.112180e+03 2.103500e+08
1.142447e+06 7.159744e+03 2.101154e+08
1.141751e+06 7.207309e+03 2.098826e+08
1.141060e+06 7.254874e+03 2.096516e+08
1.140147e+06 7.318293e+03 2.093462e+08
1.139467e+06 7.365858e+03 2.091192e+08
1.138792e+06 7.413423e+03 2.088939e+08
1.138121e+06 7.460987e+03 2.086702e+08
1.137235e+06 7.524407e+03 2.083745e+08
1.136575e+06 7.571972e+03 2.081546e+08
1.135920e+06 7.619536e+03 2.079364e+08
1.135053e+06 7.682956e+03 2.076478e+08
1.134408e+06 7.730521e+03 2.074331e+08
1.133554e+06 7.793940e+03 2.071492e+08
1.132919e+06 7.841505e+03 2.069381e+08
1.132078e+06 7.904924e+03 2.066588e+08
1.131453e+06 7.952489e+03 2.064511e+08
1.130625e+06 8.015909e+03 2.061763e+08
1.130008e+06 8.063473e+03 2.059718e+08
1.129192e+06 8.126893e+03 2.057013e+08
1.128585e+06 8.174458e+03 2.055000e+08
1.127781e+06 8.237877e+03 2.052338e+08
1.126983e+06 8.301297e+03 2.049698e+08
1.126390e+06 8.348861e+03 2.047734e+08
1.125604e+06 8.412281e+03 2.045135e+08
1.124824e+06 8.475701e+03 2.042559e+08
1.124243e+06 8.523265e+03 2.040641e+08
1.123474e+06 8.586685e+03 2.038102e+08
1.122712e+06 8.650104e+03 2.035585e+08
1.121955e+06 8.713524e+03 2.033090e+08
1.121204e+06 8.776944e+03 2.030615e+08
1.120459e+06 8.840363e+03 2.028160e+08
1.119719e+06 8.903783e+03 2.025726e+08
1.118985e+06 8.967202e+03 2.023311e+08
1.118439e+06 9.014767e+03 2.021513e+08
1.117715e+06 9.078187e+03 2.019132e+08
1.116817e+06 9.157461e+03 2.016183e+08
1.116105e+06 9.220881e+03 2.013845e+08
1.115398e+06 9.284300e+03 2.011526e+08
1.114697e+06 9.347720e+03 2.009224e+08
1.114000e+06 9.411139e+03 2.006940e+08
1.113309e+06 9.474559e+03 2.004675e+08
1.112622e+06 9.537979e+03 2.002426e+08
1.111771e+06 9.617253e+03 1.999639e+08
1.111095e+06 9.680673e+03 1.997429e+08
1.110424e+06 9.744092e+03 1.995235e+08
1.109776e+06 9.807512e+03 1.993055e+08
1.108971e+06 9.886786e+03 1.990353e+08
1.108333e+06 9.950206e+03 1.988209e+08
1.107476e+06 1.003582e+04 1.985331e+08
1.106816e+06 1.010241e+04 1.983117e+08
1.106161e+06 1.016900e+04 1.980921e+08
1.105511e+06 1.023559e+04 1.978740e+08
1.104865e+06 1.030218e+04 1.976576e+08
1.104010e+06 1.039097e+04 1.973716e+08
1.103375e+06 1.045756e+04 1.971589e+08
1.102743e+06 1.052415e+04 1.969477e+08
1.101908e+06 1.061294e+04 1.966686e+08
1.101287e+06 1.067953e+04 1.964610e+08
1.100670e+06 1.074612e+04 1.962549e+08
1.099853e+06 1.083491e+04 1.959824e+08
1.099245e+06 1.090150e+04 1.957797e+08
1.098441e+06 1.099029e+04 1.955116e+08
1.097842e+06 1.105688e+04 1.953122e+08
1.097050e+06 1.114567e+04 1.950484e+08
1.096460e+06 1.121226e+04 1.948521e+08
1.095680e+06 1.130104e+04 1.945925e+08
1.095099e+06 1.136763e+04 1.943993e+08
1.094329e+06 1.145642e+04 1.941438e+08
1.093757e+06 1.152301e+04 1.939536e+08
1.092998e+06 1.161180e+04 1.937020e+08
1.092246e+06 1.170059e+04 1.934526e+08
1.091686e+06 1.176718e+04 1.932669e+08
1.090945e+06 1.185596e+04 1.930213e+08
1.090210e+06 1.194475e+04 1.927777e+08
1.089480e+06 1.203354e+04 1.925362e+08
1.088756e+06 1.212233e+04 1.922968e+08
1.088217e+06 1.218892e+04 1.921185e+08
1.087503e+06 1.227770e+04 1.918826e+08
1.086794e+06 1.236649e+04 1.916485e+08
1.086091e+06 1.245528e+04 1.914164e+08
1.085393e+06 1.254407e+04 1.911862e+08
1.084700e+06 1.263285e+04 1.909579e+08
1.084013e+06 1.272164e+04 1.907314e+08
1.083330e+06 1.281043e+04 1.905067e+08
1.082653e+06 1.289922e+04 1.902837e+08
1.081981e+06 1.298800e+04 1.900626e+08
1.081313e+06 1.307679e+04 1.898431e+08
1.080650e+06 1.316558e+04 1.896254e+08
1.079829e+06 1.327656e+04 1.893555e+08
1.079177e+06 1.336535e+04 1.891415e+08
1.078529e+06 1.345414e+04 1.889291e+08
1.077886e+06 1.354293e+04 1.887183e+08
1.077089e+06 1.365391e+04 1.884571e+08
1.076456e+06 1.374270e+04 1.882498e+08
1.075828e+06 1.383148e+04 1.880441e+08
1.075048e+06 1.394247e+04 1.877890e+08
1.074429e+06 1.403126e+04 1.875867e+08
1.073814e+06 1.412004e+04 1.873857e+08
1.073051e+06 1.423103e+04 1.871366e+08
1.072446e+06 1.431982e+04 1.869389e+08
1.071694e+06 1.443080e+04 1.866938e+08
1.070949e+06 1.454178e+04 1.864508e+08
1.070357e+06 1.463057e+04 1.862579e+08
1.069623e+06 1.474156e+04 1.860187e+08
1.069039e+06 1.483034e+04 1.858288e+08
1.068315e+06 1.494133e+04 1.855933e+08
1.067597e+06 1.505231e+04 1.853598e+08
1.066884e+06 1.516330e+04 1.851282e+08
1.066318e+06 1.525208e+04 1.849443e+08
1.065616e+06 1.536307e+04 1.847162e+08
1.064918e+06 1.547405e+04 1.844900e+08
1.064226e+06 1.558504e+04 1.842657e+08
1.063540e+06 1.569602e+04 1.840432e+08
1.062858e+06 1.580700e+04 1.838225e+08
1.062182e+06 1.591799e+04 1.836036e+08
1.061511e+06 1.602897e+04 1.833864e+08
1.060844e+06 1.613996e+04 1.831709e+08
1.060183e+06 1.625094e+04 1.829571e+08
1.059526e+06 1.636193e+04 1.827450e+08
1.058744e+06 1.649511e+04 1.824926e+08
1.058098e+06 1.660609e+04 1.822840e+08
1.057456e+06 1.671708e+04 1.820771e+08
1.056818e+06 1.682806e+04 1.818717e+08
1.056060e+06 1.696124e+04 1.816273e+08
1.055432e+06 1.707223e+04 1.814252e+08
1.054809e+06 1.718321e+04 1.812247e+08
1.054066e+06 1.731639e+04 1.809860e+08
1.053453e+06 1.742737e+04 1.807888e+08
1.052721e+06 1.756056e+04 1.805539e+08
1.051996e+06 1.769374e+04 1.803211e+08
1.051396e+06 1.780472e+04 1.801285e+08
1.050681e+06 1.793790e+04 1.798994e+08
1.050090e+06 1.804889e+04 1.797098e+08
1.049385e+06 1.818207e+04 1.794842e+08
1.048686e+06 1.831525e+04 1.792604e+08
1.047992e+06 1.844843e+04 1.790385e+08
1.047304e+06 1.858161e+04 1.788184e+08
1.046734e+06 1.869260e+04 1.786363e+08
1.046056e+06 1.882578e+04 1.784195e+08
1.045382e+06 1.895896e+04 1.782044e+08
1.044713e+06 1.909214e+04 1.779911e+08
1.044050e+06 1.922532e+04 1.777794e+08
1.043391e+06 1.935850e+04 1.775695e+08
1.042628e+06 1.951388e+04 1.773266e+08
1.041979e+06 1.964706e+04 1.771201e+08
1.041336e+06 1.978024e+04 1.769153e+08
1.040696e+06 1.991342e+04 1.767120e+08
1.039956e+06 2.006880e+04 1.764768e+08
1.039327e+06 2.020198e+04 1.762769e+08
1.038702e+06 2.033516e+04 1.760785e+08
1.037978e+06 2.049054e+04 1.758489e+08
1.037362e+06 2.062372e+04 1.756537e+08
1.036649e+06 2.077910e+04 1.754277e+08
1.036043e+06 2.091228e+04 1.752356e+08
1.035340e+06 2.106766e+04 1.750132e+08
1.034643e+06 2.122304e+04 1.747926e+08
1.034050e+06 2.135622e+04 1.746051e+08
1.033363e+06 2.151160e+04 1.743880e+08
1.032681e+06 2.166697e+04 1.741727e+08
1.032005e+06 2.182235e+04 1.739591e+08
1.031333e+06 2.197773e+04 1.737473e+08
1.030667e+06 2.213311e+04 1.735372e+08
1.030006e+06 2.228849e+04 1.733287e+08
1.029349e+06 2.244386e+04 1.731220e+08
1.028697e+06 2.259924e+04 1.729168e+08
1.028050e+06 2.275462e+04 1.727133e+08
1.027408e+06 2.291000e+04 1.725114e+08
1.026680e+06 2.308757e+04 1.722825e+08
1.026048e+06 2.324295e+04 1.720839e+08
1.025420e+06 2.339833e+04 1.718868e+08
1.024707e+06 2.357590e+04 1.716633e+08
1.024089e+06 2.373128e+04 1.714694e+08
1.023387e+06 2.390886e+04 1.712496e+08
1.022778e+06 2.406423e+04 1.710587e+08
1.022087e+06 2.424181e+04 1.708423e+08
1.021401e+06 2.441938e+04 1.706278e+08
1.020805e+06 2.457476e+04 1.704415e+08
1.020129e+06 2.475234e+04 1.702302e+08
1.019458e+06 2.492991e+04 1.700207e+08
1.018792e+06 2.510749e+04 1.698129e+08
1.018132e+06 2.528506e+04 1.696067e+08
1.017476e+06 2.546264e+04 1.694022e+08
1.016825e+06 2.564021e+04 1.691994e+08
1.016178e+06 2.581779e+04 1.689981e+08
1.015537e+06 2.599536e+04 1.687984e+08
1.014900e+06 2.617294e+04 1.686003e+08
1.014189e+06 2.637271e+04 1.683792e+08
1.013562e+06 2.655028e+04 1.681844e+08
1.012939e+06 2.672786e+04 1.679910e+08
1.012244e+06 2.692763e+04 1.677752e+08
1.011631e+06 2.710520e+04 1.675849e+08
1.010946e+06 2.730498e+04 1.673726e+08
1.010266e+06 2.750475e+04 1.671620e+08
1.009666e+06 2.768232e+04 1.669763e+08
1.008997e+06 2.788209e+04 1.667690e+08
1.008332e+06 2.808186e+04 1.665634e+08
1.007672e+06 2.828164e+04 1.663594e+08
1.007018e+06 2.848141e+04 1.661572e+08
1.006368e+06 2.868118e+04 1.659565e+08
1.005723e+06 2.888095e+04 1.657574e+08
1.005083e+06 2.908072e+04 1.655600e+08
1.004447e+06 2.928050e+04 1.653640e+08
1.003747e+06 2.950246e+04 1.651481e+08
1.003121e+06 2.970224e+04 1.649554e+08
1.002499e+06 2.990201e+04 1.647642e+08
1.001814e+06 3.012398e+04 1.645534e+08
1.001202e+06 3.032375e+04 1.643653e+08
1.000527e+06 3.054572e+04 1.641579e+08
9.998574e+05 3.076768e+04 1.639522e+08
9.992589e+05 3.096746e+04 1.637685e+08
9.985989e+05 3.118942e+04 1.635660e+08
9.979437e+05 3.141139e+04 1.633652e+08
9.972935e+05 3.163336e+04 1.631660e+08
9.966482e+05 3.185533e+04 1.629684e+08
9.960077e+05 3.207730e+04 1.627724e+08
9.953719e+05 3.229927e+04 1.625779e+08
9.946779e+05 3.254343e+04 1.623658e+08
9.940518e+05 3.276540e+04 1.621745e+08
9.934304e+05 3.298737e+04 1.619847e+08
9.927519e+05 3.323154e+04 1.617777e+08
9.921397e+05 3.345350e+04 1.615910e+08
9.914714e+05 3.369767e+04 1.613872e+08
9.908082e+05 3.394183e+04 1.611852e+08
9.902098e+05 3.416380e+04 1.610030e+08
9.895563e+05 3.440797e+04 1.608041e+08
9.889078e+05 3.465213e+04 1.606069e+08
9.882641e+05 3.489630e+04 1.604112e+08
9.876253e+05 3.514046e+04 1.602172e+08
9.869913e+05 3.538463e+04 1.600247e+08
9.863619e+05 3.562880e+04 1.598337e+08
9.856806e+05 3.589516e+04 1.596271e+08
9.850609e+05 3.613932e+04 1.594392e+08
9.843899e+05 3.640569e+04 1.592360e+08
9.837794e+05 3.664985e+04 1.590511e+08
9.831185e+05 3.691621e+04 1.588511e+08
9.825171e+05 3.716038e+04 1.586693e+08
9.818659e+05 3.742674e+04 1.584724e+08
9.812196e+05 3.769310e+04 1.582772e+08
9.805783e+05 3.795947e+04 1.580836e+08
9.799418e+05 3.822583e+04 1.578916e+08
9.793101e+05 3.849219e+04 1.577011e+08
9.786830e+05 3.875855e+04 1.575121e+08
9.780090e+05 3.904711e+04 1.573090e+08
9.773915e+05 3.931347e+04 1.571232e+08
9.767786e+05 3.957984e+04 1.569387e+08
9.761196e+05 3.986839e+04 1.567406e+08
9.754657e+05 4.015695e+04 1.565441e+08
9.748667e+05 4.042332e+04 1.563641e+08
9.742225e+05 4.071188e+04 1.561708e+08
9.735832e+05 4.100043e+04 1.559790e+08
9.729488e+05 4.128899e+04 1.557887e+08
9.723192e+05 4.157755e+04 1.556000e+08
9.716943e+05 4.186611e+04 1.554129e+08
9.710264e+05 4.217687e+04 1.552130e+08
9.704111e+05 4.246543e+04 1.550289e+08
9.698002e+05 4.275399e+04 1.548462e+08
9.691473e+05 4.306474e+04 1.546511e+08
9.684996e+05 4.337550e+04 1.544577e+08
9.679028e+05 4.366406e+04 1.542795e+08
9.672650e+05 4.397481e+04 1.540893e+08
9.666322e+05 4.428557e+04 1.539006e+08
9.660042e+05 4.459632e+04 1.537135e+08
9.653810e+05 4.490708e+04 1.535279e+08
9.647185e+05 4.524003e+04 1.533307e+08
9.641049e+05 4.555079e+04 1.531481e+08
9.634958e+05 4.586155e+04 1.529670e+08
9.628482e+05 4.619450e+04 1.527746e+08
9.622056e+05 4.652745e+04 1.525838e+08
9.616104e+05 4.683821e+04 1.524071e+08
9.609775e+05 4.717116e+04 1.522194e+08
9.603494e+05 4.750411e+04 1.520332e+08
9.597261e+05 4.783707e+04 1.518485e+08
9.591075e+05 4.817002e+04 1.516653e+08
9.584529e+05 4.852517e+04 1.514716e+08
9.578439e+05 4.885812e+04 1.512915e+08
9.572394e+05 4.919107e+04 1.511128e+08
9.565996e+05 4.954622e+04 1.509237e+08
9.559647e+05 4.990137e+04 1.507363e+08
9.553625e+05 5.024067e+04 1.505585e+08
9.547094e+05 5.061167e+04 1.503659e+08
9.541113e+05 5.095414e+04 1.501896e+08
9.534682e+05 5.132514e+04 1.500001e+08
9.528791e+05 5.166761e+04 1.498267e+08
9.522458e+05 5.203861e+04 1.496403e+08
9.516175e+05 5.240962e+04 1.494555e+08
9.509940e+05 5.278062e+04 1.492722e+08
9.503754e+05 5.315163e+04 1.490905e+08
9.497614e+05 5.352263e+04 1.489102e+08
9.491522e+05 5.389364e+04 1.487315e+08
9.485476e+05 5.426464e+04 1.485541e+08
9.479015e+05 5.466418e+04 1.483648e+08
9.473062e+05 5.503519e+04 1.481904e+08
9.466701e+05 5.543473e+04 1.480041e+08
9.460390e+05 5.583427e+04 1.478195e+08
9.454575e+05 5.620528e+04 1.476494e+08
9.448360e+05 5.660482e+04 1.474678e+08
9.442194e+05 5.700437e+04 1.472877e+08
9.436076e+05 5.740391e+04 1.471090e+08
9.430004e+05 5.780345e+04 1.469319e+08
9.423551e+05 5.823154e+04 1.467437e+08
9.417576e+05 5.863108e+04 1.465695e+08
9.411646e+05 5.903062e+04 1.463968e+08
9.405342e+05 5.945870e+04 1.462133e+08
9.399088e+05 5.988679e+04 1.460313e+08
9.393297e+05 6.028633e+04 1.458629e+08
9.387139e+05 6.071441e+04 1.456840e+08
9.381029e+05 6.114249e+04 1.455065e+08
9.374967e+05 6.157058e+04 1.453305e+08
9.368952e+05 6.199866e+04 1.451560e+08
9.362588e+05 6.245528e+04 1.449714e+08
9.356668e+05 6.288336e+04 1.447999e+08
9.350404e+05 6.333998e+04 1.446185e+08
9.344577e+05 6.376806e+04 1.444498e+08
9.338410e+05 6.422469e+04 1.442714e+08
9.332293e+05 6.468131e+04 1.440945e+08
9.326224e+05 6.513793e+04 1.439191e+08
9.320203e+05 6.559455e+04 1.437452e+08
9.314230e+05 6.605117e+04 1.435728e+08
9.308303e+05 6.650779e+04 1.434018e+08
9.302056e+05 6.699295e+04 1.432217e+08
9.296223e+05 6.744957e+04 1.430536e+08
9.290075e+05 6.793473e+04 1.428765e+08
9.284334e+05 6.839135e+04 1.427113e+08
9.278282e+05 6.887651e+04 1.425372e+08
9.272278e+05 6.936167e+04 1.423645e+08
9.266323e+05 6.984683e+04 1.421934e+08
9.260068e+05 7.036053e+04 1.420138e+08
9.254208e+05 7.084569e+04 1.418456e+08
9.248395e+05 7.133085e+04 1.416788e+08
9.242288e+05 7.184455e+04 1.415037e+08
9.236231e+05 7.235825e+04 1.413302e+08
9.230224e+05 7.287195e+04 1.411581e+08
9.224265e+05 7.338564e+04 1.409876e+08
9.218357e+05 7.389934e+04 1.408185e+08
9.212495e+05 7.441304e+04 1.406510e+08
9.206681e+05 7.492674e+04 1.404848e+08
9.200594e+05 7.546898e+04 1.403110e+08
9.194873e+05 7.598268e+04 1.401477e+08
9.188884e+05 7.652491e+04 1.399768e+08
9.182943e+05 7.706715e+04 1.398075e+08
9.177051e+05 7.760939e+04 1.396396e+08
9.171207e+05 7.815163e+04 1.394731e+08
9.165410e+05 7.869386e+04 1.393081e+08
9.159358e+05 7.926464e+04 1.391360e+08
9.153655e+05 7.980688e+04 1.389738e+08
9.147702e+05 8.037765e+04 1.388047e+08
9.141797e+05 8.094843e+04 1.386370e+08
9.135942e+05 8.151921e+04 1.384708e+08
9.130134e+05 8.208998e+04 1.383060e+08
9.124374e+05 8.266076e+04 1.381427e+08
9.118660e+05 8.323154e+04 1.379808e+08
9.112711e+05 8.383085e+04 1.378123e+08
9.107091e+05 8.440163e+04 1.376533e+08
9.101239e+05 8.500094e+04 1.374877e+08
9.095435e+05 8.560026e+04 1.373236e+08
9.089679e+05 8.619957e+04 1.371610e+08
9.083701e+05 8.682743e+04 1.369921e+08
9.078042e+05 8.742674e+04 1.368324e+08
9.072163e+05 8.805459e+04 1.366665e+08
9.066597e+05 8.865391e+04 1.365096e+08
9.060815e+05 8.928176e+04 1.363467e+08
9.055081e+05 8.990962e+04 1.361852e+08
9.049394e+05 9.053747e+04 1.360251e+08
9.043500e+05 9.119386e+04 1.358593e+08
9.037910e+05 9.182172e+04 1.357021e+08
9.032115e+05 9.247811e+04 1.355393e+08
9.026370e+05 9.313450e+04 1.353779e+08
9.020920e+05 9.376236e+04 1.352249e+08
9.015026e+05 9.444729e+04 1.350596e+08
9.009425e+05 9.510368e+04 1.349025e+08
9.003871e+05 9.576007e+04 1.347469e+08
8.998126e+05 9.644501e+04 1.345859e+08
8.992430e+05 9.712994e+04 1.344265e+08
8.986783e+05 9.781487e+04 1.342685e+08
8.981185e+05 9.849980e+04 1.341120e+08
8.975634e+05 9.918473e+04 1.339568e+08
8.970131e+05 9.986966e+04 1.338031e+08
8.964446e+05 1.005831e+05 1.336444e+08
8.958937e+05 1.012807e+05 1.334907e+08
8.953227e+05 1.020101e+05 1.333314e+08
8.947568e+05 1.027394e+05 1.331737e+08
8.942201e+05 1.034370e+05 1.330242e+08
8.936639e+05 1.041663e+05 1.328693e+08
8.931125e+05 1.048957e+05 1.327159e+08
8.925422e+05 1.056567e+05 1.325573e+08
8.920005e+05 1.063860e+05 1.324067e+08
8.914402e+05 1.071471e+05 1.322510e+08
8.908849e+05 1.079081e+05 1.320969e+08
8.903574e+05 1.086374e+05 1.319505e+08
8.897890e+05 1.094302e+05 1.317928e+08
8.892483e+05 1.101912e+05 1.316429e+08
8.887124e+05 1.109522e+05 1.314944e+08
8.881590e+05 1.117450e+05 1.313412e+08
8.876107e+05 1.125377e+05 1.311894e+08
8.870673e+05 1.133305e+05 1.310391e+08
8.865287e+05 1.141232e+05 1.308902e+08
8.859950e+05 1.149160e+05 1.307427e+08
8.854449e+05 1.157404e+05 1.305908e+08
8.849208e+05 1.165332e+05 1.304461e+08
8.843805e+05 1.173576e+05 1.302971e+08
8.838452e+05 1.181821e+05 1.301494e+08
8.833147e+05 1.190065e+05 1.300032e+08
8.827689e+05 1.198627e+05 1.298529e+08
8.822481e+05 1.206871e+05 1.297095e+08
8.817122e+05 1.215433e+05 1.295620e+08
8.811813e+05 1.223995e+05 1.294160e+08
8.806552e+05 1.232556e+05 1.292714e+08
8.801147e+05 1.241435e+05 1.291229e+08
8.795984e+05 1.249997e+05 1.289811e+08
8.790679e+05 1.258875e+05 1.288355e+08
8.785423e+05 1.267754e+05 1.286914e+08
8.780217e+05 1.276633e+05 1.285486e+08
8.775060e+05 1.285512e+05 1.284073e+08
8.769769e+05 1.294708e+05 1.282624e+08
8.764528e+05 1.303903e+05 1.281190e+08
8.759338e+05 1.313099e+05 1.279770e+08
8.754197e+05 1.322295e+05 1.278364e+08
8.749104e+05 1.331491e+05 1.276972e+08
8.743886e+05 1.341004e+05 1.275546e+08
8.738890e+05 1.350200e+05 1.274182e+08
8.733770e+05 1.359713e+05 1.272785e+08
8.728700e+05 1.369226e+05 1.271402e+08
8.723511e+05 1.379056e+05 1.269987e+08
8.718538e+05 1.388569e+05 1.268632e+08
8.713449e+05 1.398399e+05 1.267246e+08
8.708409e+05 1.408229e+05 1.265874e+08
8.703418e+05 1.418059e+05 1.264516e+08
8.698317e+05 1.428206e+05 1.263129e+08
8.693266e+05 1.438353e+05 1.261757e+08
8.688265e+05 1.448500e+05 1.260398e+08
8.683314e+05 1.458647e+05 1.259054e+08
8.678463e+05 1.468794e+05 1.257723e+08
8.673520e+05 1.479259e+05 1.256364e+08
8.668773e+05 1.489406e+05 1.255061e+08
8.663926e+05 1.499870e+05 1.253730e+08
8.658982e+05 1.510651e+05 1.252374e+08
8.654232e+05 1.521115e+05 1.251071e+08
8.649387e+05 1.531897e+05 1.249743e+08
8.644591e+05 1.542678e+05 1.248429e+08
8.639843e+05 1.553459e+05 1.247129e+08
8.635005e+05 1.564558e+05 1.245805e+08
8.630353e+05 1.575339e+05 1.244533e+08
8.625614e+05 1.586438e+05 1.243237e+08
8.620789e+05 1.597853e+05 1.241918e+08
8.616146e+05 1.608952e+05 1.240650e+08
8.611420e+05 1.620367e+05 1.239360e+08
8.606743e+05 1.631783e+05 1.238084e+08
8.602115e+05 1.643198e+05 1.236822e+08
8.597534e+05 1.654614e+05 1.235573e+08
8.592875e+05 1.666346e+05 1.234303e+08
8.588266e+05 1.678079e+05 1.233048e+08
8.583704e+05 1.689812e+05 1.231806e+08
8.579069e+05 1.701861e+05 1.230545e+08
8.574484e+05 1.713911e+05 1.229298e+08
8.569948e+05 1.725961e+05 1.228065e+08
8.565459e+05 1.738010e+05 1.226846e+08
8.561019e+05 1.750060e+05 1.225640e+08
8.556510e+05 1.762427e+05 1.224416e+08
8.552050e+05 1.774794e+05 1.223206e+08
8.547526e+05 1.787478e+05 1.221979e+08
8.543163e+05 1.799845e+05 1.220796e+08
8.538736e+05 1.812528e+05 1.219597e+08
8.534249e+05 1.825529e+05 1.218382e+08
8.529920e+05 1.838213e+05 1.217210e+08
8.525532e+05 1.851214e+05 1.216023e+08
8.521192e+05 1.864215e+05 1.214849e+08
8.516900e+05 1.877216e+05 1.213689e+08
8.512553e+05 1.890535e+05 1.212514e+08
8.508255e+05 1.903853e+05 1.211354e+08
8.504005e+05 1.917171e+05 1.210206e+08
8.499704e+05 1.930806e+05 1.209046e+08
8.495550e+05 1.944124e+05 1.207925e+08
8.491248e+05 1.958076e+05 1.206766e+08
8.487093e+05 1.971712e+05 1.205646e+08
8.482890e+05 1.985664e+05 1.204514e+08
8.478735e+05 1.999616e+05 1.203395e+08
8.474629e+05 2.013569e+05 1.202290e+08
8.470478e+05 2.027838e+05 1.201174e+08
8.466376e+05 2.042107e+05 1.200071e+08
8.462322e+05 2.056377e+05 1.198981e+08
8.458227e+05 2.070963e+05 1.197881e+08
8.454180e+05 2.085550e+05 1.196795e+08
8.450182e+05 2.100136e+05 1.195721e+08
